symbol,trade_id,price,quantity,buyer_order_id,seller_order_id,is_buyer_market_maker,knowledge,decision,decision_norm,entropy,delta_t,cosine_similarity,delta_h_over_delta_d,frobenius_norm,timestamp
XRPUSDT,1590708254.0,1.4978,3.4,,,False,0.0024835707650561634,0.500620892372119,0.500620892372119,,1.0,1.0,,0.004967141530112327,2026-03-17 14:05:24.917000
XRPUSDT,1590708255.0,1.4978,3.7,,,False,0.0070245989181115,0.5012417828293724,0.708862927305368,-7.786333319074747e-06,1.0,1.0,,0.009934283060224654,2026-03-17 14:05:24.917000
XRPUSDT,1590708256.0,1.4978,3.4,,,False,0.012905012247809947,0.5018626694569183,0.8692516419215278,-2.1134170346825267e-05,1.0,1.0000000000000002,-0.021498026266903208,0.014901424709770753,2026-03-17 14:05:24.917000
XRPUSDT,1590708257.0,1.4978,3.6,,,False,0.019868566210024637,0.5024835503399621,1.0049671007023173,-4.115557233873822e-05,1.0,0.9999999999999998,-0.03224676832335439,0.019868566512339043,2026-03-17 14:05:24.917000
XRPUSDT,1590708258.0,1.4978,3.6,,,False,0.027767165638500537,0.5031044235637796,1.124975690957084,-6.785013889102079e-05,1.0,0.9999999999999999,-0.04299519697136657,0.024835708537344927,2026-03-17 14:05:24.917000
XRPUSDT,1590708259.0,1.4978,3.4,,,False,0.036500887591956854,0.5037252872137418,1.2338699244368256,-0.00010121734691163946,1.0,0.9999999999999999,-0.05374321402557865,0.02980285085270619,2026-03-17 14:05:24.917000
XRPUSDT,1590708260.0,1.4978,3.4,,,False,0.04599637615028956,0.5043461393753373,1.334374459956604,-0.00014125655041596788,1.0,0.9999999999999998,-0.0644907209494586,0.034769993525908,2026-03-17 14:05:24.917000
XRPUSDT,1590708261.0,1.4978,3.4,,,False,0.056196794828427356,0.5049669781341966,1.4282622989266758,-0.00018796698058694665,1.0,0.999999999999999,-0.07523761927623379,0.03973713662426812,2026-03-17 14:05:24.917000
XRPUSDT,1590708262.0,1.4978,3.5,,,False,0.067056416501009,0.5055878015761154,1.516763406189287,-0.00024134774579886612,1.0,0.9999999999999987,-0.08598381054512275,0.04470428021502439,2026-03-17 14:05:24.917000
XRPUSDT,1590708263.0,1.4978,3.5,,,False,0.07853741264783572,0.5062086077870784,1.6007721740821597,-0.0003013978316448876,1.0,0.9999999999999978,-0.09672919630244356,0.049671424365368914,2026-03-17 14:05:24.917000
XRPUSDT,1590708264.0,1.4978,3.5,,,False,0.09060780971272336,0.5068293948532829,1.6809629388668024,-0.00036811610096830363,1.0,0.9999999999999966,-0.10747367810243315,0.05463856914246282,2026-03-17 14:05:24.917000
XRPUSDT,1590708265.0,1.4978,3.4,,,False,0.10324011752917758,0.5074501608611622,1.757858926726655,-0.00044150129389753534,1.0,0.9999999999999943,-0.11821715750824446,0.059605714613442974,2026-03-17 14:05:24.917000
XRPUSDT,1590708266.0,1.4978,3.6,,,False,0.1164103696606134,0.5080709038974094,1.8318757023329644,-0.0005215520278848634,1.0,0.9999999999999923,-0.1289595360928955,0.06457286084542496,2026-03-17 14:05:24.917000
XRPUSDT,1590708267.0,1.4978,3.4,,,False,0.1300974289822607,0.5086916220490008,1.9033497743272076,-0.0006082667977488943,1.0,0.9999999999999889,-0.13970071544019666,0.06954000790550412,2026-03-17 14:05:24.917000
XRPUSDT,1590708268.0,1.4978,3.4,,,False,0.14428247104970215,0.5093123134032194,1.9725581197916022,-0.0007016439757207545,1.0,0.9999999999999851,-0.1504405971457644,0.07450715586075578,2026-03-17 14:05:24.917000
XRPUSDT,1590708269.0,1.4979,6.7,,,False,0.16214694963488313,0.510132792994717,2.040531187398658,-0.0009867950404635172,0.101,0.9999999999999817,-0.3475419348606343,0.07947429630838761,2026-03-17 14:05:25.018000
XRPUSDT,1590708270.0,1.4979,3.7,,,False,0.1773772727962092,0.5107534147518253,2.105890293097702,-0.0009321021439540031,0.101,0.9999999999999808,0.08812597348237886,0.08444143710010396,2026-03-17 14:05:25.018000
XRPUSDT,1590708271.0,1.4979,3.4,,,False,0.19305660508917274,0.5113740033601111,2.1695761685648773,-0.0010468826947038798,0.101,0.9999999999999802,-0.18495433080368306,0.08940857818439772,2026-03-17 14:05:25.018000
XRPUSDT,1590708272.0,1.4979,3.4,,,False,0.20917243993793205,0.5119945569084547,2.2317325490380626,-0.0011683172505941434,0.101,0.9999999999999809,-0.1956874732476936,0.0943757195396258,2026-03-17 14:05:25.018000
XRPUSDT,1590708273.0,1.4979,3.6,,,False,0.2257132612020671,0.5126150734861687,2.2924843174182006,-0.0012964035346608286,0.101,0.9999999999999816,-0.20641879470578844,0.09934286114982428,2026-03-17 14:05:25.018000
XRPUSDT,1590708274.0,1.4979,3.6,,,False,0.24266841889307197,0.5132355511830214,2.351940779341666,-0.0014311391423084598,0.101,0.9999999999999821,-0.21714818813160056,0.10431000300335524,2026-03-17 14:05:25.018000
XRPUSDT,1590708275.0,1.4979,3.4,,,False,0.26002802574653533,0.5138559880892599,2.4101982421415507,-0.0015725215462724551,0.101,0.9999999999999828,-0.22787555437531087,0.10927714509192325,2026-03-17 14:05:25.018000
XRPUSDT,1590708276.0,1.4979,3.4,,,False,0.27778287030205373,0.5144763822956345,2.467342070300145,-0.001720548096697241,0.101,0.9999999999999831,-0.23860079430755374,0.11424428740984764,2026-03-17 14:05:25.018000
XRPUSDT,1590708277.0,1.4979,3.4,,,False,0.29592434325013345,0.5150967318934213,2.5234483416142184,-0.0018752160212181506,0.101,0.9999999999999833,-0.2493238088212144,0.11921142995351722,2026-03-17 14:05:25.018000
XRPUSDT,1590708278.0,1.4979,3.5,,,False,0.3144443745506279,0.5157170349744462,2.578585194904948,-0.002036522425047094,0.101,0.999999999999984,-0.26004449883180414,0.12417857272097559,2026-03-17 14:05:25.018000
XRPUSDT,1590708279.0,1.4979,3.5,,,False,0.333335379378065,0.516337289631108,2.632813936658841,-0.0022044642910619364,0.101,0.9999999999999846,-0.2707627652788556,0.1291457157116021,2026-03-17 14:05:25.018000
XRPUSDT,1590708280.0,1.4979,3.5,,,False,0.3525902113618592,0.5169574939564021,2.6861899572562598,-0.002379038479899667,0.101,0.9999999999999848,-0.28147850912673417,0.13411285892586405,2026-03-17 14:05:25.018000
XRPUSDT,1590708281.0,1.4979,3.4,,,False,0.3722021219023873,0.5175776460439436,2.7387634953302404,-0.0025602417300532826,0.016,0.9999999999999848,-0.2921916313657261,0.13907999962790243,2026-03-17 14:05:25.034000
XRPUSDT,1590708282.0,1.4979,3.6,,,False,0.39216471738411807,0.5181977439879915,2.7905802781104114,-0.002748069641033242,0.016,0.9999999999999853,-0.30290039304738076,0.1440471404438824,2026-03-17 14:05:25.034000
XRPUSDT,1590708283.0,1.4979,3.4,,,False,0.4124719489290567,0.5188177858834705,2.8416820696465086,-0.0029425205524144164,0.016,0.9999999999999858,-0.3136093105949611,0.1490142813664368,2026-03-17 14:05:25.034000
XRPUSDT,1590708284.0,1.4979,3.6,,,False,0.43311806426195854,0.5194377698259962,2.8921071275706254,-0.0031435899879559675,0.016,0.9999999999999867,-0.32431394065211844,0.15398142238928622,2026-03-17 14:05:25.034000
XRPUSDT,1590708285.0,1.4979,3.4,,,False,0.4540975898822462,0.5200576939118974,2.941890599871638,-0.0033512741971523353,0.016,0.999999999999987,-0.3350155509677643,0.15894856350706865,2026-03-17 14:05:25.034000
XRPUSDT,1590708286.0,1.4979,3.4,,,False,0.4754053092480902,0.5206775562382393,2.991064864649245,-0.0035655693078457274,0.016,0.9999999999999877,-0.3457140425972332,0.16391570471520048,2026-03-17 14:05:25.034000
XRPUSDT,1590708287.0,1.4979,3.5,,,False,0.49703624327841694,0.5212973549028475,3.0396598236969523,-0.0037864713263455656,0.016,0.9999999999999881,-0.35640931662783887,0.16888284600976167,2026-03-17 14:05:25.034000
XRPUSDT,1590708288.0,1.4979,3.4,,,False,0.5189856328654846,0.5219170880043308,3.0877031573501874,-0.0040139761375515845,0.016,0.9999999999999887,-0.36710127417994215,0.1738499873874013,2026-03-17 14:05:25.034000
XRPUSDT,1590708289.0,1.4979,3.5,,,False,0.541248923139067,0.5225367536421046,3.135220546661312,-0.004248079505080644,0.016,0.9999999999999888,-0.37778981640822573,0.17881712884525772,2026-03-17 14:05:25.034000
XRPUSDT,1590708290.0,1.4979,3.5,,,False,0.563821749262916,0.5231563499164141,3.182235867873786,-0.0044887770713973475,0.016,0.9999999999999895,-0.3884748445024749,0.1837842703808931,2026-03-17 14:05:25.034000
XRPUSDT,1590708291.0,1.4979,3.4,,,False,0.5866999235768373,0.5237758749283578,3.2287713632980637,-0.004736064357948166,0.01,0.9999999999999897,-0.399156259688385,0.18875141162855077,2026-03-17 14:05:25.044000
XRPUSDT,1590708292.0,1.4979,3.6,,,False,0.6098794228087445,0.5243953267799101,3.27484779171459,-0.00498993652042139,0.01,0.9999999999999903,-0.40983356791497355,0.19371855293952087,2026-03-17 14:05:25.044000
XRPUSDT,1590708293.0,1.4979,3.4,,,False,0.633356380737048,0.5250147035739451,3.3204845625187853,-0.005250389295311532,0.01,0.9999999999999909,-0.42050780300209234,0.1986856943116029,2026-03-17 14:05:25.044000
XRPUSDT,1590708294.0,1.4979,3.6,,,False,0.6571270752728959,0.5256340034142597,3.3656998532653017,-0.005517417627407764,0.01,0.9999999999999911,-0.4311777828984714,0.20365283574287518,2026-03-17 14:05:25.044000
XRPUSDT,1590708295.0,1.4979,3.4,,,False,0.6811879206527226,0.526253224405596,3.410510715307115,-0.0057910165553628655,0.01,0.9999999999999916,-0.4418437549487469,0.20861997723166165,2026-03-17 14:05:25.044000
XRPUSDT,1590708296.0,1.4979,3.5,,,False,0.7055354593141188,0.5268723646536656,3.4549331678922255,-0.006071180997534483,0.01,0.999999999999992,-0.45250562056838783,0.21358711877650272,2026-03-17 14:05:25.044000
XRPUSDT,1590708297.0,1.4979,3.4,,,False,0.7301663544337842,0.5274914222651715,3.498982282420586,-0.006357905752141442,0.01,0.9999999999999922,-0.46316328121621003,0.2185542603761313,2026-03-17 14:05:25.044000
XRPUSDT,1590708298.0,1.4979,3.4,,,False,0.7550773830597632,0.5281103953478321,3.5426722580884493,-0.006651185497423679,0.01,0.9999999999999926,-0.4738166383934115,0.22352140202945062,2026-03-17 14:05:25.044000
XRPUSDT,1590708299.0,1.4979,3.5,,,False,0.7802654297784596,0.5287292820104038,3.586016489970587,-0.006951014791805707,0.01,0.9999999999999927,-0.48446559364541075,0.22848854373551622,2026-03-17 14:05:25.044000
XRPUSDT,1590708300.0,1.4979,3.5,,,False,0.8057274808640532,0.5293480803627036,3.6290276304428297,-0.007257388074063843,0.01,0.9999999999999929,-0.4951100485634226,0.23345568549351955,2026-03-17 14:05:25.044000
XRPUSDT,1590708301.0,1.4979,3.4,,,False,0.8314606188640737,0.5299667885156333,3.6717176447229103,-0.007570299663496964,0.024,0.9999999999999933,-0.5057499047837944,0.23842282867293632,2026-03-17 14:05:25.068000
XRPUSDT,1590708302.0,1.4979,3.6,,,False,0.8574620223098636,0.5305854045812007,3.7140978623804854,-0.007889745217123122,0.024,0.9999999999999936,-0.5163874192842539,0.24338997193399292,2026-03-17 14:05:25.068000
XRPUSDT,1590708303.0,1.4979,3.4,,,False,0.8837289470746194,0.5312039266725443,3.756179019561514,-0.008215716056391806,0.024,0.9999999999999936,-0.5270156779050217,0.24835711527793589,2026-03-17 14:05:25.068000
XRPUSDT,1590708304.0,1.4979,3.4,,,False,0.9102587358217759,0.5318223529039551,3.7979713040118424,-0.008548207455376357,0.024,0.9999999999999938,-0.5376411641305785,0.253324258706036,2026-03-17 14:05:25.068000
XRPUSDT,1590708305.0,1.4979,3.5,,,False,0.937048809438793,0.5324406813908997,3.8394843918654677,-0.008887213257641698,0.024,0.999999999999994,-0.5482616593333273,0.2582914022195853,2026-03-17 14:05:25.068000
XRPUSDT,1590708306.0,1.4979,3.6,,,False,0.9640966632730229,0.5330589102500431,3.880727482276282,-0.009232727188190678,0.024,0.9999999999999939,-0.558877065408597,0.26325854581989594,2026-03-17 14:05:25.068000
XRPUSDT,1590708307.0,1.4979,3.4,,,False,0.9913998636163823,0.5336770375992719,3.9217093291053,-0.009584742853656104,0.024,0.9999999999999943,-0.5694872843025917,0.26822568950829645,2026-03-17 14:05:25.068000
XRPUSDT,1590708308.0,1.4979,3.4,,,False,1.0189560444180805,0.5342950615577161,3.962438269963113,-0.00994325374249707,0.024,0.9999999999999942,-0.5800922180160331,0.27319283328613203,2026-03-17 14:05:25.068000
XRPUSDT,1590708309.0,1.4979,3.5,,,False,1.0467629042067228,0.534912980245773,4.00292225287191,-0.010308253225197715,0.024,0.9999999999999942,-0.5906917686021024,0.27815997715476104,2026-03-17 14:05:25.068000
XRPUSDT,1590708310.0,1.4979,3.5,,,False,1.074818203204949,0.5355307917851296,4.043168860780806,-0.010679734554470664,0.024,0.9999999999999944,-0.6012858381697217,0.283127121115555,2026-03-17 14:05:25.068000
XRPUSDT,1590708311.0,1.4979,3.4,,,False,1.1031197606213965,0.5361484942987842,4.083185334141565,-0.011057690865463059,0.001,0.9999999999999939,-0.6118743288840827,0.28809426186026854,2026-03-17 14:05:25.069000
XRPUSDT,1590708312.0,1.498,3.7,,,False,1.1378068238058692,0.5369648843145317,4.124505588112703,-0.013941179415815365,0.088,0.9999999999999943,-3.5319987931406596,0.29306141567267446,2026-03-17 14:05:25.157000
XRPUSDT,1590708313.0,1.498,3.4,,,False,1.1666464428970265,0.5375823264464769,4.164094857410113,-0.011917396110398243,0.088,0.9999999999999941,3.27768903466555,0.29802856982470827,2026-03-17 14:05:25.157000
XRPUSDT,1590708314.0,1.498,3.6,,,False,1.1957256789821962,0.5381996533271577,4.203473743003365,-0.01231610869297102,0.088,0.9999999999999938,-0.6458694656760233,0.3029957242526534,2026-03-17 14:05:25.157000
XRPUSDT,1590708315.0,1.498,3.6,,,False,1.2250425732411814,0.5388168630855038,4.242648310786297,-0.012721265482544803,0.088,0.9999999999999931,-0.6564328967504459,0.30796287896577623,2026-03-17 14:05:25.157000
XRPUSDT,1590708316.0,1.498,3.4,,,False,1.2545952146540063,0.539433953851877,4.28162437375326,-0.013132859228236766,0.088,0.9999999999999926,-0.6669906083849253,0.31293003397311037,2026-03-17 14:05:25.157000
XRPUSDT,1590708317.0,1.498,3.4,,,False,1.2843817375740307,0.5400509237580938,4.320407506039919,-0.01355088233552338,0.088,0.9999999999999918,-0.6775421346721099,0.317897189283472,2026-03-17 14:05:25.157000
XRPUSDT,1590708318.0,1.498,3.4,,,False,1.314400319960495,0.5406677709374479,4.359003056102268,-0.01397532709395724,0.088,0.9999999999999911,-0.6880873782681821,0.322864344905477,2026-03-17 14:05:25.157000
XRPUSDT,1590708319.0,1.498,3.4,,,False,1.344649181705972,0.5412844935247317,4.397416158979988,-0.014406185677400516,0.088,0.9999999999999899,-0.6986262418907853,0.3278315008475545,2026-03-17 14:05:25.157000
XRPUSDT,1590708320.0,1.498,3.5,,,False,1.375126583052277,0.5419010896562605,4.435651747720504,-0.014843450144264931,0.088,0.9999999999999887,-0.7091586283233461,0.33279865711796164,2026-03-17 14:05:25.157000
XRPUSDT,1590708321.0,1.498,3.5,,,False,1.405830823088909,0.5425175574698925,4.473714564032756,-0.015287112437752352,0.088,0.9999999999999873,-0.7196844404146973,0.3377658137247935,2026-03-17 14:05:25.157000
XRPUSDT,1590708322.0,1.498,3.5,,,False,1.436760238328575,0.5431338951050529,4.511609168233048,-0.015737164386101142,0.088,0.9999999999999855,-0.7302035810804112,0.34273297067599634,2026-03-17 14:05:25.157000
XRPUSDT,1590708323.0,1.498,3.6,,,False,1.4679132013547818,0.5437501007027552,4.549339948539495,-0.016193597702833927,0.087,0.9999999999999838,-0.7407159533031826,0.3477001277668386,2026-03-17 14:05:25.244000
XRPUSDT,1590708324.0,1.498,3.4,,,False,1.4992881186458984,0.5443661724056235,4.586911129545327,-0.016656403509105824,0.087,0.9999999999999823,-0.7512206844060535,0.35266728521438123,2026-03-17 14:05:25.244000
XRPUSDT,1590708325.0,1.498,3.4,,,False,1.5308834320002838,0.5449821083579145,4.624326781016232,-0.017125574211391416,0.087,0.9999999999999791,-0.7617199491935234,0.35763444302605224,2026-03-17 14:05:25.244000
XRPUSDT,1590708326.0,1.498,3.4,,,False,1.562697614752226,0.5455979067055402,4.6615908248694575,-0.01760110073542892,0.087,0.9999999999999777,-0.7722114323154019,0.36260160120916796,2026-03-17 14:05:25.244000
XRPUSDT,1590708327.0,1.498,3.6,,,False,1.5947291715306293,0.5462135655960892,4.698707042545502,-0.01808297433839508,0.087,0.9999999999999749,-0.782695759556769,0.36756875977094045,2026-03-17 14:05:25.244000
XRPUSDT,1590708328.0,1.498,3.5,,,False,1.626976637204312,0.5468290831788494,4.7356790817275805,-0.01857118616404559,0.087,0.9999999999999718,-0.7931728342531665,0.3725359187184842,2026-03-17 14:05:25.244000
XRPUSDT,1590708329.0,1.498,3.4,,,False,1.659438575876411,0.5474444576048288,4.772510462655833,-0.019065727242982295,0.087,0.9999999999999691,-0.8036425598115442,0.37750307805882083,2026-03-17 14:05:25.244000
XRPUSDT,1590708330.0,1.498,3.4,,,False,1.6921135799249862,0.5480596870267789,4.809204584065653,-0.019566588492927,0.087,0.9999999999999661,-0.8141048397152081,0.3824702377988861,2026-03-17 14:05:25.244000
XRPUSDT,1590708331.0,1.498,3.5,,,False,1.7250002690871356,0.5486747695992155,4.845764728777041,-0.020073760718995047,0.087,0.9999999999999628,-0.8245595775197062,0.3874373979455314,2026-03-17 14:05:25.244000
XRPUSDT,1590708332.0,1.498,3.5,,,False,1.7580972895841092,0.5492897034784409,4.882194068959677,-0.02058723461397595,0.087,0.99999999999996,-0.8350066768604446,0.39240455850553374,2026-03-17 14:05:25.244000
XRPUSDT,1590708333.0,1.498,3.4,,,False,1.791403313285101,0.5499044868225658,4.9184956710963315,-0.021107000758613527,0.087,0.9999999999999558,-0.8454460414463977,0.39737171948559447,2026-03-17 14:05:25.244000
XRPUSDT,1590708334.0,1.498,3.6,,,False,1.824917036907541,0.5505191177915306,4.9546725006654055,-0.0216330496218923,0.007,0.999999999999952,-0.8558775750670807,0.40233885810722886,2026-03-17 14:05:25.251000
XRPUSDT,1590708335.0,1.498,3.4,,,False,1.8586370785323134,0.5511335945471276,4.990727401150437,-0.022165303439450692,0.007,0.9999999999999493,-0.8661903199922885,0.40730599687366875,2026-03-17 14:05:25.251000
XRPUSDT,1590708336.0,1.498,3.5,,,False,1.8925622824519326,0.5517479152530224,5.026663173826146,-0.02270388450986918,0.004,0.9999999999999469,-0.8767099419741443,0.4122731348842933,2026-03-17 14:05:25.255000
XRPUSDT,1590708337.0,1.498,3.4,,,False,1.926691411314252,0.5523620780747749,5.062482505696652,-0.023248716073059172,0.004,0.9999999999999445,-0.8871125764912041,0.4172402730219447,2026-03-17 14:05:25.255000
XRPUSDT,1590708338.0,1.498,3.6,,,False,1.961023257831025,0.5529760811798622,5.098188001044222,-0.023799793607724773,0.004,0.9999999999999429,-0.8975158758965001,0.4222074112831578,2026-03-17 14:05:25.255000
XRPUSDT,1590708339.0,1.498,3.4,,,False,1.9955566320488882,0.5535899227376987,5.133782181977097,-0.024357104374661768,0.004,0.9999999999999407,-0.907906543345237,0.4271745496646384,2026-03-17 14:05:25.255000
XRPUSDT,1590708340.0,1.498,3.4,,,False,2.0302903647266293,0.5542036009196584,5.1692674927684665,-0.02492063817477427,0.004,0.9999999999999396,-0.9182887980683191,0.43214168816325715,2026-03-17 14:05:25.255000
XRPUSDT,1590708341.0,1.498,615.5,,,False,2.0652233067412222,0.5548171138990957,5.204646303032389,-0.025490384699259853,0.004,0.9999999999999384,-0.9286625443655607,0.4371088267760345,2026-03-17 14:05:25.255000
XRPUSDT,1590708342.0,1.498,9.1,,,False,2.1003543285174415,0.5554304598513677,5.239920910736122,-0.026066333529923144,0.013,0.9999999999999369,-0.9390276866257871,0.4420759685942971,2026-03-17 14:05:25.268000
XRPUSDT,1590708343.0,1.498,3.4,,,False,2.1356823340990876,0.5560436369538543,5.275093548667941,-0.026648485255897088,0.01,0.9999999999999365,-0.9494022585207722,0.44704310950191567,2026-03-17 14:05:25.278000
XRPUSDT,1590708344.0,1.498,3.3,,,False,2.1712062120862616,0.5566566433859799,5.310166375168814,-0.027236803756251687,0.01,0.9999999999999353,-0.9597264718978871,0.45201025054016397,2026-03-17 14:05:25.278000
XRPUSDT,1590708345.0,1.498,0.2,,,False,2.206924893248009,0.5572694773292347,5.345141491062954,-0.027831296334169274,0.021,0.9999999999999342,-0.9700712313031461,0.45697739574750934,2026-03-17 14:05:25.299000
XRPUSDT,1590708346.0,1.498,3.5,,,False,2.24283734033931,0.5578821369671964,5.38002093971049,-0.028431963955894146,0.021,0.999999999999934,-0.9804262995410153,0.4619445411266574,2026-03-17 14:05:25.299000
XRPUSDT,1590708347.0,1.498,3.4,,,False,2.278942494737569,0.5584946204855497,5.414806696292518,-0.029038765527788342,0.021,0.9999999999999335,-0.9907231030895619,0.4669116866774353,2026-03-17 14:05:25.299000
XRPUSDT,1590708348.0,1.498,3.4,,,False,2.315239333368112,0.5591069260721089,5.449500684188935,-0.029651704658089015,0.021,0.9999999999999324,-1.0010346855481227,0.4718788323997278,2026-03-17 14:05:25.299000
XRPUSDT,1590708349.0,1.498,3.3,,,False,2.3517268492800687,0.5597190519168381,5.48410477240642,-0.03027077017262429,0.021,0.9999999999999319,-1.0113369985367855,0.4768459782934755,2026-03-17 14:05:25.299000
XRPUSDT,1590708350.0,1.498,0.1,,,False,2.3884040512272624,0.5603309962118722,5.518620777592829,-0.03089595079043497,0.071,0.9999999999999313,-1.0216299471765804,0.48181314476381665,2026-03-17 14:05:25.370000
XRPUSDT,1590708351.0,1.498,3.6,,,False,2.425270063899924,0.5609427571515379,5.5530504907425415,-0.031527321819444454,0.071,0.9999999999999301,-1.032055151076763,0.48678031161789725,2026-03-17 14:05:25.370000
XRPUSDT,1590708352.0,1.498,3.4,,,False,2.4623238277184503,0.5615543329323741,5.587395605171846,-0.03216470279867761,0.071,0.9999999999999288,-1.0421946048314852,0.4917474788619692,2026-03-17 14:05:25.370000
XRPUSDT,1590708353.0,1.498,3.6,,,False,2.499564396222276,0.5621657217531536,5.621657791631288,-0.03280816453331609,0.071,0.9999999999999268,-1.0524591107474046,0.4967146465021936,2026-03-17 14:05:25.370000
XRPUSDT,1590708354.0,1.498,3.5,,,False,2.536990837123255,0.5627769218149024,5.65583867567928,-0.0334576953211268,0.071,0.999999999999925,-1.06271387792777,0.5016818145446496,2026-03-17 14:05:25.370000
XRPUSDT,1590708355.0,1.498,3.4,,,False,2.5746022319554887,0.5633879313209216,5.689939839275111,-0.034113283354831485,0.071,0.9999999999999232,-1.072958812009152,0.5066489829953374,2026-03-17 14:05:25.370000
XRPUSDT,1590708356.0,1.498,3.4,,,False,2.6123976757371414,0.5639987484768071,5.723962822301063,-0.034774916722454606,0.071,0.9999999999999206,-1.0831938187196781,0.511616151860182,2026-03-17 14:05:25.370000
XRPUSDT,1590708357.0,1.498,68.2,,,False,2.650376276643729,0.5646093714904709,5.757909124017412,-0.0354425834076814,0.071,0.9999999999999177,-1.0934188038881176,0.516583321145034,2026-03-17 14:05:25.370000
XRPUSDT,1590708358.0,1.498,86.0,,,False,2.688537155692376,0.5652197985721605,5.791780204453898,-0.03611627129021333,0.071,0.9999999999999147,-1.1036336734391625,0.5215504908556757,2026-03-17 14:05:25.370000
XRPUSDT,1590708359.0,1.498,3.4,,,False,2.7268794464365924,0.5658300279344807,5.825577485741008,-0.03679596814613282,0.071,0.9999999999999114,-1.1138383334017754,0.5265176609978216,2026-03-17 14:05:25.370000
XRPUSDT,1590708360.0,1.498,3.5,,,False,2.7654022946710977,0.5664400577924125,5.859302353384205,-0.0374816616482663,0.071,0.999999999999908,-1.124032689905071,0.5314848315771219,2026-03-17 14:05:25.370000
XRPUSDT,1590708361.0,1.498,3.5,,,False,2.8041048581462977,0.5670498863633343,5.89295615748406,-0.03817333936655362,0.071,0.9999999999999041,-1.134216649183473,0.5364520025991646,2026-03-17 14:05:25.370000
XRPUSDT,1590708362.0,1.498,3.6,,,False,2.842986306291987,0.5676595118670419,5.926540213905054,-0.03887098876841556,0.071,0.9999999999998996,-1.1443901175705828,0.5414191740694784,2026-03-17 14:05:25.370000
XRPUSDT,1590708363.0,1.498,3.4,,,False,2.882045819949915,0.5682689325257684,5.960055805395656,-0.039574597219128836,0.071,0.9999999999998953,-1.154553001507381,0.5463863459935342,2026-03-17 14:05:25.370000
XRPUSDT,1590708364.0,1.498,3.4,,,True,2.921282591114846,0.5688781465642048,5.993504182662125,-0.040284151982200644,0.779,0.9999999999998911,-1.1647052075374908,0.5513538959025737,2026-03-17 14:05:26.149000
XRPUSDT,1590708365.0,1.498,0.3,,,True,2.9606978140477747,0.5694871522095194,6.026887053624074,-0.04100172490205371,0.779,0.9999999999998695,-1.1782697342359583,0.5563214496606845,2026-03-17 14:05:26.149000
XRPUSDT,1590708366.0,1.498,3.1,,,True,3.0002887468285655,0.5700959476913784,6.0602051281824405,-0.04172322601454931,0.779,0.9999999999998329,-1.1851288880995796,0.5612890073595359,2026-03-17 14:05:26.149000
XRPUSDT,1590708367.0,1.498,0.6,,,True,3.0400546140146596,0.5707045312419653,6.093459567058726,-0.04245063700815506,0.779,0.9999999999997785,-1.1952524725721736,0.5662565690888126,2026-03-17 14:05:26.149000
XRPUSDT,1590708368.0,1.498,2.8,,,True,3.079994650356927,0.5713129010960011,6.126651502807999,-0.04318394477929915,0.779,0.9999999999997046,-1.2053650690932423,0.5712241349365592,2026-03-17 14:05:26.149000
XRPUSDT,1590708369.0,1.498,0.9,,,True,3.120108100579867,0.5719210554907638,6.159782040693743,-0.043923136126213055,0.779,0.9999999999996083,-1.2154665875634172,0.576191704989243,2026-03-17 14:05:26.149000
XRPUSDT,1590708370.0,1.498,2.5,,,True,3.160394219167034,0.5725289926661083,6.192852259528057,-0.04466819774783089,0.779,0.9999999999994877,-1.2255569355427813,0.5811592793318168,2026-03-17 14:05:26.149000
XRPUSDT,1590708371.0,1.498,1.2,,,True,3.200852270152871,0.5731367108644861,6.225863212479208,-0.045419116244182975,0.779,0.999999999999342,-1.235636020702596,0.5861268580477778,2026-03-17 14:05:26.149000
XRPUSDT,1590708372.0,1.498,2.2,,,True,3.2414815269207105,0.5737442083309647,6.2588159278480555,-0.046175878116787944,0.779,0.9999999999991677,-1.2457037508182582,0.5910944412192219,2026-03-17 14:05:26.149000
XRPUSDT,1590708373.0,1.498,1.5,,,True,3.2822812720066974,0.5743514833132471,6.29171140981479,-0.046938469769051264,0.779,0.9999999999989647,-1.2557600337777075,0.5960620289268965,2026-03-17 14:05:26.149000
XRPUSDT,1590708374.0,1.498,2.1,,,True,3.3232507969094303,0.5749585340616915,6.324550639157376,-0.04770687750665871,0.779,0.9999999999987321,-1.2658047775685686,0.6010296212502523,2026-03-17 14:05:26.149000
XRPUSDT,1590708375.0,1.498,1.6,,,True,3.3643894019050875,0.5755653588293306,6.3573345739429685,-0.04848108753798241,0.779,0.9999999999984676,-1.2758378902955179,0.6059972182674884,2026-03-17 14:05:26.149000
XRPUSDT,1590708376.0,1.498,2.0,,,True,3.405696395867862,0.5761719558718905,6.390064150193558,-0.049261085974482165,0.779,0.9999999999981701,-1.2858592801706248,0.6109648200555984,2026-03-17 14:05:26.149000
XRPUSDT,1590708377.0,1.498,1.7,,,True,3.447171096095481,0.5767783234478109,6.4227402825269655,-0.05004685883111411,0.779,0.9999999999978392,-1.2958688555193154,0.6159324266904134,2026-03-17 14:05:26.149000
XRPUSDT,1590708378.0,1.498,1.7,,,True,3.4888128281396544,0.5773844598182631,6.455363864774351,-0.0508383920267348,0.779,0.9999999999974734,-1.30586652477247,0.6209000382466442,2026-03-17 14:05:26.149000
XRPUSDT,1590708379.0,1.498,2.0,,,True,3.5306209256412595,0.5779903632471702,6.487935770575196,-0.051635671384517946,0.779,0.9999999999970719,-1.3158521964816232,0.6258676547979164,2026-03-17 14:05:26.149000
XRPUSDT,1590708380.0,1.498,1.4,,,True,3.5725947301700876,0.5785960320012253,6.520456853950825,-0.052438682632364286,0.779,0.9999999999966347,-1.3258257793059063,0.6308352764168119,2026-03-17 14:05:26.149000
XRPUSDT,1590708381.0,1.498,2.3,,,True,3.614733591069013,0.5792014643499113,6.55292794985736,-0.05324741140332031,0.779,0.9999999999961597,-1.3357871820218068,0.635802903174901,2026-03-17 14:05:26.149000
XRPUSDT,1590708382.0,1.498,1.3,,,True,3.6570368653024046,0.5798066585655187,6.585349874719,-0.05406184323599524,0.779,0.9999999999956477,-1.3457363135195588,0.6407705351427767,2026-03-17 14:05:26.149000
XRPUSDT,1590708383.0,1.498,2.4,,,True,3.699503917308651,0.5804116129231658,6.617723426942497,-0.054881963574982165,0.779,0.9999999999950969,-1.3556730828036796,0.6457381723900875,2026-03-17 14:05:26.149000
XRPUSDT,1590708384.0,1.498,1.0,,,True,3.7421341188566406,0.5810163257008161,6.650049387413602,-0.05570775777128248,0.779,0.9999999999945072,-1.3655973989983792,0.6507058149855666,2026-03-17 14:05:26.149000
XRPUSDT,1590708385.0,1.4979,3.4,,,True,3.775741402116382,0.5814262360321877,6.680093207426448,-0.044354685004459285,0.019,0.999999999993845,27.696478712391617,0.6556728928962628,2026-03-17 14:05:26.168000
XRPUSDT,1590708386.0,1.4979,3.4,,,True,3.8186580403694603,0.5820305395557017,6.712317922516718,-0.057194432555690546,0.019,0.9999999999933262,-21.24718299931109,0.6606399720494543,2026-03-17 14:05:26.168000
XRPUSDT,1590708387.0,1.4979,6.7,,,True,3.861736066852197,0.5826345969016138,6.744497321641251,-0.05803584610949356,0.019,0.9999999999928437,-1.3929365473282405,0.6656070524543529,2026-03-17 14:05:26.168000
XRPUSDT,1590708388.0,1.4979,3.6,,,True,3.9049748795749326,0.5832384063585153,6.776632119857142,-0.05888287509360879,0.019,0.9999999999923941,-1.4028084098943896,0.6705741340877389,2026-03-17 14:05:26.168000
XRPUSDT,1590708389.0,1.4979,3.6,,,True,3.948373882854089,0.5838419662179307,6.808723016850083,-0.059735503861801154,0.019,0.9999999999919756,-1.412666457007603,0.6755412169271027,2026-03-17 14:05:26.168000
XRPUSDT,1590708390.0,1.4979,3.4,,,True,3.9919324875787896,0.5844452747743349,6.840770697432128,-0.06059371719310704,0.019,0.9999999999915871,-1.4225114532121341,0.6805083009506213,2026-03-17 14:05:26.168000
XRPUSDT,1590708391.0,1.4979,3.4,,,True,4.035650111090868,0.5850483303251729,6.872775831931233,-0.061457499775802615,0.019,0.9999999999912261,-1.4323433081667867,0.6854753861371294,2026-03-17 14:05:26.168000
XRPUSDT,1590708392.0,1.4979,3.4,,,True,4.0795261770679225,0.5856511311708766,6.904739076567911,-0.06232683620784244,0.019,0.9999999999908915,-1.4421619316491063,0.6904424724660988,2026-03-17 14:05:26.168000
XRPUSDT,1590708393.0,1.4979,3.4,,,True,4.12356011540932,0.5862536756148842,6.936661073819557,-0.06320171099731192,0.019,0.9999999999905813,-1.4519672335714693,0.6954095599176138,2026-03-17 14:05:26.168000
XRPUSDT,1590708394.0,1.4979,3.6,,,True,4.16775136212504,0.5868559619636576,6.968542452772901,-0.06408210856287415,0.019,0.9999999999902943,-1.4617591239700687,0.7003766484723499,2026-03-17 14:05:26.168000
XRPUSDT,1590708395.0,1.4979,3.4,,,True,4.2120993592272935,0.5874579885267002,7.0003838294650995,-0.06496801323422488,0.019,0.9999999999900298,-1.4715375130185748,0.7053437381115528,2026-03-17 14:05:26.168000
XRPUSDT,1590708396.0,1.4979,3.4,,,True,4.2566035546248076,0.5880597536165751,7.03218580721385,-0.06585940925254795,0.019,0.999999999989785,-1.4813023110201875,0.710310828817019,2026-03-17 14:05:26.168000
XRPUSDT,1590708397.0,1.4978,3.4,,,True,4.291668920466914,0.5884676418415813,7.061625614419062,-0.0523633759029728,1.828,0.9999999999895072,33.08757772885387,0.7152795184106561,2026-03-17 14:05:27.996000
XRPUSDT,1590708398.0,1.4978,3.4,,,True,4.336460198151335,0.5890689643784514,7.0933458484372816,-0.06748223020218799,1.828,0.9999999999889783,-25.142670317846648,0.7202482163644415,2026-03-17 14:05:27.996000
XRPUSDT,1590708399.0,1.4978,6.7,,,True,4.3814062555480815,0.5896700209382891,7.125028481063866,-0.06838932606524681,1.828,0.9999999999882772,-1.509168893030032,0.7252169262987765,2026-03-17 14:05:27.996000
XRPUSDT,1590708400.0,1.4978,3.6,,,True,4.426506605790379,0.5902708098450646,7.156674078119066,-0.06930192633748303,1.828,0.9999999999873893,-1.5190032005321714,0.7301856484037875,2026-03-17 14:05:27.996000
XRPUSDT,1590708401.0,1.4978,3.6,,,True,4.471760725202018,0.5908713294258905,7.188283183979737,-0.0702199516556486,1.828,0.9999999999863041,-1.5287183756823863,0.735154382866792,2026-03-17 14:05:27.996000
XRPUSDT,1590708402.0,1.4978,3.7,,,True,4.5171680954373725,0.5914715780110392,7.219856332079391,-0.07114338586638916,1.828,0.9999999999850109,-1.538419637443629,0.7401231298723676,2026-03-17 14:05:27.996000
XRPUSDT,1590708403.0,1.4978,3.4,,,True,4.5627282033917425,0.5920715539339608,7.251394045172453,-0.07207221273086652,1.828,0.9999999999834989,-1.548106897280819,0.7450918896024298,2026-03-17 14:05:27.996000
XRPUSDT,1590708404.0,1.4978,3.4,,,True,4.608440541113888,0.5926712555313002,7.28289683559054,-0.07300641592535381,1.828,0.9999999999817593,-1.5577800670066566,0.750060662236309,2026-03-17 14:05:27.996000
XRPUSDT,1590708405.0,1.4978,3.4,,,True,4.6543046057205935,0.593270681142914,7.314365205490982,-0.07394597904170365,1.828,0.9999999999797845,-1.5674390585684415,0.755029447950821,2026-03-17 14:05:27.996000
XRPUSDT,1590708406.0,1.4978,5.4,,,True,4.700319899313196,0.593869829111888,7.3457996470979,-0.07489088558779927,1.828,0.9999999999775644,-1.5770837840170666,0.7599982469203388,2026-03-17 14:05:27.996000
XRPUSDT,1590708407.0,1.4979,186.4,,,False,4.756408576640805,0.5946614448437224,7.379592565273573,-0.0922247732534995,0.195,0.9999999999752128,-21.896845866785362,0.7649654186464212,2026-03-17 14:05:28.191000
XRPUSDT,1590708408.0,1.4979,74.1,,,False,4.802746871098832,0.5952599417677458,7.410964766210038,-0.07698147963731639,0.054,0.9999999999731666,25.4692931648018,0.7699324500496268,2026-03-17 14:05:28.245000
XRPUSDT,1590708409.0,1.4979,3.4,,,False,4.849233805801135,0.5958581555683392,7.442304175913576,-0.07794134531032158,0.449,0.9999999999712627,-1.6045528739942028,0.7748998925956206,2026-03-17 14:05:28.694000
XRPUSDT,1590708410.0,1.4979,0.3,,,False,4.895872330458234,0.5964560846027412,7.473612074720659,-0.07891225929276657,0.449,0.9999999999693104,-1.623794675593843,0.7798673400630012,2026-03-17 14:05:28.694000
XRPUSDT,1590708411.0,1.4979,3.1,,,False,4.94265945295465,0.5970537272315088,7.504888301966365,-0.07988421951369179,0.449,0.9999999999673876,-1.62632344839506,0.7848347924636362,2026-03-17 14:05:28.694000
XRPUSDT,1590708412.0,1.4979,0.6,,,False,4.9895947033920764,0.5976510818185349,7.5361332949335145,-0.08086140981389425,0.449,0.9999999999654935,-1.6358630559237273,0.7898022498093706,2026-03-17 14:05:28.694000
XRPUSDT,1590708413.0,1.4979,2.8,,,False,5.03667761630876,0.5982481467310655,7.567347482469591,-0.08184381302389451,0.449,0.9999999999636254,-1.6453876109322383,0.7947697121122431,2026-03-17 14:05:28.694000
XRPUSDT,1590708414.0,1.4979,0.9,,,False,5.083907730611529,0.5988449203397149,7.5985312851774545,-0.08283141189659814,0.449,0.9999999999617821,-1.654897030280414,0.7997371793844759,2026-03-17 14:05:28.694000
XRPUSDT,1590708415.0,1.4979,2.5,,,False,5.131284589507932,0.5994414010184835,7.62968511560029,-0.08382418910540372,0.449,0.9999999999599625,-1.664391226980065,0.8047046516384662,2026-03-17 14:05:28.694000
XRPUSDT,1590708416.0,1.4979,1.2,,,False,5.178807740439841,0.6000375871447733,7.660809378401373,-0.08482212724470303,0.449,0.9999999999581651,-1.6738701142037307,0.8096721288867799,2026-03-17 14:05:28.694000
XRPUSDT,1590708417.0,1.4979,2.2,,,False,5.226476735018481,0.600633477099404,7.6919044705387964,-0.08582520883037037,0.449,0.9999999999563883,-1.6833336052611345,0.8146396111421407,2026-03-17 14:05:28.694000
XRPUSDT,1590708418.0,1.4979,1.5,,,False,5.274291128960839,0.6012290692666302,7.722970781435338,-0.08683341630025337,0.449,0.9999999999546307,-1.6927816135969846,0.8196070984174243,2026-03-17 14:05:28.694000
XRPUSDT,1590708419.0,1.4979,2.1,,,False,5.3222504820274334,0.6018243620341565,7.754008693143639,-0.08784673201467486,0.449,0.9999999999528917,-1.702214052813643,0.8245745907256496,2026-03-17 14:05:28.694000
XRPUSDT,1590708420.0,1.4979,1.6,,,False,5.370354357961386,0.6024193537931536,7.785018580506843,-0.08886513825692727,0.449,0.9999999999511701,-1.711630836650497,0.8295420880799712,2026-03-17 14:05:28.694000
XRPUSDT,1590708421.0,1.4979,2.0,,,False,5.418602324428778,0.6030140429382753,7.816000811314844,-0.0898886172337795,0.449,0.999999999949464,-1.7210318790041677,0.8345095904936739,2026-03-17 14:05:28.694000
XRPUSDT,1590708422.0,1.4979,1.7,,,False,5.466993952960246,0.6036084278676724,7.846955746456304,-0.09091715107596869,0.449,0.999999999947773,-1.730417093906517,0.8394770979801648,2026-03-17 14:05:28.694000
XRPUSDT,1590708423.0,1.4979,3.7,,,False,5.515528818893789,0.6042025069830109,7.877883740066556,-0.09195072183870953,0.449,0.9999999999460958,-1.7397863955408477,0.8444446105529675,2026-03-17 14:05:28.694000
XRPUSDT,1590708424.0,1.4979,3.7,,,False,5.564206501318746,0.6047962786894853,7.908785139671555,-0.09298931150219873,0.449,0.9999999999444317,-1.7491396982454168,0.8494121282257128,2026-03-17 14:05:28.694000
XRPUSDT,1590708425.0,1.4979,3.7,,,False,5.613026583020932,0.6053897413958358,7.939660286327977,-0.09403290197212005,0.449,0.9999999999427786,-1.7584769165005207,0.854379651012138,2026-03-17 14:05:28.694000
XRPUSDT,1590708426.0,1.4979,3.7,,,False,5.661988650428885,0.6059828935143636,7.970509514759606,-0.09508147508015413,0.449,0.9999999999411368,-1.7677979649412032,0.859347178926075,2026-03-17 14:05:28.694000
XRPUSDT,1590708427.0,1.4979,3.7,,,False,5.711092293561199,0.6065757334609456,8.001333153490133,-0.0961350125844812,0.449,0.9999999999395057,-1.7771027583435064,0.8643147119814486,2026-03-17 14:05:28.694000
XRPUSDT,1590708428.0,1.4979,3.7,,,False,5.760337105974916,0.6071682596550503,8.03213152497248,-0.09719349617029957,0.449,0.9999999999378825,-1.7863912116455787,0.8692822501922707,2026-03-17 14:05:28.694000
XRPUSDT,1590708429.0,1.4979,3.7,,,False,5.809722684714955,0.6077604705197529,8.062904945714726,-0.09825690745033865,0.449,0.999999999936268,-1.795663239939141,0.8742497935726321,2026-03-17 14:05:28.694000
XRPUSDT,1590708430.0,1.4979,3.7,,,False,5.859248630264546,0.6083523644817505,8.093653726402811,-0.0993252279653677,0.449,0.9999999999346608,-1.804918758460803,0.8792173421366994,2026-03-17 14:05:28.694000
XRPUSDT,1590708431.0,1.4979,333.9,,,False,5.90891454649664,0.6089439399713773,8.124378172020052,-0.10039843918470767,0.004,0.9999999999330602,-1.8141576825924963,0.8841843019825918,2026-03-17 14:05:28.698000
XRPUSDT,1590708432.0,1.4979,3.5,,,False,5.958716082620193,0.6095351954226195,8.155077639953873,-0.10146842880503582,0.004,0.9999999999316572,-1.809690917995266,0.8891512639458274,2026-03-17 14:05:28.698000
XRPUSDT,1590708433.0,1.4979,3.4,,,False,6.0086567641812385,0.61012612927313,8.185753356944824,-0.10255115025417068,0.004,0.9999999999303486,-1.8322210653517177,0.8941182279920181,2026-03-17 14:05:28.698000
XRPUSDT,1590708434.0,1.4979,3.4,,,False,6.058736204533494,0.6107167399642438,8.216405611483008,-0.10363870320422866,0.004,0.9999999999291304,-1.8414041032800879,0.8990851940875414,2026-03-17 14:05:28.698000
XRPUSDT,1590708435.0,1.4979,3.6,,,False,6.108954020236424,0.6113070259409921,8.247034686804918,-0.10473106881938601,0.004,0.9999999999279985,-1.8505701612207082,0.9040521621995191,2026-03-17 14:05:28.698000
XRPUSDT,1590708436.0,1.4979,3.6,,,False,6.159309831011151,0.6118969856521171,8.277640860998579,-0.10582822819500723,0.004,0.9999999999269484,-1.859719155277381,0.9090191322957926,2026-03-17 14:05:28.698000
XRPUSDT,1590708437.0,1.4979,3.4,,,False,6.209803259697246,0.6124866175500874,8.308224407106035,-0.10693016235821666,0.004,0.9999999999259763,-1.8688510017907154,0.9139861043449071,2026-03-17 14:05:28.698000
XRPUSDT,1590708438.0,1.4979,3.4,,,False,6.260433932210333,0.6130759200911106,8.338785593223342,-0.10803685226841786,0.004,0.9999999999250788,-1.8779656172527186,0.9189530783160909,2026-03-17 14:05:28.698000
XRPUSDT,1590708439.0,1.4979,3.4,,,False,6.311201477500495,0.6136648917351497,8.369324682598073,-0.10914827881783189,0.004,0.999999999924252,-1.887062918329817,0.9239200541792358,2026-03-17 14:05:28.698000
XRPUSDT,1590708440.0,1.4979,3.4,,,False,6.362105527511474,0.6142535309459366,8.399841933724439,-0.11026442283202645,0.004,0.9999999999234924,-1.8961428218526355,0.9288870319048818,2026-03-17 14:05:28.698000
XRPUSDT,1590708441.0,1.4979,3.6,,,False,6.413145717140619,0.6148418361909853,8.430337600436093,-0.11138526507043842,0.004,0.9999999999227973,-1.9052052448030716,0.9338540114641987,2026-03-17 14:05:28.698000
XRPUSDT,1590708442.0,1.498,3.4,,,False,6.475313543690844,0.6156190203963895,8.4634131912756,-0.13676784590775923,0.624,0.9999999999224686,-32.65967149206336,0.9388219223798904,2026-03-17 14:05:29.322000
XRPUSDT,1590708443.0,1.498,3.4,,,False,6.526660353143932,0.6162065443066747,8.493873314738877,-0.1138911784737219,0.624,0.999999999921661,38.93742370916267,0.9437898409918184,2026-03-17 14:05:29.322000
XRPUSDT,1590708444.0,1.498,6.7,,,False,6.578142233562062,0.6167937291877469,8.52431257401306,-0.11502728584290209,0.624,0.9999999999207947,-1.934837571269863,0.948757765905738,2026-03-17 14:05:29.322000
XRPUSDT,1590708445.0,1.498,3.6,,,False,6.629758811627816,0.6173805735236326,8.554731200481768,-0.11616796750097519,0.624,0.9999999999198721,-1.9437550783402229,0.9537256971607854,2026-03-17 14:05:29.322000
XRPUSDT,1590708446.0,1.498,3.6,,,False,6.681509737589912,0.6179670758022149,8.585129426221702,-0.11731324988025515,0.624,0.9999999999188925,-1.9527330431664125,0.9586936347957251,2026-03-17 14:05:29.322000
XRPUSDT,1590708447.0,1.498,3.4,,,False,6.733394664416253,0.6185532345152484,8.615507479158326,-0.11846311337147429,0.624,0.999999999917856,-1.9616930801359258,0.9636615788489552,2026-03-17 14:05:29.322000
XRPUSDT,1590708448.0,1.498,3.4,,,False,6.785413247758934,0.6191390481583713,8.645865583144285,-0.11961753830303606,0.624,0.9999999999167635,-1.9706351074509108,0.9686295293585133,2026-03-17 14:05:29.322000
XRPUSDT,1590708449.0,1.498,3.4,,,False,6.837565145919845,0.6197245152311204,8.67620395803598,-0.1207765049415019,0.624,0.9999999999156153,-1.9795590433870955,0.9735974863620851,2026-03-17 14:05:29.322000
XRPUSDT,1590708450.0,1.498,3.5,,,False,6.889850019816891,0.6203096342369434,8.706522819768372,-0.12193999349212677,0.624,0.9999999999144112,-1.988464806382934,0.978565449897002,2026-03-17 14:05:29.322000
XRPUSDT,1590708451.0,1.498,1112.4,,,False,6.942267532950814,0.6208944036832126,8.736822380428038,-0.12310798409940085,0.624,0.9999999999131521,-1.9973523150463166,0.9835334200002536,2026-03-17 14:05:29.322000
XRPUSDT,1590708452.0,1.498,2367.4,,,False,6.994817351372592,0.621478822081238,8.767102848324571,-0.12428045684759106,0.624,0.9999999999118385,-2.006221488152607,0.988501396708489,2026-03-17 14:05:29.322000
XRPUSDT,1590708453.0,1.498,3.5,,,False,7.04749914365142,0.622062887946281,8.797364428060327,-0.12545739176127946,0.041,0.9999999999104702,-2.015072244637575,0.9934684056142797,2026-03-17 14:05:29.363000
XRPUSDT,1590708454.0,1.498,3.4,,,False,7.100305685479074,0.6226465997975654,8.827605700487576,-0.12662218314898444,0.041,0.9999999999093074,-1.9954903864669218,0.9984354168287002,2026-03-17 14:05:29.363000
XRPUSDT,1590708455.0,1.498,3.6,,,False,7.153243480248807,0.6232299561582934,8.857828469710551,-0.12780759676924427,0.041,0.9999999999082153,-2.032057418180288,1.0034024303262654,2026-03-17 14:05:29.363000
XRPUSDT,1590708456.0,1.498,3.4,,,False,7.206312203361771,0.6238129555556559,8.888032929527512,-0.12899740739921003,0.041,0.9999999999071922,-2.0408436704196866,1.0083694460820718,2026-03-17 14:05:29.363000
XRPUSDT,1590708457.0,1.498,3.5,,,False,7.259511532616739,0.6243955965208462,8.918219270294033,-0.13019159480206466,0.041,0.999999999906234,-2.049611122802705,1.0133364640717346,2026-03-17 14:05:29.363000
XRPUSDT,1590708458.0,1.498,3.6,,,False,7.312841148180311,0.6249778775890733,8.948387678985126,-0.13139013868318133,0.041,0.9999999999053394,-2.058359693482607,1.0183034842713639,2026-03-17 14:05:29.363000
XRPUSDT,1590708459.0,1.498,3.4,,,False,7.3663007325580745,0.625559797299573,8.978538339256112,-0.13259301869171686,0.041,0.9999999999045043,-2.06708930258196,1.0232705066575607,2026-03-17 14:05:29.363000
XRPUSDT,1590708460.0,1.498,3.4,,,False,7.419889970566201,0.6261413541956213,9.00867143150211,-0.13380021442109824,0.041,0.9999999999037265,-2.0757998702865694,1.0282375312073997,2026-03-17 14:05:29.363000
XRPUSDT,1590708461.0,1.498,3.4,,,False,7.473608549303583,0.6267225468245469,9.038787132916262,-0.13501170540964283,0.041,0.9999999999030039,-2.084491317077284,1.0332045578984204,2026-03-17 14:05:29.363000
XRPUSDT,1590708462.0,1.498,3.5,,,False,7.5274561581243935,0.6273033737377425,9.068885617546663,-0.13622747114105457,0.041,0.9999999999023338,-2.093163563518109,1.0381715867086145,2026-03-17 14:05:29.363000
XRPUSDT,1590708463.0,1.498,3.4,,,False,7.5814324886111315,0.6278838334906783,9.098967056352029,-0.13744749104501292,0.001,0.9999999999017146,-2.1018165304100873,1.0431385443305872,2026-03-17 14:05:29.364000
XRPUSDT,1590708464.0,1.498,3.5,,,False,7.635536703174539,0.6284639246429131,9.12903149318273,-0.13867037860475973,0.001,0.9999999999011587,-2.108095520911963,1.0481055037207412,2026-03-17 14:05:29.364000
XRPUSDT,1590708465.0,1.498,3.4,,,False,7.689769024376148,0.629043645758107,9.159079216099647,-0.1398988149438547,0.001,0.9999999999006567,-2.119012585360331,1.0530724648542662,2026-03-17 14:05:29.364000
XRPUSDT,1590708466.0,1.498,3.4,,,False,7.744129150289417,0.6296229954040323,9.18911038711018,-0.14113144307158318,0.001,0.9999999999002053,-2.1276065954260885,1.0580394277068237,2026-03-17 14:05:29.364000
XRPUSDT,1590708467.0,1.4981,3.7,,,False,7.810312319176169,0.6303882719745907,9.221850483223495,-0.17302100035720616,0.045,0.9999999999001516,-41.67063060921332,1.0630064758971605,2026-03-17 14:05:29.409000
XRPUSDT,1590708468.0,1.4981,3.4,,,False,7.864955063588703,0.6309667536010906,9.25185375639896,-0.14386744424352332,0.045,0.9999999998997793,50.39668466235947,1.067973526213183,2026-03-17 14:05:29.409000
XRPUSDT,1590708469.0,1.4981,6.7,,,False,7.919724663321933,0.6315448590302638,9.281840918387568,-0.14511331408940745,0.045,0.9999999998994434,-2.15509106646144,1.072940578524722,2026-03-17 14:05:29.409000
XRPUSDT,1590708470.0,1.4981,5.1,,,False,7.97462082352434,0.6321225868477922,9.311812119679796,-0.14636328254808392,0.045,0.9999999998991423,-2.163594032954829,1.0779076328135975,2026-03-17 14:05:29.409000
XRPUSDT,1590708471.0,1.4981,3.4,,,False,8.02964325312505,0.6326999356435339,9.341767508489967,-0.14761733323670348,0.045,0.9999999998988743,-2.1720850513052192,1.0828746890619887,2026-03-17 14:05:29.409000
XRPUSDT,1590708472.0,1.4981,3.6,,,False,8.084791663052943,0.6332769040115319,9.371707230392627,-0.14887544511181272,0.045,0.9999999998986401,-2.18055606666037,1.0878417472524227,2026-03-17 14:05:29.409000
XRPUSDT,1590708473.0,1.4981,3.6,,,False,8.140065766213878,0.6338534905500267,9.401631428367528,-0.15013759708165111,0.045,0.9999999998984349,-2.1890070016780117,1.092808807367762,2026-03-17 14:05:29.409000
XRPUSDT,1590708474.0,1.4981,3.4,,,False,8.195465277468246,0.6344296938614677,9.431540242843651,-0.15140376800666144,0.045,0.9999999998982597,-2.197437779112619,1.097775869391201,2026-03-17 14:05:29.409000
XRPUSDT,1590708475.0,1.4981,3.4,,,False,8.250989913608892,0.6350055125525231,9.461433811742369,-0.15267393670009274,0.045,0.9999999998981121,-2.2058483219835754,1.102742933306258,2026-03-17 14:05:29.409000
XRPUSDT,1590708476.0,1.4981,3.4,,,False,8.30663939333939,0.6355809452340913,9.49131227051967,-0.15394808192850973,0.045,0.9999999998979922,-2.214238553404349,1.1077099990967663,2026-03-17 14:05:29.409000
XRPUSDT,1590708477.0,1.4981,4.2,,,False,8.362413437252656,0.6361559905213119,9.521175752207586,-0.15522618241240072,0.045,0.9999999998978968,-2.2226083967550325,1.112677066746865,2026-03-17 14:05:29.409000
XRPUSDT,1590708478.0,1.4981,3.5,,,False,8.418311767809877,0.6367306470335765,9.551024387454724,-0.15650821682670396,0.045,0.9999999998978263,-2.2309577755430983,1.117644136240998,2026-03-17 14:05:29.409000
XRPUSDT,1590708479.0,1.4981,3.4,,,False,8.474334109319802,0.6373049133945394,9.580858304566016,-0.1577941638013919,0.045,0.9999999998977788,-2.2392866135005822,1.122611207563903,2026-03-17 14:05:29.409000
XRPUSDT,1590708480.0,1.4981,3.5,,,False,8.530480187918315,0.6378787882321277,9.61067762954165,-0.15908400192199712,0.045,0.9999999998977536,-2.247594834486416,1.1275782807005992,2026-03-17 14:05:29.409000
XRPUSDT,1590708481.0,1.4981,3.4,,,False,8.586749731548355,0.6384522701785523,9.640482486115246,-0.16037770973022036,0.031,0.9999999998977495,-2.255882362625263,1.132545325659688,2026-03-17 14:05:29.440000
XRPUSDT,1590708482.0,1.4981,3.6,,,False,8.643142243158865,0.6390253578703179,9.67027294347945,-0.16167461387617393,0.031,0.9999999998977708,-2.2630116901622577,1.1375123722909497,2026-03-17 14:05:29.440000
XRPUSDT,1590708483.0,1.4981,3.4,,,False,8.699657679182437,0.6395980499482334,9.700049172904697,-0.16297598355834064,0.031,0.9999999998978132,-2.272372418531366,1.1424794205788593,2026-03-17 14:05:29.440000
XRPUSDT,1590708484.0,1.4981,3.4,,,False,8.75629577285292,0.6401703450574224,9.729811291544658,-0.16428115816032032,0.031,0.9999999998978767,-2.2805971622390135,1.1474464705081724,2026-03-17 14:05:29.440000
XRPUSDT,1590708485.0,1.4981,3.5,,,False,8.813056259133907,0.6407422418473331,9.759559414431706,-0.16559011605347795,0.031,0.9999999998979597,-2.288800909972109,1.1524135220639216,2026-03-17 14:05:29.440000
XRPUSDT,1590708486.0,1.4981,3.6,,,False,8.869938874700123,0.641313738971747,9.78929365451143,-0.16690283556808955,0.031,0.9999999998980604,-2.29698358667636,1.1573805752314048,2026-03-17 14:05:29.440000
XRPUSDT,1590708487.0,1.4981,3.4,,,False,8.926943357919079,0.6418848350887915,9.819014122676524,-0.16821929499396396,0.031,0.9999999998981794,-2.3051451175809867,1.1623476299961844,2026-03-17 14:05:29.440000
XRPUSDT,1590708488.0,1.4981,3.4,,,False,8.984069448833008,0.6424555288609474,9.848720927799988,-0.16953947258096258,0.031,0.999999999898316,-2.313285428035068,1.16731468634408,2026-03-17 14:05:29.440000
XRPUSDT,1590708489.0,1.4981,3.4,,,False,9.041316889141088,0.6430258189550592,9.878414176767727,-0.17086334653962446,0.031,0.9999999998984684,-2.3214044436871033,1.1722817442611566,2026-03-17 14:05:29.440000
XRPUSDT,1590708490.0,1.4981,3.5,,,False,9.098685422181896,0.6435957040423458,9.908093974510479,-0.17219089504166118,0.031,0.9999999998986363,-2.3295020902504513,1.1772488037337347,2026-03-17 14:05:29.440000
XRPUSDT,1590708491.0,1.4981,3.5,,,False,9.156174792916165,0.6441651827984084,9.937760424035167,-0.17352209622058162,0.031,0.9999999998988186,-2.337578293744243,1.182215864748366,2026-03-17 14:05:29.440000
XRPUSDT,1590708492.0,1.4981,3.4,,,False,9.21378474790973,0.6447342539032409,9.967413626455645,-0.1748569281721975,0.031,0.9999999998990142,-2.3456329802736207,1.1871829272918417,2026-03-17 14:05:29.440000
XRPUSDT,1590708493.0,1.4981,3.4,,,False,9.271515035316792,0.6453029160412386,9.997053681022846,-0.17619536895523263,0.031,0.9999999998992235,-2.3536660762187505,1.192149991351182,2026-03-17 14:05:29.440000
XRPUSDT,1590708494.0,1.4981,3.4,,,False,9.32936540486338,0.6458711679012081,10.02668068515439,-0.1775373965918567,0.031,0.9999999998994457,-2.361677508096401,1.1971170569136325,2026-03-17 14:05:29.440000
XRPUSDT,1590708495.0,1.4981,3.6,,,False,9.387335607831073,0.6464390081763766,10.056294734463618,-0.17888298906826694,0.031,0.999999999899679,-2.3696672026497745,1.2020841239666564,2026-03-17 14:05:29.440000
XRPUSDT,1590708496.0,1.4981,3.4,,,False,9.445425397040946,0.6470064355643992,10.08589592278807,-0.18023212433522212,0.031,0.9999999998999239,-2.3776350867670697,1.207051192497939,2026-03-17 14:05:29.440000
XRPUSDT,1590708497.0,1.4981,534.4,,,True,9.50363452683776,0.6475734487673702,10.115484342217474,-0.18158478030864847,0.37,0.9999999999001798,-2.385581087598499,1.2120190847026382,2026-03-17 14:05:29.810000
XRPUSDT,1590708498.0,1.4981,5.0,,,True,9.561969186970027,0.6481400464918307,10.145061550392008,-0.18296116101098087,0.366,0.9999999999003447,-2.4292026651591345,1.2169869713932402,2026-03-17 14:05:30.176000
XRPUSDT,1590708499.0,1.4982,3.4,,,False,9.632961413516192,0.648888387543707,10.177483213725306,-0.22395220033136343,0.592,0.999999999900773,-54.77587955064381,1.221955420603262,2026-03-17 14:05:30.768000
XRPUSDT,1590708500.0,1.4982,6.7,,,False,9.691563405526674,0.6494540156085431,10.207040009560991,-0.18597624729546597,0.592,0.9999999999007888,67.13944267759048,1.226923877521755,2026-03-17 14:05:30.768000
XRPUSDT,1590708501.0,1.4982,3.7,,,False,9.750283827254243,0.6500192239301705,10.236584382109303,-0.18734404545885353,0.592,0.999999999900729,-2.4199894287635257,1.2318923406198872,2026-03-17 14:05:30.768000
XRPUSDT,1590708502.0,1.4982,3.6,,,False,9.809122413964593,0.6505840112344483,10.26611640904368,-0.18871516706149866,0.592,0.9999999999005931,-2.4276778041221148,1.23686080993758,2026-03-17 14:05:30.768000
XRPUSDT,1590708503.0,1.4982,3.6,,,False,9.868078929629183,0.651148376251729,10.295636172660178,-0.19008967613556882,0.592,0.9999999999003819,-2.4354965881707242,1.2418292855142645,2026-03-17 14:05:30.768000
XRPUSDT,1590708504.0,1.4982,3.4,,,False,9.927153139633496,0.651712317716865,10.32514375368742,-0.19146755037844124,0.592,0.9999999999000935,-2.443293015420087,1.2467977673888821,2026-03-17 14:05:30.768000
XRPUSDT,1590708505.0,1.4982,3.5,,,False,9.98634481076301,0.6522758343692177,10.35463923131073,-0.19284876745712073,0.592,0.9999999998997298,-2.4510670144581796,1.2517662555999065,2026-03-17 14:05:30.768000
XRPUSDT,1590708506.0,1.4982,3.4,,,False,10.045653711189319,0.6528389249526659,10.384122683195843,-0.19423330500863772,0.592,0.9999999998992898,-2.458818513778547,1.2567347501853345,2026-03-17 14:05:30.768000
XRPUSDT,1590708507.0,1.4982,3.4,,,False,10.105079610456473,0.6534015882156126,10.413594185512205,-0.19562114064067618,0.592,0.999999999898773,-2.466547442195633,1.2617032511827042,2026-03-17 14:05:30.768000
XRPUSDT,1590708508.0,1.4982,1.1,,,False,10.16462227946746,0.6539638229109933,10.443053812955831,-0.19701225193206007,0.592,0.9999999998981801,-2.474253728581839,1.2666717586290934,2026-03-17 14:05:30.768000
XRPUSDT,1590708509.0,1.4981,3.7,,,True,10.211491229224798,0.6543448456442741,10.469609146958291,-0.15581127644588233,0.143,0.9999999998972116,108.13259127983967,1.2716390810836806,2026-03-17 14:05:30.911000
XRPUSDT,1590708510.0,1.4981,3.7,,,True,10.27123223813352,0.6549063583585343,10.499039665306254,-0.1994888750737404,0.143,0.9999999998966426,-77.7855915255711,1.2766064058989075,2026-03-17 14:05:30.911000
XRPUSDT,1590708511.0,1.4981,3.7,,,True,10.331089311479637,0.6554674391878149,10.528458536750492,-0.20088859459627073,0.143,0.9999999998960859,-2.4946842762831603,1.2815737334536939,2026-03-17 14:05:30.911000
XRPUSDT,1590708512.0,1.4981,3.7,,,True,10.391062231676125,0.6560280869017893,10.557865831755722,-0.20229152385589677,0.143,0.9999999998955418,-2.5023365380033042,1.2865410637431742,2026-03-17 14:05:30.911000
XRPUSDT,1590708513.0,1.4981,3.7,,,True,10.45115077555284,0.6565883002746994,10.587261617866458,-0.20369761737757225,0.143,0.9999999998950093,-2.509924949437188,1.2915083967625893,2026-03-17 14:05:30.911000
XRPUSDT,1590708514.0,1.4981,3.7,,,True,10.511354721225729,0.6571480780853624,10.616645961284023,-0.2051068525733283,0.143,0.9999999998944886,-2.517490277235269,1.2964757325072778,2026-03-17 14:05:30.911000
XRPUSDT,1590708515.0,1.4981,3.7,,,True,10.571673848084544,0.6577074191171782,10.646018926886766,-0.20651920683039673,0.143,0.9999999998939785,-2.5250324519967458,1.3014430709726752,2026-03-17 14:05:30.911000
XRPUSDT,1590708516.0,1.4981,3.7,,,True,10.632107936780669,0.6582663221581365,10.675380578249925,-0.20793465751171153,0.143,0.9999999998934782,-2.532551404422262,1.3064104121543147,2026-03-17 14:05:30.911000
XRPUSDT,1590708517.0,1.4981,3.7,,,True,10.692656769215166,0.6588247860008245,10.704730977665124,-0.20935318195651423,0.143,0.9999999998929888,-2.5400470654914615,1.3113777560478164,2026-03-17 14:05:30.911000
XRPUSDT,1590708518.0,1.4981,3.7,,,True,10.753320128526935,0.6593828094424314,10.734070186159578,-0.2107747574808826,0.143,0.999999999892509,-2.547519366345366,1.316345102648894,2026-03-17 14:05:30.911000
XRPUSDT,1590708519.0,1.4981,3.7,,,True,10.814097799081054,0.6599403912847588,10.763398263514949,-0.21219936137831885,0.143,0.9999999998920384,-2.554968238366515,1.321312451953348,2026-03-17 14:05:30.911000
XRPUSDT,1590708520.0,1.4981,3.7,,,True,10.874989566457257,0.6604975303342251,10.79271526828587,-0.2136269709202324,0.143,0.9999999998915763,-2.5623936130146987,1.3262798039570622,2026-03-17 14:05:30.911000
XRPUSDT,1590708521.0,1.4981,3.7,,,True,10.935995217438586,0.6610542254018721,10.822021257818186,-0.2150575633566043,0.143,0.9999999998911232,-2.569795422148539,1.3312471586560064,2026-03-17 14:05:30.911000
XRPUSDT,1590708522.0,1.4981,3.7,,,True,10.997114540000162,0.661610475303373,10.85131628826687,-0.21649111591643327,0.143,0.9999999998906776,-2.5771735976236356,1.3362145160462262,2026-03-17 14:05:30.911000
XRPUSDT,1590708523.0,1.4981,3.7,,,True,11.058347323298115,0.6621662788590378,10.880600414613648,-0.217927605808372,0.001,0.9999999998902405,-2.5845280716505044,1.3411814625542826,2026-03-17 14:05:30.912000
XRPUSDT,1590708524.0,1.4982,2.3,,,False,11.132850412507313,0.662900304011603,10.912814169293386,-0.2665038038414134,1.851,0.9999999998901666,-66.17783854310402,1.3461538407338107,2026-03-17 14:05:32.763000
XRPUSDT,1590708525.0,1.4982,1.4,,,False,11.19437509486031,0.6634550666768468,10.942088915629753,-0.2212485765803478,1.851,0.9999999998890986,81.57583430957484,1.3511262412430376,2026-03-17 14:05:32.763000
XRPUSDT,1590708526.0,1.4982,2.2,,,False,11.256012935897145,0.6640093791108179,10.971352958127785,-0.2226968906347903,1.851,0.9999999998876519,-2.612811774880857,1.3560986591817645,2026-03-17 14:05:32.763000
XRPUSDT,1590708527.0,1.4982,1.5,,,False,11.317763636471684,0.6645632401539385,11.000606326289569,-0.22414772405852232,1.851,0.9999999998858065,-2.6194899275775163,1.361071094692437,2026-03-17 14:05:32.763000
XRPUSDT,1590708528.0,1.4982,1.9,,,False,11.379626993183672,0.6651166486513006,11.029849069669913,-0.2256013933391794,1.851,0.9999999998835435,-2.626756342893653,1.3660435479155904,2026-03-17 14:05:32.763000
XRPUSDT,1590708529.0,1.4982,1.8,,,False,11.441602803741302,0.665669603452672,11.059081236746762,-0.22705787559669255,1.851,0.999999999880844,-2.6339987534259066,1.371016018989927,2026-03-17 14:05:32.763000
XRPUSDT,1590708530.0,1.4982,1.8,,,False,11.503690866951427,0.6662221034125015,11.088302874936964,-0.22851714793463526,1.851,0.9999999998776907,-2.64121709328803,1.3759885080523304,2026-03-17 14:05:32.763000
XRPUSDT,1590708531.0,1.4982,1.9,,,False,11.565890982709652,0.6667741473899254,11.117514030611726,-0.22997918743976797,1.851,0.9999999998740666,-2.6484112949760283,1.3809610152378864,2026-03-17 14:05:32.763000
XRPUSDT,1590708532.0,1.4982,1.5,,,False,11.628202951990504,0.6673257342487718,11.14671474911181,-0.23144397118249194,1.851,0.9999999998699557,-2.6555812910177217,1.3859335406799207,2026-03-17 14:05:32.763000
XRPUSDT,1590708533.0,1.4982,2.2,,,False,11.690626576837754,0.6678768628575681,11.175905074762486,-0.23291147621748073,1.851,0.9999999998653424,-2.6627270142881203,1.390906084510008,2026-03-17 14:05:32.763000
XRPUSDT,1590708534.0,1.4982,1.2,,,False,11.753161660354847,0.6684275320895435,11.205085050888258,-0.23438167958416506,1.851,0.9999999998602116,-2.669848397758112,1.3958786468580042,2026-03-17 14:05:32.763000
XRPUSDT,1590708535.0,1.4982,2.5,,,False,11.815808006695445,0.6689777408226373,11.234254719827323,-0.23585455830730792,1.851,0.9999999998545502,-2.6769453746418477,1.4008512278520615,2026-03-17 14:05:32.763000
XRPUSDT,1590708536.0,1.4982,0.9,,,False,11.87856542105411,0.6695274879395018,11.26341412294585,-0.23733008939749287,1.851,0.9999999998483421,-2.6840178782576674,1.4058238276186574,2026-03-17 14:05:32.763000
XRPUSDT,1590708537.0,1.4982,2.8,,,False,11.941433709657078,0.6700767723275085,11.292563300651983,-0.23880824985175325,1.851,0.9999999998415775,-2.6910658422760387,1.4107964462826028,2026-03-17 14:05:32.763000
XRPUSDT,1590708538.0,1.4982,3.7,,,False,12.004412679753125,0.6706255928787539,11.321702292409649,-0.24028901665400804,1.851,0.9999999998342419,-2.6980892003672543,1.4157690839670802,2026-03-17 14:05:32.763000
XRPUSDT,1590708539.0,1.4982,3.7,,,False,12.067502139604638,0.671173948490062,11.350831136752152,-0.24177236677570318,1.851,0.9999999998263246,-2.7050878865937578,1.4207417407936518,2026-03-17 14:05:32.763000
XRPUSDT,1590708540.0,1.4982,3.7,,,False,12.130701898478659,0.6717218380629909,11.379949871295532,-0.24325827717624013,1.851,0.9999999998178142,-2.712061835003448,1.4257144168822837,2026-03-17 14:05:32.763000
XRPUSDT,1590708541.0,1.4982,3.7,,,False,12.194011766638152,0.6722692605038377,11.409058532751748,-0.2447467248036226,1.851,0.9999999998086995,-2.719010980039404,1.4306871123513618,2026-03-17 14:05:32.763000
XRPUSDT,1590708542.0,1.4982,3.7,,,False,12.257431555333321,0.672816214723642,11.438157156941617,-0.2462376865948965,1.851,0.9999999997989698,-2.7259352561674715,1.4356598273177181,2026-03-17 14:05:32.763000
XRPUSDT,1590708543.0,1.4982,3.7,,,False,12.320961076793031,0.673362699638191,11.46724577880759,-0.24773113947677314,1.851,0.9999999997886166,-2.7328345982050135,1.4406325618966433,2026-03-17 14:05:32.763000
XRPUSDT,1590708544.0,1.4982,3.7,,,False,12.384600144216359,0.6739087141680241,11.496324432426295,-0.2492270603660778,1.851,0.9999999997776307,-2.7397089410088773,1.4456053162019002,2026-03-17 14:05:32.763000
XRPUSDT,1590708545.0,1.4982,3.7,,,False,12.44834857176423,0.6744542572384373,11.525393151020939,-0.2507254261703554,0.001,0.9999999997660006,-2.746558219762018,1.4505718887838126,2026-03-17 14:05:32.764000
XRPUSDT,1590708546.0,1.4982,6.6,,,False,12.512153045855586,0.6749993277794866,11.554440312209143,-0.2520160131845969,0.109,0.9999999997556903,-2.367743103043353,1.455538829488738,2026-03-17 14:05:32.873000
XRPUSDT,1590708547.0,1.4982,11961.0,,,False,12.576069317529493,0.6755439247259934,11.583478237684801,-0.2535285696167924,0.247,0.999999999745604,-2.7773869131974434,1.4605062431586897,2026-03-17 14:05:33.120000
XRPUSDT,1590708548.0,1.4982,54.9,,,False,12.640098119792722,0.6760880470175474,11.61250715723385,-0.2550472986980532,0.247,0.9999999997356513,-2.7911539461532096,1.4654736628034777,2026-03-17 14:05:33.120000
XRPUSDT,1590708549.0,1.4982,80.0,,,False,12.704235268792484,0.6766316935985119,11.641526223140215,-0.2565525347256332,0.646,0.9999999997258987,-2.76877677573086,1.4704424580833586,2026-03-17 14:05:33.766000
XRPUSDT,1590708550.0,1.4982,5.0,,,False,12.768492395772078,0.6771748634180258,11.670538046976981,-0.25810761271372773,2.752,0.9999999997159288,-2.862968324503609,1.4754185347833935,2026-03-17 14:05:36.518000
XRPUSDT,1590708551.0,1.4982,194.0,,,False,12.832920402847405,0.6777175554300091,11.69955380735978,-0.2598719520191246,0.22,0.9999999997037116,-3.2510876637910124,1.4803858448632097,2026-03-17 14:05:36.738000
XRPUSDT,1590708552.0,1.4982,3.4,,,False,12.897380544696198,0.6782597685931662,11.72854325825898,-0.2610795842989413,0.22,0.9999999996930816,-2.227227890937207,1.4853531608369959,2026-03-17 14:05:36.738000
XRPUSDT,1590708553.0,1.4982,3.6,,,False,12.96194830497718,0.6788015018709884,11.757522966627034,-0.26259387803147216,0.22,0.9999999996826808,-2.795275451082255,1.4903204826789143,2026-03-17 14:05:36.738000
XRPUSDT,1590708554.0,1.4982,3.6,,,False,13.026623504818218,0.6793427542317596,11.786492958471381,-0.2641103901599053,0.22,0.9999999996725045,-2.801857762379786,1.4952878103667693,2026-03-17 14:05:36.738000
XRPUSDT,1590708555.0,1.4982,3.4,,,False,13.091405966266246,0.6798835246485572,11.815453259068963,-0.2656290976471031,0.22,0.9999999996625464,-2.80841451385517,1.5002551438786693,2026-03-17 14:05:36.738000
XRPUSDT,1590708556.0,1.4982,3.4,,,False,13.156295512250905,0.6804238120992572,11.844403892970364,-0.2671499773364998,0.22,0.9999999996528014,-2.8149454284497253,1.5052224831929963,2026-03-17 14:05:36.738000
XRPUSDT,1590708557.0,1.4982,3.4,,,False,13.221291966577319,0.6809636155665364,11.873344884010107,-0.2686730060696466,0.22,0.999999999643263,-2.821450445332163,1.5101898282884194,2026-03-17 14:05:36.738000
XRPUSDT,1590708558.0,1.4982,3.4,,,False,13.286395153918846,0.6815029340378767,11.902276255316801,-0.2701981606866498,0.22,0.9999999996339278,-2.8279295037180003,1.5151571791438774,2026-03-17 14:05:36.738000
XRPUSDT,1590708559.0,1.4982,3.5,,,False,13.35160489981001,0.6820417665055667,11.93119802932315,-0.27172541802677264,0.22,0.9999999996247892,-2.8343825431866163,1.5201245357385809,2026-03-17 14:05:36.738000
XRPUSDT,1590708560.0,1.4982,3.5,,,False,13.41692103063942,0.6825801119667056,11.960110227775806,-0.27325475492886553,0.22,0.9999999996158432,-2.8408095033574456,1.5250918980519996,2026-03-17 14:05:36.738000
XRPUSDT,1590708561.0,1.4982,3.4,,,False,13.48234337364286,0.6831179694232064,11.989012871745071,-0.274786148231976,0.001,0.999999999607085,-2.8472103242255176,1.5300584607034011,2026-03-17 14:05:36.739000
XRPUSDT,1590708562.0,1.4982,3.6,,,False,13.547864671862746,0.6836553378817971,12.017904449400909,-0.2762896538564128,0.001,0.9999999995987358,-2.7979044925333314,1.53502502713341,2026-03-17 14:05:36.739000
XRPUSDT,1590708563.0,1.4982,3.6,,,False,13.6134917995413,0.6841922163540254,12.046786506944224,-0.2778246872729223,0.001,0.9999999995906729,-2.859182284099544,1.5399915973056244,2026-03-17 14:05:36.739000
XRPUSDT,1590708564.0,1.4982,3.5,,,False,13.67922458624325,0.6847286038562594,12.07565906346812,-0.27936170517299574,0.001,0.9999999995828878,-2.8654990909962286,1.5449581711841165,2026-03-17 14:05:36.739000
XRPUSDT,1590708565.0,1.4982,3.4,,,False,13.74506286235439,0.6852644994096925,12.104522137427201,-0.2809006844033033,0.001,0.9999999995753743,-2.8717895128045137,1.549924748733407,2026-03-17 14:05:36.739000
XRPUSDT,1590708566.0,1.4982,3.6,,,False,13.811006459074987,0.685799902040342,12.133375746646617,-0.282441601813266,0.001,0.9999999995681232,-2.878053490497915,1.5548913299184892,2026-03-17 14:05:36.739000
XRPUSDT,1590708567.0,1.4983,3.4,,,False,13.891220458824728,0.686506877575913,12.165268839582275,-0.3449625491091801,0.033,0.9999999995621578,-88.43438584536068,1.5598580364741859,2026-03-17 14:05:36.772000
XRPUSDT,1590708568.0,1.4983,0.3,,,False,13.957397813365759,0.6870411319737563,12.19410582355021,-0.28583675959721283,0.033,0.9999999995553932,110.66972916021281,1.5648247469653493,2026-03-17 14:05:36.772000
XRPUSDT,1590708569.0,1.4983,3.7,,,False,14.023679959049883,0.6875748902480482,12.222933371676707,-0.2873835848005176,0.001,0.9999999995488548,-2.8979882426306274,1.5697913380871016,2026-03-17 14:05:36.773000
XRPUSDT,1590708570.0,1.4983,2.7,,,False,14.090065629819728,0.6881081514456916,12.251751263208263,-0.2889274530514448,0.001,0.9999999995425686,-2.8951445515815593,1.5747579327138153,2026-03-17 14:05:36.773000
XRPUSDT,1590708571.0,1.4983,1.0,,,False,14.156555753800118,0.6886409146184264,12.280559747970099,-0.29047786460057656,0.001,0.9999999995365112,-2.910132735288829,1.5797245308125825,2026-03-17 14:05:36.773000
XRPUSDT,1590708572.0,1.4983,2.4,,,False,14.223150167110981,0.6891731788228316,12.309358840252404,-0.29203006957078426,0.001,0.9999999995306774,-2.916230243103066,1.5846911323509194,2026-03-17 14:05:36.773000
XRPUSDT,1590708573.0,1.4983,1.3,,,False,14.289848706641417,0.689704943120328,12.338148553775497,-0.2935840448495101,0.001,0.9999999995250602,-2.922300887897048,1.5896577372967406,2026-03-17 14:05:36.773000
XRPUSDT,1590708574.0,1.4983,2.3,,,False,14.356651210043676,0.690236206577179,12.366928901697895,-0.29513976733116215,0.001,0.9999999995196546,-2.9283446124330417,1.5946243456183573,2026-03-17 14:05:36.773000
XRPUSDT,1590708575.0,1.4983,1.4,,,False,14.423557515727252,0.6907669682644918,12.395699896624254,-0.2966972139177829,0.001,0.999999999514454,-2.934361360003132,1.5995909572844782,2026-03-17 14:05:36.773000
XRPUSDT,1590708576.0,1.4983,2.2,,,False,14.490567462852987,0.6912972272582201,12.424461550613225,-0.2982563615193945,0.001,0.9999999995094532,-2.940351073819886,1.6045575722642005,2026-03-17 14:05:36.773000
XRPUSDT,1590708577.0,1.4983,1.5,,,False,14.55768089132728,0.6918269826391649,12.453213875185174,-0.29981718705460947,0.001,0.9999999995046468,-2.946313697524516,1.6095241905270046,2026-03-17 14:05:36.773000
XRPUSDT,1590708578.0,1.4983,2.1,,,False,14.624897641796343,0.6923562334929753,12.481956881329825,-0.3013796674510561,0.001,0.9999999995000294,-2.9522491748428985,1.614490812042735,2026-03-17 14:05:36.773000
XRPUSDT,1590708579.0,1.4983,1.6,,,False,14.692217555640504,0.6928849789101506,12.51069057951377,-0.3029437796459163,0.001,0.9999999994955961,-2.9581574497914755,1.619457436781621,2026-03-17 14:05:36.773000
XRPUSDT,1590708580.0,1.4983,2.0,,,False,14.759640474968606,0.6934132179860407,12.539414979687907,-0.30450950058637394,0.001,0.9999999994913412,-2.9640384665203987,1.6244240647142447,2026-03-17 14:05:36.773000
XRPUSDT,1590708581.0,1.4983,1.7,,,False,14.827166242612435,0.6939409498208482,12.568130091294726,-0.3060768072301478,0.001,0.9999999994872598,-2.96989216946829,1.6293906958115516,2026-03-17 14:05:36.773000
XRPUSDT,1590708582.0,1.4983,1.8,,,False,14.894794702121208,0.6944681735196274,12.596835923275574,-0.3076456765459355,0.001,0.9999999994833487,-2.9757185032091558,1.6343573300448397,2026-03-17 14:05:36.773000
XRPUSDT,1590708583.0,1.4983,1.9,,,False,14.962525697756167,0.6949948881922874,12.625532484077734,-0.3092160855139767,0.001,0.9999999994796014,-2.9815174126638393,1.6393239673857543,2026-03-17 14:05:36.773000
XRPUSDT,1590708584.0,1.4983,1.7,,,False,15.03035907448514,0.6955210929535918,12.65421978166149,-0.3107880111264006,0.001,0.9999999994760138,-2.987288842706962,1.644290607806284,2026-03-17 14:05:36.773000
XRPUSDT,1590708585.0,1.4983,2.0,,,False,15.098294677977261,0.6960467869231587,12.68289782350701,-0.3123614303878707,0.001,0.9999999994725827,-2.993032738736397,1.6492572512787544,2026-03-17 14:05:36.773000
XRPUSDT,1590708586.0,1.4983,1.5,,,False,15.166332354597662,0.6965719692254637,12.711566616621248,-0.31393632031595753,0.001,0.9999999994693027,-2.9987490461400834,1.654223897775818,2026-03-17 14:05:36.774000
XRPUSDT,1590708587.0,1.4983,2.2,,,False,15.234471951402288,0.6970966389898374,12.740226167544629,-0.3155126579416795,0.001,0.99999999946617,-3.0044377106494995,1.659190547270467,2026-03-17 14:05:36.774000
XRPUSDT,1590708588.0,1.4983,1.3,,,False,15.302713316132696,0.6976207953504678,12.768876482357737,-0.3170904203098739,0.001,0.9999999994631804,-3.0100986779914276,1.664157199736002,2026-03-17 14:05:36.774000
XRPUSDT,1590708589.0,1.4983,2.4,,,False,15.371056297210979,0.6981444374464003,12.797517566687883,-0.3186695844798827,0.001,0.9999999994603299,-3.015731894504608,1.6691238551460492,2026-03-17 14:05:36.774000
XRPUSDT,1590708590.0,1.4983,1.0,,,False,15.439500743734698,0.6986675644215374,12.826149425715577,-0.32025012752577686,0.001,0.9999999994576152,-3.021337306262736,1.6740905134745487,2026-03-17 14:05:36.774000
XRPUSDT,1590708591.0,1.4983,2.7,,,False,15.508046505471878,0.6991901754246398,12.854772064180928,-0.3218320265370486,0.001,0.9999999994550317,-3.026914859965033,1.6790571746957454,2026-03-17 14:05:36.774000
XRPUSDT,1590708592.0,1.4983,0.9,,,False,15.576693432856052,0.6997122696093255,12.883385486389946,-0.32341525861890125,0.001,0.9999999994525771,-3.032464502177149,1.6840238387841857,2026-03-17 14:05:36.774000
XRPUSDT,1590708593.0,1.4983,2.8,,,False,15.64544137698138,0.7002338461340707,12.911989696220788,-0.32499980089288755,0.001,0.9999999994502464,-3.0379861799963126,1.688990505714719,2026-03-17 14:05:36.774000
XRPUSDT,1590708594.0,1.4983,0.8,,,False,15.714290189597767,0.700754904162209,12.940584697129884,-0.3265856304972401,0.001,0.9999999994480375,-3.0434798404673535,1.6939571754624911,2026-03-17 14:05:36.774000
XRPUSDT,1590708595.0,1.4983,2.9,,,False,15.783239723106094,0.7012754428619321,12.969170492158018,-0.3281727245874191,0.001,0.9999999994459456,-3.0489454309989927,1.6989238480029316,2026-03-17 14:05:36.774000
XRPUSDT,1590708596.0,1.4983,0.5,,,False,15.852289830553449,0.7017954614062883,12.997747083936302,-0.3297610603365427,0.001,0.9999999994439688,-3.05438289915197,1.7038905233117647,2026-03-17 14:05:36.775000
XRPUSDT,1590708597.0,1.4983,3.6,,,False,15.92144036562843,0.7023149589731841,13.026314474692098,-0.331350614935886,0.001,0.9999999994421032,-3.0597921927560883,1.7088572013649908,2026-03-17 14:05:36.775000
XRPUSDT,1590708598.0,1.4984,6.7,,,False,16.00553829648983,0.7030008569054722,13.057973006656775,-0.404378861223083,0.012,0.9999999994415248,-106.47101099077207,1.71382393126152,2026-03-17 14:05:36.787000
XRPUSDT,1590708599.0,1.4984,3.4,,,False,16.074911210080828,0.7035191416965454,13.086523454111939,-0.3348405586597156,0.012,0.999999999439864,134.17006202203578,1.7187906639810688,2026-03-17 14:05:36.787000
XRPUSDT,1590708600.0,1.4984,3.7,,,False,16.144384088079157,0.7040369028141417,13.115064684935101,-0.3364336407711759,0.012,0.9999999994383014,-3.0768670286718445,1.7237573994685476,2026-03-17 14:05:36.787000
XRPUSDT,1590708601.0,1.4984,3.4,,,False,16.213956786068184,0.7045541394571523,13.143596699691654,-0.3380278413280544,0.012,0.9999999994368343,-3.0821492993987225,1.7287241377017593,2026-03-17 14:05:36.787000
XRPUSDT,1590708602.0,1.4984,486.9,,,False,16.283629161015863,0.7050708508293229,13.17211949873166,-0.33962314131982796,0.012,0.9999999994354597,-3.087410259758926,1.7336908786587588,2026-03-17 14:05:36.787000
XRPUSDT,1590708603.0,1.4984,3.6,,,False,16.353401070503416,0.7055870361392517,13.200633082035209,-0.34121951806341766,0.012,0.9999999994341752,-3.0926427251675843,1.7386576223178456,2026-03-17 14:05:36.799000
XRPUSDT,1590708604.0,1.4984,3.6,,,False,16.423272372720966,0.706102694600389,13.22913744921779,-0.34281694889713665,0.012,0.9999999994329791,-3.0978466448426643,1.7436243686575654,2026-03-17 14:05:36.799000
XRPUSDT,1590708605.0,1.4984,0.5,,,False,16.493242926463203,0.7066178254310366,13.25763259953567,-0.3444154111812437,0.012,0.9999999994318672,-3.103021968414471,1.7485911176567064,2026-03-17 14:05:36.799000
XRPUSDT,1590708606.0,1.4984,3.1,,,False,16.563312591125104,0.707132427854346,13.286118531891104,-0.3460148822982961,0.01,0.9999999994308393,-3.1081686455457875,1.7535578600153054,2026-03-17 14:05:36.809000
XRPUSDT,1590708607.0,1.4984,3.6,,,False,16.633481139177675,0.7076465010983177,13.31459522673177,-0.3476149056154879,0.01,0.9999999994298929,-3.1124423143095514,1.758524604974825,2026-03-17 14:05:36.809000
XRPUSDT,1590708608.0,1.4984,0.1,,,False,16.703748518318154,0.7081600443957998,13.343062700326824,-0.34921632185353696,0.01,0.9999999994290256,-3.1183665445558013,1.7634913525146427,2026-03-17 14:05:36.809000
XRPUSDT,1590708609.0,1.4984,3.5,,,False,16.774114589715744,0.7086730569844867,13.371520950547541,-0.3508186791904602,0.01,0.999999999428235,-3.1234269338785112,1.7684581026143407,2026-03-17 14:05:36.819000
XRPUSDT,1590708610.0,1.4984,3.2,,,False,16.844579215123233,0.7091855381069174,13.399969974931608,-0.3524219551026915,0.01,0.9999999994275196,-3.128458477898224,1.7734248552537442,2026-03-17 14:05:36.819000
XRPUSDT,1590708611.0,1.4984,0.3,,,False,16.91514225687292,0.7096974870104745,13.428409770688054,-0.3540261270912203,0.002,0.9999999994268761,-3.1334611274343205,1.7783915724360229,2026-03-17 14:05:36.821000
XRPUSDT,1590708612.0,1.4984,3.5,,,False,16.985803217164513,0.7102089029473824,13.456840260466484,-0.3556293554087939,0.002,0.9999999994263089,-3.134881418180255,1.7833582920516096,2026-03-17 14:05:36.821000
XRPUSDT,1590708613.0,1.4984,3.4,,,False,17.05656231854654,0.7107197851747056,13.4852615148871,-0.3572352325497322,0.002,0.9999999994258131,-3.1433411754258334,1.7883250140804965,2026-03-17 14:05:36.821000
XRPUSDT,1590708614.0,1.4984,3.6,,,False,17.127419425060463,0.7112301329543465,13.513673530202299,-0.35884193834197,0.002,0.9999999994253864,-3.148256652293819,1.7932917385028933,2026-03-17 14:05:36.821000
XRPUSDT,1590708615.0,1.4984,3.5,,,False,17.198374401311366,0.7117399455530445,13.542076302354992,-0.360449450389358,0.002,0.9999999994250266,-3.1531430401938394,1.7982584652992222,2026-03-17 14:05:36.821000
XRPUSDT,1590708616.0,1.4984,3.6,,,False,17.269427112464044,0.712249222242374,13.570469826983237,-0.36205774632238713,0.002,0.9999999994247328,-3.158000290857209,1.8032251944501347,2026-03-17 14:05:36.821000
XRPUSDT,1590708617.0,1.4984,3.6,,,False,17.340577424239193,0.7127579622987411,13.598854099424816,-0.36366680379875804,0.002,0.9999999994245021,-3.1628283565108326,1.808191925936481,2026-03-17 14:05:36.821000
XRPUSDT,1590708618.0,1.4984,3.5,,,False,17.411825202909572,0.7132661650033838,13.627229114721777,-0.36527660050366373,0.002,0.9999999994243328,-3.167627189307284,1.8131586597393317,2026-03-17 14:05:36.821000
XRPUSDT,1590708619.0,1.4984,3.6,,,False,17.48317031529624,0.7137738296423675,13.655594867624886,-0.366887114150336,0.002,0.9999999994242237,-3.1723967418658052,1.8181253958399506,2026-03-17 14:05:36.821000
XRPUSDT,1590708620.0,1.4984,3.4,,,False,17.55461262876482,0.7142809555065848,13.683951352598058,-0.368498322480319,0.002,0.9999999994241722,-3.1771369667168172,1.8230921342198159,2026-03-17 14:05:36.821000
XRPUSDT,1590708621.0,1.4985,6.7,,,False,17.641485093290147,0.7149504626572298,13.715423824313705,-0.44947675687345623,0.059,0.9999999994252998,-120.95230695462335,1.8280591580180028,2026-03-17 14:05:36.880000
XRPUSDT,1590708622.0,1.4985,3.4,,,False,17.713144958491558,0.7154563348692529,13.743763211930501,-0.372039840645115,0.059,0.9999999994253189,153.07604250224378,1.8330261846817901,2026-03-17 14:05:36.880000
XRPUSDT,1590708623.0,1.4985,5.1,,,False,17.784901617756656,0.7159616659855867,13.77209329628687,-0.37365301312975513,0.059,0.9999999994253725,-3.1923078403393608,1.8379932140410875,2026-03-17 14:05:36.880000
XRPUSDT,1590708624.0,1.4985,3.7,,,False,17.85675493679546,0.7164664553179548,13.800414069989335,-0.37526676607157206,0.059,0.999999999425461,-3.1968840035633073,1.8429602460814754,2026-03-17 14:05:36.880000
XRPUSDT,1590708625.0,1.4985,3.6,,,False,17.92870478579035,0.7169707021828939,13.828725526183042,-0.3768810978177486,0.059,0.9999999994255824,-3.2014710619400346,1.8479272807886795,2026-03-17 14:05:36.880000
XRPUSDT,1590708626.0,1.4985,3.6,,,False,18.00075103544551,0.717474405901751,13.85702765775152,-0.3784959862964467,0.059,0.9999999994257356,-3.20602850096534,1.8528943181485649,2026-03-17 14:05:36.880000
XRPUSDT,1590708627.0,1.4985,3.5,,,False,18.072893556983495,0.7179775658006815,13.885320457320736,-0.3801114094673033,0.059,0.9999999994259204,-3.2105562750338947,1.8578613581471342,2026-03-17 14:05:36.880000
XRPUSDT,1590708628.0,1.4985,3.6,,,False,18.145132222141733,0.7184801812106449,13.913603917263112,-0.38172734532160635,0.059,0.9999999994261352,-3.215054338307265,1.8628284007705227,2026-03-17 14:05:36.880000
XRPUSDT,1590708629.0,1.4985,3.4,,,False,18.217466903169132,0.718982251467404,13.941878029701464,-0.3833437718829015,0.059,0.9999999994263793,-3.219522645554314,1.8677954460050035,2026-03-17 14:05:36.880000
XRPUSDT,1590708630.0,1.4985,3.6,,,False,18.289897472822673,0.7194837759115189,13.970142786512922,-0.38496066720721805,0.059,0.9999999994266522,-3.2239611514253323,1.872762493836975,2026-03-17 14:05:36.880000
XRPUSDT,1590708631.0,1.4985,3.6,,,False,18.362423804364052,0.7199847538883469,13.998398179332803,-0.38657800938363146,0.059,0.9999999994269517,-3.228369811091751,1.8777295442529602,2026-03-17 14:05:36.880000
XRPUSDT,1590708632.0,1.4985,3.5,,,False,18.435045771556343,0.7204851847480382,14.026644199558413,-0.38819577653446524,0.059,0.9999999994272781,-3.2327485795573945,1.8826965972396357,2026-03-17 14:05:36.880000
XRPUSDT,1590708633.0,1.4985,3.5,,,False,18.507763248660698,0.7209850678455317,14.054880838352837,-0.3898139468158833,0.059,0.9999999994276311,-3.23709741243882,1.8876636527837671,2026-03-17 14:05:36.880000
XRPUSDT,1590708634.0,1.4985,1677.4,,,False,18.580576110433093,0.721484402540554,14.083108086648654,-0.39143249841810285,0.059,0.9999999994280085,-3.2414162651912295,1.8926307108722753,2026-03-17 14:05:36.880000
XRPUSDT,1590708635.0,1.4985,615.8,,,False,18.653484232121066,0.7219831881976134,14.11132593515162,-0.3930514095659744,0.059,0.9999999994284108,-3.245705093879086,1.8975977714921821,2026-03-17 14:05:36.880000
XRPUSDT,1590708636.0,1.4985,1112.4,,,False,18.726487489460535,0.7224814241859984,14.139534374344324,-0.39467065851913685,0.059,0.9999999994288362,-3.249963854299912,1.9025648346306472,2026-03-17 14:05:36.880000
XRPUSDT,1590708637.0,1.4984,1330.4,,,True,18.783923866679284,0.7228190087990878,14.16459617165636,-0.3113637701875662,0.24,0.9999999994282255,246.77335726052632,1.9075328617039202,2026-03-17 14:05:37.120000
XRPUSDT,1590708638.0,1.4984,1312.1,,,True,18.85710610752191,0.7233163209358234,14.192787054367765,-0.39766173804256283,0.24,0.9999999994285893,-173.52877897059827,1.9125008921008901,2026-03-17 14:05:37.120000
XRPUSDT,1590708639.0,1.4985,3.6,,,False,18.94608676207792,0.7239728378108516,14.224107118628261,-0.48487747852854685,0.16,0.9999999994299711,-132.84615187117026,1.9174684988098423,2026-03-17 14:05:37.280000
XRPUSDT,1590708640.0,1.4985,3.4,,,False,19.019474638036876,0.7244688689018599,14.252278876346995,-0.40117994070254925,0.16,0.9999999994303153,168.7344590756774,1.9224361092209874,2026-03-17 14:05:37.280000
XRPUSDT,1590708641.0,1.4984,686.0,,,True,19.077213815330722,0.7248049567809232,14.277301657879853,-0.3164867660171465,1.141,0.9999999994296097,251.99711135510353,1.9274090198734577,2026-03-17 14:05:38.421000
XRPUSDT,1590708642.0,1.4984,3.4,,,True,19.150822796727795,0.7253000599093823,14.305464402022778,-0.4044113074028963,1.141,0.9999999994293335,-177.5883373215406,1.9323819386723589,2026-03-17 14:05:38.421000
XRPUSDT,1590708643.0,1.4984,2638.1,,,True,19.2245262377546,0.7257946092794144,14.333617687209571,-0.40603515694260184,1.141,0.9999999994287319,-3.2834932932985534,1.9373548685653372,2026-03-17 14:05:38.421000
XRPUSDT,1590708644.0,1.4985,3.6,,,False,19.314129076547495,0.7264474696137596,14.3649027552742,-0.4949891634106219,0.072,0.9999999994288343,-136.25273552150927,1.9423219698568293,2026-03-17 14:05:38.493000
XRPUSDT,1590708645.0,1.4985,3.6,,,False,19.38798348602248,0.7269407309667016,14.393026089523532,-0.4092610477538064,0.072,0.9999999994282904,173.79856570050464,1.9472890741080284,2026-03-17 14:05:38.493000
XRPUSDT,1590708646.0,1.4985,2.5,,,False,19.461931823481795,0.7274334366058954,14.421139909282362,-0.41088254346762265,0.072,0.9999999994277802,-3.2910029535474616,1.9522561811237362,2026-03-17 14:05:38.493000
XRPUSDT,1590708647.0,1.4984,309.2,,,True,19.520109452616424,0.7277672671859975,14.446101785645604,-0.32410694443412824,0.185,0.9999999994262757,259.93903556398527,1.9572239155667042,2026-03-17 14:05:38.678000
XRPUSDT,1590708648.0,1.4984,3.6,,,True,19.594231386563198,0.7282590389356117,14.474197349000002,-0.4138634072259456,0.185,0.9999999994257606,-182.516508649035,1.962191653168093,2026-03-17 14:05:38.678000
XRPUSDT,1590708649.0,1.4984,868.7,,,True,19.668446924666103,0.7287502534330896,14.502283378283144,-0.4154856593820853,0.185,0.9999999994252409,-3.3025331387184,1.9671593943837482,2026-03-17 14:05:38.678000
XRPUSDT,1590708650.0,1.4985,1.1,,,False,19.75868174540141,0.7293987003137613,14.5335036874155,-0.5065196625305131,0.252,0.9999999994257389,-140.38775705749913,1.972127515135239,2026-03-17 14:05:38.930000
XRPUSDT,1590708651.0,1.4985,3.6,,,False,19.8331079682711,0.7298886187918872,14.56157172639409,-0.4190478780025265,0.252,0.9999999994251637,178.54355047518084,1.977095640627576,2026-03-17 14:05:38.930000
XRPUSDT,1590708652.0,1.4985,3.6,,,False,19.907627463223413,0.7303779781568522,14.589630183414092,-0.4206702510455172,0.252,0.9999999994245625,-3.315299878048609,1.9820637702314685,2026-03-17 14:05:38.930000
XRPUSDT,1590708653.0,1.4985,3.4,,,False,19.98224009631642,0.7308667778586022,14.617679042188692,-0.4222925005524586,0.252,0.9999999994239355,-3.3188430785319696,1.9870319039434807,2026-03-17 14:05:38.930000
XRPUSDT,1590708654.0,1.4985,3.4,,,False,20.0569457516554,0.7313550173517882,14.645718289742597,-0.42391470444174706,0.252,0.9999999994232815,-3.3225577036032417,1.9920000417601584,2026-03-17 14:05:38.930000
XRPUSDT,1590708655.0,1.4985,3.5,,,False,20.131744313777325,0.7318426960957621,14.673747912938724,-0.4255368416946075,0.252,0.9999999994226019,-3.3262414507595186,1.996968183677982,2026-03-17 14:05:38.930000
XRPUSDT,1590708656.0,1.4985,3.5,,,False,20.206635667648175,0.7323298135545722,14.701767898481092,-0.42715889133435814,0.252,0.9999999994218963,-3.32989427994049,2.001936329693418,2026-03-17 14:05:38.930000
XRPUSDT,1590708657.0,1.4985,333.8,,,False,20.281619698660307,0.7328163691969569,14.729778232917687,-0.42878083242678,0.252,0.9999999994211651,-3.3335161513537086,2.0069044798028792,2026-03-17 14:05:38.930000
XRPUSDT,1590708658.0,1.4985,3.6,,,False,20.356696292629792,0.7333023624963417,14.757778902643256,-0.43040264408038387,0.252,0.9999999994204082,-3.3371070252549004,2.0118726340027564,2026-03-17 14:05:38.930000
XRPUSDT,1590708659.0,1.4985,3.6,,,False,20.4318653357938,0.7337877929308326,14.785769893902124,-0.4320243054469256,0.252,0.9999999994196258,-3.340666862477386,2.0168407922893836,2026-03-17 14:05:38.930000
XRPUSDT,1590708660.0,1.4985,3.6,,,False,20.507126714808045,0.734272659983212,14.813751192790926,-0.4336457957215014,0.252,0.9999999994188181,-3.3441956235605255,2.021808954659069,2026-03-17 14:05:38.930000
XRPUSDT,1590708661.0,1.4985,3.4,,,False,20.582480316744178,0.7347569631409326,14.841722785261341,-0.435267094143005,0.252,0.9999999994179849,-3.3476932695095827,2.0267771211080774,2026-03-17 14:05:38.930000
XRPUSDT,1590708662.0,1.4985,3.6,,,False,20.657926029087236,0.735240701896113,14.869684657122788,-0.4368881799944846,0.252,0.9999999994171267,-3.35115976158477,2.0317452916326406,2026-03-17 14:05:38.930000
XRPUSDT,1590708663.0,1.4985,3.6,,,False,20.73346373973316,0.735723875745532,14.89763679404509,-0.4385090326034628,0.252,0.9999999994162437,-3.3545950612337236,2.036713466228942,2026-03-17 14:05:38.930000
XRPUSDT,1590708664.0,1.4986,3.4,,,False,20.82529648963288,0.7363616729863862,14.928725206818974,-0.5344297215710339,0.097,0.9999999994163278,-150.39370323882494,2.0416807299283484,2026-03-17 14:05:39.027000
XRPUSDT,1590708665.0,1.4986,3.7,,,False,20.90102824809716,0.7368435333161698,14.95665614983461,-0.44198680067099827,0.097,0.9999999994154981,191.84588393394608,2.0466479967689897,2026-03-17 14:05:39.027000
XRPUSDT,1590708666.0,1.4986,3.6,,,False,20.976851619657282,0.7373248271019701,14.98457729625074,-0.44360601929599525,0.097,0.9999999994146951,-3.3643040337711794,2.0516152665076373,2026-03-17 14:05:39.027000
XRPUSDT,1590708667.0,1.4986,3.6,,,False,21.05276648694522,0.7378055538606443,15.012488629932825,-0.44522487617071294,0.097,0.9999999994139177,-3.3675197927039915,2.0565825391330685,2026-03-17 14:05:39.027000
XRPUSDT,1590708668.0,1.4986,6.7,,,False,21.12877273988488,0.7382857131136811,15.040390135957871,-0.446843391031394,0.097,0.9999999994131658,-3.3707876094122002,2.0615498146341507,2026-03-17 14:05:39.027000
XRPUSDT,1590708669.0,1.4986,3.4,,,False,21.204870268796558,0.7387653043871943,15.06828179927878,-0.4484615435045512,0.097,0.9999999994124384,-3.3740240127877335,2.0665170929998395,2026-03-17 14:05:39.027000
XRPUSDT,1590708670.0,1.4986,3.6,,,False,21.281058964394568,0.739244327211918,15.096163604726828,-0.45007931326353845,0.097,0.9999999994117351,-3.3772289659067285,2.071484374219151,2026-03-17 14:05:39.027000
XRPUSDT,1590708671.0,1.4986,3.6,,,False,21.35733871778488,0.7397227811231997,15.124035537014073,-0.4516966800288642,0.097,0.9999999994110551,-3.380402432061345,2.0764516582811945,2026-03-17 14:05:39.027000
XRPUSDT,1590708672.0,1.4986,4.1,,,False,21.433709420462794,0.7402006656609946,15.151897580735787,-0.4533136235684819,0.097,0.9999999994103983,-3.383544374711462,2.081418945175124,2026-03-17 14:05:39.027000
XRPUSDT,1590708673.0,1.4986,3.6,,,False,21.51017096431059,0.7406779803698607,15.179749720372808,-0.45493012369803054,0.097,0.9999999994097635,-3.3866547573800667,2.0863862348901945,2026-03-17 14:05:39.027000
XRPUSDT,1590708674.0,1.4986,3.5,,,False,21.586723241595273,0.7411547247989515,15.207591940293906,-0.45654616028130124,0.097,0.9999999994091504,-3.3897335441391148,2.0913535274157207,2026-03-17 14:05:39.027000
XRPUSDT,1590708675.0,1.4986,333.8,,,False,21.663366144966265,0.7416308985020106,15.235424224758109,-0.45816171323041494,0.097,0.9999999994085588,-3.392780699007338,2.096320822741086,2026-03-17 14:05:39.027000
XRPUSDT,1590708676.0,1.4986,3.6,,,False,21.740099567453143,0.7421065010373659,15.263246557916998,-0.45977676250612837,0.097,0.9999999994079866,-3.3957961862145556,2.101288120855745,2026-03-17 14:05:39.027000
XRPUSDT,1590708677.0,1.4986,3.4,,,False,21.816923402463416,0.7425815319679225,15.291058923816985,-0.46139128811814334,0.097,0.9999999994074353,-3.398779970228375,2.106255421749235,2026-03-17 14:05:39.027000
XRPUSDT,1590708678.0,1.4986,3.6,,,False,21.893837543780286,0.7430559908611573,15.318861306401544,-0.4630052701254089,0.097,0.9999999994069037,-3.401732015732463,2.1112227254111384,2026-03-17 14:05:39.027000
XRPUSDT,1590708679.0,1.4987,3.4,,,False,21.987337043385434,0.7436822482968098,15.349798447652635,-0.5641359109814568,0.109,0.9999999994073507,-161.48413591395558,2.116190107209017,2026-03-17 14:05:39.136000
XRPUSDT,1590708680.0,1.4987,0.3,,,False,22.064451610950048,0.7441553773958419,15.37758084120639,-0.4665209401393907,0.109,0.9999999994068464,206.317833846546,2.121157492085572,2026-03-17 14:05:39.136000
XRPUSDT,1590708681.0,1.4987,3.7,,,False,22.141656156310802,0.744627933053534,15.405353188317452,-0.46813279871189084,0.109,0.9999999994063556,-3.4109391058234313,2.1261248797830548,2026-03-17 14:05:39.136000
XRPUSDT,1590708682.0,1.4987,2.7,,,False,22.21895056696346,0.7450999148570473,15.433115471092814,-0.4697439822437065,0.109,0.9999999994058798,-3.413656034666127,2.131092270291839,2026-03-17 14:05:39.136000
XRPUSDT,1590708683.0,1.4987,1.0,,,False,22.296334738621024,0.7455713223980796,15.460867673044213,-0.47135451848266796,0.109,0.999999999405416,-3.416441398953489,2.136059663602355,2026-03-17 14:05:39.136000
XRPUSDT,1590708684.0,1.4987,3.7,,,False,22.37380856735869,0.7460421552728601,15.488609777593387,-0.4729643878039145,0.109,0.9999999994049656,-3.419194808766976,2.1410270597050967,2026-03-17 14:05:39.136000
XRPUSDT,1590708685.0,1.4987,0.4,,,False,22.451371949611758,0.7465124130821419,15.516341768074145,-0.47457357063379263,0.109,0.9999999994045283,-3.421916230026747,2.145994458590588,2026-03-17 14:05:39.136000
XRPUSDT,1590708686.0,1.4987,3.3,,,False,22.529024782173604,0.7469820954311954,15.544063627734454,-0.47618204745034143,0.109,0.999999999404103,-3.4246056292940694,2.150961860249421,2026-03-17 14:05:39.136000
XRPUSDT,1590708687.0,1.4987,0.3,,,False,22.606766962193557,0.7474512019298017,15.57177533973845,-0.4777897987833492,0.109,0.9999999994036892,-3.42726297287351,2.1559292646722157,2026-03-17 14:05:39.136000
XRPUSDT,1590708688.0,1.4987,3.4,,,False,22.684598387174887,0.7479197321922457,15.59947688716845,-0.4793968052148068,0.109,0.9999999994032874,-3.429888227656934,2.1608966718496836,2026-03-17 14:05:39.136000
XRPUSDT,1590708689.0,1.4987,0.2,,,False,22.762518954972755,0.7483876858373094,15.627168253026959,-0.4810030473789673,0.109,0.9999999994028964,-3.4324813602891875,2.1658640817725563,2026-03-17 14:05:39.136000
XRPUSDT,1590708690.0,1.4987,3.5,,,False,22.840528563792226,0.7488550624882645,15.654849420238621,-0.4826085059628549,0.109,0.9999999994025159,-3.435042338137323,2.170831494431622,2026-03-17 14:05:39.136000
XRPUSDT,1590708691.0,1.4987,0.1,,,False,22.918627112186247,0.7493218617728662,15.68252037165218,-0.48421316170636025,0.109,0.9999999994021467,-3.4375711284017636,2.175798909817709,2026-03-17 14:05:39.136000
XRPUSDT,1590708692.0,1.4987,3.6,,,False,22.99681449905369,0.7497880833233451,15.710181090042392,-0.4858169954025364,0.109,0.9999999994017866,-3.440067698562245,2.1807663279217064,2026-03-17 14:05:39.136000
XRPUSDT,1590708693.0,1.4987,3.7,,,False,23.07509062363735,0.7502537267764011,15.73783155811194,-0.48741998789787994,0.109,0.9999999994014371,-3.442532016338135,2.185733748734539,2026-03-17 14:05:39.136000
XRPUSDT,1590708694.0,1.4987,0.2,,,False,23.153455385522037,0.750718791773196,15.765471758493314,-0.4890221200925085,0.109,0.9999999994010965,-3.444964049477125,2.190701172247186,2026-03-17 14:05:39.136000
XRPUSDT,1590708695.0,1.4987,3.5,,,False,23.23190868463262,0.7511832779593455,15.793101673750671,-0.490623372940648,0.109,0.9999999994007653,-3.447363766431194,2.1956685984506605,2026-03-17 14:05:39.136000
XRPUSDT,1590708696.0,1.4987,0.1,,,False,23.310450421232105,0.7516471849849132,15.820721286381684,-0.49222372745055554,0.109,0.9999999994004433,-3.4497311351319295,2.2006360273360435,2026-03-17 14:05:39.136000
XRPUSDT,1590708697.0,1.4987,3.6,,,False,23.38908049591974,0.7521105125044026,15.848330578819354,-0.4938231646849597,0.109,0.9999999994001294,-3.452066124124759,2.205603458894421,2026-03-17 14:05:39.136000
XRPUSDT,1590708698.0,1.4987,3.5,,,False,23.467798809629127,0.7525732601767493,15.875929533433823,-0.49542166576132846,0.109,0.999999999399824,-3.4543687021968843,2.210570893116962,2026-03-17 14:05:39.136000
XRPUSDT,1590708699.0,1.4987,0.2,,,False,23.546605263626336,0.753035427665315,15.903518132534142,-0.49701921185204645,0.109,0.9999999993995268,-3.456638838175395,2.2155383299948532,2026-03-17 14:05:39.136000
XRPUSDT,1590708700.0,1.4987,3.3,,,False,23.625499759508067,0.7534970146378782,15.931096358370059,-0.4986157841846763,0.109,0.9999999993992364,-3.4588765011365257,2.220505769519336,2026-03-17 14:05:39.136000
XRPUSDT,1590708701.0,1.4987,0.4,,,False,23.70448219919977,0.7539580207666284,15.95866419313373,-0.5002113640421231,0.109,0.9999999993989549,-3.4610816601774665,2.225473211681684,2026-03-17 14:05:39.136000
XRPUSDT,1590708702.0,1.4987,3.1,,,False,23.78355248495387,0.7544184457281576,15.986221618961475,-0.5018059327630695,0.109,0.9999999993986799,-3.463254285020535,2.2304406564732147,2026-03-17 14:05:39.136000
XRPUSDT,1590708703.0,1.4987,0.6,,,False,23.862710519347875,0.7548782892034527,16.013768617935458,-0.5033994717419816,0.109,0.999999999398412,-3.4653943450859894,2.235408103885293,2026-03-17 14:05:39.136000
XRPUSDT,1590708704.0,1.4987,2.8,,,False,23.94195620528265,0.7553375508778882,16.041305172085394,-0.5049919624295149,0.001,0.9999999993981504,-3.4675018103579753,2.2403748211613426,2026-03-17 14:05:39.137000
XRPUSDT,1590708705.0,1.4987,0.9,,,False,24.0212816242835,0.7557962304412182,16.068829819825627,-0.5065334225292857,0.001,0.9999999993979608,-3.3606470028438804,2.2453415403507853,2026-03-17 14:05:39.137000
XRPUSDT,1590708706.0,1.4987,2.7,,,False,24.100694476956026,0.7562543275875687,16.09634398577979,-0.5081234007392647,1.148,0.9999999993978088,-3.4708319461185217,2.250316092561867,2026-03-17 14:05:40.285000
XRPUSDT,1590708707.0,1.4987,3.6,,,False,24.180278443408632,0.7567118420154302,16.123863074186364,-0.5102495931734686,1.148,0.9999999993969968,-4.647268599030514,2.2552906539225654,2026-03-17 14:05:40.285000
XRPUSDT,1590708708.0,1.4987,3.4,,,False,24.259949913314582,0.7571687734276489,16.151371653313433,-0.5118411888589509,1.148,0.9999999993958574,-3.4832266789320903,2.2602652244746606,2026-03-17 14:05:40.285000
XRPUSDT,1590708709.0,1.4987,3.6,,,False,24.339708791654413,0.7576251215314196,16.178869704848875,-0.5134316486876536,1.148,0.999999999394384,-3.4851899581942196,2.2652398042477206,2026-03-17 14:05:40.285000
XRPUSDT,1590708710.0,1.4987,3.6,,,False,24.419554983593383,0.758080886038278,16.20635721041426,-0.5150209535723571,1.148,0.9999999993925716,-3.487118590385249,2.2702143932707046,2026-03-17 14:05:40.285000
XRPUSDT,1590708711.0,1.4987,3.6,,,False,24.499488394602906,0.7585360666640916,16.233834151589146,-0.5166090852714252,1.148,0.9999999993904126,-3.4890142703885703,2.275188991571876,2026-03-17 14:05:40.285000
XRPUSDT,1590708712.0,1.4987,3.6,,,False,24.57950893045887,0.7589906631290525,16.261300509912612,-0.5181960256008432,1.148,0.9999999993879027,-3.490876968333562,2.280163599178895,2026-03-17 14:05:40.285000
XRPUSDT,1590708713.0,1.4987,3.5,,,False,24.65961649723997,0.7594446751576692,16.288756266884803,-0.5197817564344269,1.148,0.999999999385036,-3.4927066545243033,2.285138216118719,2026-03-17 14:05:40.285000
XRPUSDT,1590708714.0,1.4987,3.4,,,False,24.739811001326043,0.7598981024787579,16.31620140396845,-0.5213662597041715,1.148,0.999999999381808,-3.4945032997575933,2.2901128424177446,2026-03-17 14:05:40.285000
XRPUSDT,1590708715.0,1.4987,3.6,,,False,24.82009234939648,0.7603509448254351,16.343635902590396,-0.5229495174003316,1.148,0.9999999993782117,-3.4962668747247,2.2950874781016846,2026-03-17 14:05:40.285000
XRPUSDT,1590708716.0,1.4987,3.4,,,False,24.90046044842851,0.7608032019351089,16.371059744143047,-0.5245315115716422,1.148,0.9999999993742447,-3.49799735033856,2.3000621231956684,2026-03-17 14:05:40.285000
XRPUSDT,1590708717.0,1.4987,3.4,,,False,24.980915205695666,0.761254873549471,16.398472909985887,-0.5261122243255552,1.148,0.9999999993699001,-3.4996946977625747,2.305036777724162,2026-03-17 14:05:40.285000
XRPUSDT,1590708718.0,1.4987,100.0,,,True,25.061456528766126,0.7617059594144879,16.425875381446904,-0.5276916378284754,0.001,0.999999999365174,-3.5013588884254565,2.310003317577881,2026-03-17 14:05:40.286000
XRPUSDT,1590708719.0,1.4988,3.4,,,False,25.159247418819344,0.7623012928513003,16.45637747594962,-0.6418829019395608,0.001,0.9999999993619456,-191.81060066523688,2.3149698600546835,2026-03-17 14:05:40.287000
XRPUSDT,1590708720.0,1.4988,3.4,,,False,25.239891791722517,0.762751017783994,16.483741813303087,-0.5305268851653041,0.001,0.9999999993579124,247.6091688029739,2.3199364051348366,2026-03-17 14:05:40.287000
XRPUSDT,1590708721.0,1.4988,3.7,,,False,25.320622171890104,0.7632001561540814,16.511095380286815,-0.5320977271194157,0.001,0.9999999993539823,-3.4974565940689106,2.324902952799829,2026-03-17 14:05:40.287000
XRPUSDT,1590708722.0,1.4988,3.6,,,False,25.401438467689804,0.7636487077259086,16.538438158301524,-0.5336671919196339,0.001,0.9999999993501534,-3.4989617667033817,2.3298695030332026,2026-03-17 14:05:40.287000
XRPUSDT,1590708723.0,1.4988,6.7,,,False,25.482340587854686,0.7640966722680516,16.565770128737626,-0.5352352626349882,0.001,0.9999999993464244,-3.5004348957023477,2.334836055818617,2026-03-17 14:05:40.287000
XRPUSDT,1590708724.0,1.4988,3.6,,,False,25.56332844140817,0.7645440495533077,16.593091272963274,-0.536801921912146,0.001,0.9999999993427928,-3.501874880082281,2.3398026111399113,2026-03-17 14:05:40.287000
XRPUSDT,1590708725.0,1.4988,3.6,,,False,25.644401937662437,0.764990839358687,16.62040157232567,-0.538367152458167,0.001,0.999999999339257,-3.503281693485156,2.3447691689810513,2026-03-17 14:05:40.287000
XRPUSDT,1590708726.0,1.4988,3.4,,,False,25.725560986216937,0.7654370414654047,16.64770100815242,-0.5399309370410045,0.001,0.9999999993358145,-3.5046553104390386,2.3497357293260968,2026-03-17 14:05:40.287000
XRPUSDT,1590708727.0,1.4988,7.3,,,False,25.806805496956887,0.7658826556588703,16.674989561752806,-0.5414932584894756,0.001,0.9999999993324651,-3.505995705210573,2.3547022921593084,2026-03-17 14:05:40.287000
XRPUSDT,1590708728.0,1.4988,3.4,,,False,25.888135380051725,0.7663276817286802,16.702267214419113,-0.543054099693409,0.001,0.9999999993292056,-3.5073028521681002,2.3596688574650098,2026-03-17 14:05:40.287000
XRPUSDT,1590708729.0,1.4988,3.6,,,False,25.969550545953663,0.7667721194686089,16.729533947427903,-0.5446134436040272,0.001,0.9999999993260353,-3.5085767263333034,2.3646354252277235,2026-03-17 14:05:40.287000
XRPUSDT,1590708730.0,1.4988,3.4,,,False,26.051050905396195,0.7672159686765995,16.756789742041253,-0.5461712732338655,0.001,0.9999999993229517,-3.50981730234701,2.369601995432029,2026-03-17 14:05:40.287000
XRPUSDT,1590708731.0,1.4989,3.4,,,False,26.150107127668157,0.7678017238859569,16.787149741393304,-0.664953406397496,0.002,0.9999999993208901,-202.78459545230763,2.374568575435989,2026-03-17 14:05:40.289000
XRPUSDT,1590708732.0,1.4989,6.7,,,False,26.231795953870275,0.7682442059126716,16.814382726598055,-0.5495370461860138,0.002,0.999999999317977,260.83852731468653,2.379535157860262,2026-03-17 14:05:40.289000
XRPUSDT,1590708733.0,1.4989,5.1,,,False,26.313569688806908,0.7686860987660773,16.84160470377816,-0.5510895474510098,0.002,0.9999999993151448,-3.5132979703808047,2.3845017426863118,2026-03-17 14:05:40.289000
XRPUSDT,1590708734.0,1.4989,3.4,,,False,26.3954282442346,0.7691274022620319,16.868815654172963,-0.552640462202919,0.002,0.9999999993123931,-3.5143948917836405,2.389468329899265,2026-03-17 14:05:40.289000
XRPUSDT,1590708735.0,1.4989,309.6,,,False,26.477371532330864,0.7695681162205147,16.896015559039686,-0.5541897747712498,0.002,0.99999999930972,-3.5154606259001695,2.3944349194844374,2026-03-17 14:05:40.289000
XRPUSDT,1590708736.0,1.4989,5.0,,,False,26.559399465545482,0.7700082404656168,16.923204399628332,-0.5557374685590344,0.002,0.9999999993071244,-3.5164929108270964,2.3994015114271834,2026-03-17 14:05:40.289000
XRPUSDT,1590708737.0,1.4989,3.4,,,False,26.64151195659915,0.7704477748255327,16.950382157182887,-0.5572835270319684,0.002,0.9999999993046044,-3.5174917228988267,2.404368105713063,2026-03-17 14:05:40.289000
XRPUSDT,1590708738.0,1.4989,3.7,,,False,26.72370891848207,0.7708867191325506,16.977548812942434,-0.5588279337184421,0.002,0.9999999993021591,-3.5184570383570257,2.4093347023276874,2026-03-17 14:05:40.289000
XRPUSDT,1590708739.0,1.4989,3.7,,,False,26.805990264452557,0.7713250732230431,17.00470434814234,-0.5603706722099616,0.002,0.9999999992997861,-3.5193888342324433,2.414301301256819,2026-03-17 14:05:40.289000
XRPUSDT,1590708740.0,1.4989,3.6,,,False,26.88835590803568,0.7717628369374584,17.031848744015367,-0.561911726160929,0.002,0.9999999992974854,-3.520287086895132,2.419267902486319,2026-03-17 14:05:40.289000
XRPUSDT,1590708741.0,1.4989,7.3,,,False,26.97080576302187,0.77220001012031,17.05898198179279,-0.5634510792890408,0.002,0.999999999295255,-3.5211517734705913,2.424234506002194,2026-03-17 14:05:40.289000
XRPUSDT,1590708742.0,1.4989,2103.1,,,False,27.05333974346559,0.7726365926201703,17.086104042705514,-0.564988715375361,0.002,0.9999999992930937,-3.521982871078109,2.4292011117905234,2026-03-17 14:05:40.289000
XRPUSDT,1590708743.0,1.4989,3.4,,,False,27.13595776368399,0.7730725842896569,17.113214907985178,-0.5665246182644773,0.002,0.9999999992909995,-3.5227803570763254,2.434167719837533,2026-03-17 14:05:40.289000
XRPUSDT,1590708744.0,1.4989,3.4,,,False,27.21865973825556,0.7735079849854263,17.140314558865192,-0.5680587718646322,0.002,0.9999999992889715,-3.523544208958552,2.4391343301295403,2026-03-17 14:05:40.289000
XRPUSDT,1590708745.0,1.4989,3.4,,,False,27.3014455820188,0.7739427945681637,17.167402976581865,-0.5695911601478539,0.002,0.9999999992870098,-3.524274404382375,2.444100942652975,2026-03-17 14:05:40.289000
XRPUSDT,1590708746.0,1.4989,3.4,,,False,27.384315210070906,0.7743770129025725,17.194480142375433,-0.5711217671500758,0.002,0.9999999992851114,-3.5249709211513203,2.449067557394385,2026-03-17 14:05:40.289000
XRPUSDT,1590708747.0,1.4989,3.4,,,False,27.46726853776649,0.7748106398573669,17.221546037491102,-0.5726505769713692,0.002,0.9999999992832757,-3.525633737456649,2.454034174340433,2026-03-17 14:05:40.289000
XRPUSDT,1590708748.0,1.499,3.4,,,False,27.56808309477987,0.7753828709031155,17.251697321976703,-0.6970203436869482,0.011,0.9999999992824422,-217.3418720280434,2.4590008630353775,2026-03-17 14:05:40.300000
XRPUSDT,1590708749.0,1.499,0.3,,,False,27.651222295469328,0.7758151243488527,17.27873964188379,-0.575949779549976,0.011,0.9999999992807215,280.0916113704984,2.4639675539705426,2026-03-17 14:05:40.300000
XRPUSDT,1590708750.0,1.499,6.4,,,False,27.734444928183372,0.7762467860075362,17.30577062248615,-0.5774723872755914,0.006,0.9999999992790568,-3.5273175066306193,2.4689342082650185,2026-03-17 14:05:40.306000
XRPUSDT,1590708751.0,1.499,3.7,,,False,27.817750472577107,0.7766778557650983,17.33279016935333,-0.5789900953365048,0.006,0.9999999992774511,-3.5207945681383124,2.4739008647323097,2026-03-17 14:05:40.306000
XRPUSDT,1590708752.0,1.499,3.6,,,False,27.901139280148488,0.7771083335114298,17.359798339439465,-0.5805089366705753,0.006,0.9999999992759012,-3.52826910801747,2.478867523359711,2026-03-17 14:05:40.306000
XRPUSDT,1590708753.0,1.499,3.6,,,False,27.98461126782433,0.77753821914037,17.38679511408863,-0.5820258832213914,0.006,0.9999999992744056,-3.528721242800729,2.4838341841345932,2026-03-17 14:05:40.306000
XRPUSDT,1590708754.0,1.499,3.6,,,False,28.068166352779652,0.7779675125496978,17.41378047465683,-0.5835409195596805,0.006,0.9999999992729639,-3.5291395240882064,2.4888008470444207,2026-03-17 14:05:40.306000
XRPUSDT,1590708755.0,1.499,103.6,,,False,28.151804452436426,0.7783962136411209,17.440754402512955,-0.5850540303212055,0.006,0.9999999992715747,-3.5295239312363402,2.4937675120767877,2026-03-17 14:05:40.306000
XRPUSDT,1590708756.0,1.499,3.6,,,False,28.23552548446241,0.7788243223202667,17.467716879039713,-0.586565200207035,0.005,0.9999999992702374,-3.529874444135871,2.498734171326888,2026-03-17 14:05:40.311000
XRPUSDT,1590708757.0,1.499,3.4,,,False,28.31932927767779,0.7792518384966716,17.49466787031025,-0.588073788757185,0.005,0.9999999992689512,-3.5287285801349557,2.5037008326703107,2026-03-17 14:05:40.311000
XRPUSDT,1590708758.0,1.499,3.6,,,False,28.403215839101655,0.7796787620837737,17.52160737306534,-0.5895810276868354,0.005,0.999999999267715,-3.5304653459911384,2.5086674960949025,2026-03-17 14:05:40.311000
XRPUSDT,1590708759.0,1.499,3.4,,,False,28.48718508713153,0.7801050929988992,17.548535368734882,-0.5910862802375794,0.005,0.9999999992665283,-3.5307140470942255,2.513634161588579,2026-03-17 14:05:40.311000
XRPUSDT,1590708760.0,1.499,575.9,,,False,28.571236940405868,0.7805308311632547,17.575451838766295,-0.592589531372427,0.005,0.9999999992653893,-3.5309287743164055,2.5186008291393707,2026-03-17 14:05:40.311000
XRPUSDT,1590708761.0,1.499,15.6,,,False,28.65537131780286,0.780955976501918,17.60235676462539,-0.5940907661200845,0.024,0.999999999264298,-3.531109508051555,2.52356765061632,2026-03-17 14:05:40.335000
XRPUSDT,1590708762.0,1.499,3.6,,,False,28.739589861295297,0.7813805289438238,17.62925042208236,-0.5956021543256875,0.349,0.9999999992632403,-3.5599564539500252,2.5285370787303183,2026-03-17 14:05:40.684000
XRPUSDT,1590708763.0,1.499,3.5,,,False,28.823920344671713,0.7818044884217601,17.656137542638156,-0.5973088516220691,0.349,0.9999999992620082,-4.025614204190881,2.5335065103922094,2026-03-17 14:05:40.684000
XRPUSDT,1590708764.0,1.499,3.4,,,False,28.908333188691522,0.7822278548723534,17.68301306194962,-0.5988051795508567,0.349,0.9999999992607077,-3.5343564108367564,2.538475945599849,2026-03-17 14:05:40.684000
XRPUSDT,1590708765.0,1.499,3.6,,,False,28.992828313247166,0.7826506282360606,17.709876961517825,-0.6002994312143396,0.349,0.9999999992593405,-3.534403516768728,2.54344538435016,2026-03-17 14:05:40.684000
XRPUSDT,1590708766.0,1.499,3.6,,,False,29.077405638454163,0.783072808457158,17.736729222864835,-0.6017915918725608,0.349,0.9999999992579046,-3.5344163076671564,2.548414826639933,2026-03-17 14:05:40.684000
XRPUSDT,1590708767.0,1.499,3.6,,,False,29.162065084659325,0.7834943954837318,17.763569827536095,-0.603281646918054,0.349,0.9999999992564026,-3.5343949210266254,2.5533842724658813,2026-03-17 14:05:40.684000
XRPUSDT,1590708768.0,1.499,3.5,,,False,29.24680657243963,0.7839153892676678,17.790398757101293,-0.6047695818097295,0.349,0.9999999992548337,-3.534339338135466,2.558353721824613,2026-03-17 14:05:40.684000
XRPUSDT,1590708769.0,1.499,3.5,,,False,29.331630022601097,0.7843357897646411,17.817215993155166,-0.6062553820729395,0.349,0.999999999253198,-3.53424954039533,2.563323174712643,2026-03-17 14:05:40.684000
XRPUSDT,1590708770.0,1.499,3.6,,,False,29.416535356177686,0.7847555969341058,17.844021517318296,-0.6077390332997108,0.349,0.9999999992514962,-3.5341255097269104,2.5682926311263765,2026-03-17 14:05:40.684000
XRPUSDT,1590708771.0,1.499,39.9,,,True,29.501522494430205,0.7851748107392851,17.870815311237912,-0.6092205211488454,0.389,0.9999999992497282,-3.5339672282524397,2.5732624188300712,2026-03-17 14:05:41.073000
XRPUSDT,1590708772.0,1.4991,3.7,,,False,29.60479746959476,0.785727980236312,17.900662979765748,-0.7412858168356624,0.109,0.9999999992487839,-238.74291043997792,2.5782299108234232,2026-03-17 14:05:41.182000
XRPUSDT,1590708773.0,1.4991,6.7,,,False,29.689942912101998,0.7861458162994922,17.92742805429219,-0.6122368283363158,0.109,0.9999999992470379,308.8507667747154,2.5831974054991105,2026-03-17 14:05:41.182000
XRPUSDT,1590708774.0,1.4991,3.6,,,False,29.775169861026512,0.7865630589031471,17.954181335294972,-0.6137101008694175,0.109,0.9999999992453097,-3.5309733958042404,2.588164902703413,2026-03-17 14:05:41.182000
XRPUSDT,1590708775.0,1.4991,3.6,,,False,29.860478230602208,0.7869797080266688,17.98092280328039,-0.6151810939432435,0.109,0.9999999992435988,-3.530532025106915,2.5931324024268454,2026-03-17 14:05:41.182000
XRPUSDT,1590708776.0,1.4991,3.6,,,False,29.94586794322445,0.7873957636531644,18.007652440121802,-0.616649850596555,0.109,0.999999999241906,-3.5301929832860823,2.598099904659887,2026-03-17 14:05:41.182000
XRPUSDT,1590708777.0,1.4991,3.4,,,False,30.031338921509825,0.7878112257694454,18.034370227723798,-0.6181163569320587,0.109,0.9999999992402296,-3.52981963465465,2.6030674093931303,2026-03-17 14:05:41.182000
XRPUSDT,1590708778.0,1.4991,3.5,,,False,30.116891088295063,0.7882260943660138,18.061076148022966,-0.6195805991198897,0.109,0.9999999992385712,-3.5294119630714254,2.608034916617146,2026-03-17 14:05:41.182000
XRPUSDT,1590708779.0,1.4991,3.6,,,False,30.20252436663603,0.7886403694370572,18.087770182988603,-0.6210425633972647,0.109,0.9999999992369278,-3.52896995151753,2.613002426322555,2026-03-17 14:05:41.182000
XRPUSDT,1590708780.0,1.4991,3.6,,,False,30.28823867980665,0.7890540509804346,18.114452314623424,-0.6225022360689537,0.109,0.9999999992353027,-3.52849358415142,2.6179699385000115,2026-03-17 14:05:41.182000
XRPUSDT,1590708781.0,1.4991,4.2,,,False,30.37403395129791,0.7894671389976667,18.141122524964267,-0.6239596035069748,0.109,0.9999999992336912,-3.5279828443969925,2.622937453140193,2026-03-17 14:05:41.182000
XRPUSDT,1590708782.0,1.4991,3.6,,,False,30.459910104816807,0.7898796334939258,18.1677807960828,-0.6254146521508883,0.109,0.9999999992320963,-3.5274377164050046,2.627904970233819,2026-03-17 14:05:41.182000
XRPUSDT,1590708783.0,1.4991,3.5,,,False,30.545867064285353,0.7902915344780246,18.194427110086192,-0.6268673685078443,0.109,0.9999999992305161,-3.526858184459813,2.632872489771639,2026-03-17 14:05:41.182000
XRPUSDT,1590708784.0,1.4991,3.5,,,False,30.63190475383955,0.7907028419624065,18.221061449117805,-0.6283177391524761,0.109,0.9999999992289514,-3.526244232612043,2.6378400117444234,2026-03-17 14:05:41.182000
XRPUSDT,1590708785.0,1.4991,3.6,,,False,30.71802309782839,0.7911135559631339,18.24768379535788,-0.6297657507271428,0.004,0.999999999227401,-3.5255958455323446,2.642806646149121,2026-03-17 14:05:41.186000
XRPUSDT,1590708786.0,1.4991,3.4,,,False,30.80421168637272,0.7915236764998791,18.274292425842052,-0.6311357194173146,0.004,0.9999999992259365,-3.3404049966487523,2.6477732825978126,2026-03-17 14:05:41.186000
XRPUSDT,1590708787.0,1.4991,3.6,,,False,30.89048075505308,0.7919332035959125,18.300889029053888,-0.6325785959104047,0.004,0.99999999922452,-3.5232747895452663,2.652739921079186,2026-03-17 14:05:41.186000
XRPUSDT,1590708788.0,1.4991,3.6,,,False,30.976830228841475,0.7923421372780919,18.327473587303086,-0.6340190741329886,0.004,0.9999999992231514,-3.522522808360765,2.6577065615819873,2026-03-17 14:05:41.186000
XRPUSDT,1590708789.0,1.4991,3.6,,,False,31.063260032919445,0.7927504775768517,18.354046082938826,-0.6354571410085698,0.004,0.9999999992218306,-3.5217363555563206,2.6626732040951016,2026-03-17 14:05:41.186000
XRPUSDT,1590708790.0,1.4991,3.5,,,False,31.149770092677052,0.7931582245261959,18.380606498350417,-0.636892783528406,0.004,0.9999999992205554,-3.5209154161550487,2.6676398486074,2026-03-17 14:05:41.186000
XRPUSDT,1590708791.0,1.4991,3.6,,,False,31.236360333711897,0.793565378163681,18.407154815967914,-0.6383259887516833,0.004,0.9999999992193258,-3.520059975713198,2.6726064951079445,2026-03-17 14:05:41.186000
XRPUSDT,1590708792.0,1.4991,3.6,,,False,31.323030681828183,0.7939719385304098,18.43369101826272,-0.6397567438054396,0.004,0.9999999992181412,-3.5191700196162414,2.677573143585807,2026-03-17 14:05:41.186000
XRPUSDT,1590708793.0,1.4991,2396.8,,,False,31.409781063035712,0.7943779056710201,18.4602150877482,-0.6411850358847606,0.004,0.999999999217,-3.518245533798692,2.6825397940301547,2026-03-17 14:05:41.186000
XRPUSDT,1590708794.0,1.4991,3.4,,,False,31.496611403549007,0.7947832796336706,18.486727006980285,-0.6426108522528514,0.01,0.9999999992159024,-3.517286504461784,2.6875064983301775,2026-03-17 14:05:41.196000
XRPUSDT,1590708795.0,1.4991,3.5,,,False,31.583522237446275,0.7951880604700355,18.51322685751564,-0.6440386826771587,0.01,0.9999999992148428,-3.527416063293745,2.6924732045944477,2026-03-17 14:05:41.196000
XRPUSDT,1590708796.0,1.4991,3.6,,,False,31.670512885029485,0.7955922482352905,18.53971452296736,-0.6454595311825628,0.01,0.9999999992138232,-3.51531794760743,2.697439912812472,2026-03-17 14:05:41.196000
XRPUSDT,1590708797.0,1.4991,3.5,,,False,31.757583273121966,0.7959958429881022,18.566189986021715,-0.6468778661426934,0.01,0.9999999992128424,-3.514255203392732,2.7024066229738497,2026-03-17 14:05:41.196000
XRPUSDT,1590708798.0,1.4991,3.6,,,False,31.84473332874799,0.7963988447906173,18.592653229409894,-0.6482936750926795,0.01,0.9999999992119004,-3.5131578597175785,2.7073733350682514,2026-03-17 14:05:41.196000
XRPUSDT,1590708799.0,1.4991,3.5,,,False,31.93196297913181,0.7968012537084525,18.619104235908516,-0.6497069456357594,0.01,0.999999999210996,-3.512025903110678,2.7123400490854004,2026-03-17 14:05:41.196000
XRPUSDT,1590708800.0,1.4991,3.6,,,False,32.01927215169682,0.7972030698106831,18.64554298834021,-0.6511176654435948,0.01,0.9999999992101283,-3.510859320977705,2.717306765015123,2026-03-17 14:05:41.196000
XRPUSDT,1590708801.0,1.4991,3.6,,,False,32.10666077406453,0.797604293169832,18.671969469574147,-0.6525258222558302,0.01,0.9999999992092978,-3.5096580997245694,2.722273482847289,2026-03-17 14:05:41.196000
XRPUSDT,1590708802.0,1.4991,3.6,,,False,32.19412877405383,0.7980049238618591,18.698383662526602,-0.6539314038805624,0.01,0.9999999992085017,-3.50842222701453,2.727240202571843,2026-03-17 14:05:41.196000
XRPUSDT,1590708803.0,1.4991,492.4,,,False,32.281676079679904,0.7984049619661502,18.724785550161464,-0.6553343981941833,0.01,0.9999999992077417,-3.507151690229704,2.7322069241788114,2026-03-17 14:05:41.196000
XRPUSDT,1590708804.0,1.4991,3.6,,,False,32.36930261915352,0.7988044075655065,18.751175115490778,-0.6567347931413692,0.022,0.9999999992070154,-3.505846476823085,2.7371737537380483,2026-03-17 14:05:41.218000
XRPUSDT,1590708805.0,1.4991,3.4,,,False,32.45700957416826,0.7992032607461319,18.777552542682756,-0.658141979725579,0.022,0.9999999992063161,-3.5280816414787104,2.742140585193511,2026-03-17 14:05:41.218000
XRPUSDT,1590708806.0,1.4991,3.6,,,False,32.5447956226924,0.799601521597627,18.80391761356783,-0.6595371828231501,0.022,0.9999999992056469,-3.5032393777432684,2.747107418535639,2026-03-17 14:05:41.218000
XRPUSDT,1590708807.0,1.4991,3.5,,,False,32.632660693518375,0.7999991902129711,18.830270311303902,-0.6609297507223056,0.022,0.9999999992050064,-3.5018300298872225,2.752074253754917,2026-03-17 14:05:41.218000
XRPUSDT,1590708808.0,1.4991,0.5,,,False,32.720604715630564,0.8003962666885158,18.856610619099097,-0.6623196716401045,0.022,0.9999999992043941,-3.500385954347934,2.757041090841928,2026-03-17 14:05:41.218000
XRPUSDT,1590708809.0,1.4991,3.1,,,False,32.80862761820441,0.8007927511239743,18.882938520212182,-0.6637069338617505,0.019,0.9999999992038108,-3.498907138793002,2.762007902986269,2026-03-17 14:05:41.237000
XRPUSDT,1590708810.0,1.4991,3.6,,,False,32.896729012548164,0.8011886436224055,18.909253947295497,-0.6650891251258367,0.019,0.999999999203257,-3.4913297664478335,2.766974716971817,2026-03-17 14:05:41.237000
XRPUSDT,1590708811.0,1.4991,3.6,,,False,32.98490914561336,0.8015839442902097,18.93555693441475,-0.666471024428814,0.019,0.9999999992027304,-3.495818285997945,2.771941532789307,2026-03-17 14:05:41.237000
XRPUSDT,1590708812.0,1.4991,2.7,,,False,33.07316794714354,0.8019786532371136,18.96184746498408,-0.6678502303227639,0.019,0.9999999992022317,-3.4942351947392356,2.776908350429449,2026-03-17 14:05:41.237000
XRPUSDT,1590708813.0,1.4991,0.9,,,False,33.16150534706995,0.8023727705761595,18.988125522470252,-0.669226731366919,0.01,0.9999999992017606,-3.4926173192158996,2.781875088811271,2026-03-17 14:05:41.247000
XRPUSDT,1590708814.0,1.4991,3.5,,,False,33.249920309992184,0.8027662964236951,19.014390937532937,-0.6705931945823754,0.01,0.9999999992013208,-3.472359500687661,2.786841828975563,2026-03-17 14:05:41.247000
XRPUSDT,1590708815.0,1.4991,3.4,,,False,33.33841372975847,0.8031592308993618,19.040643846753213,-0.6719642200149981,0.01,0.9999999992009102,-3.4891960810934033,2.7918085709130613,2026-03-17 14:05:41.247000
XRPUSDT,1590708816.0,1.4991,3.5,,,False,33.42698553685813,0.8035515741260842,19.06688423375959,-0.6733325067510965,0.01,0.9999999992005276,-3.4874738313409015,2.796775314614627,2026-03-17 14:05:41.247000
XRPUSDT,1590708817.0,1.4991,3.4,,,False,33.51563566196489,0.8039433262300584,19.093112082234995,-0.6746980436243343,0.01,0.9999999992001726,-3.4857167565537597,2.801742060071152,2026-03-17 14:05:41.247000
XRPUSDT,1590708818.0,1.4991,3.6,,,False,33.60436403593611,0.804334487340741,19.119327375917177,-0.6760608195367828,0.01,0.9999999991998447,-3.4839248463896397,2.8067088072736044,2026-03-17 14:05:41.247000
XRPUSDT,1590708819.0,1.4991,3.5,,,False,33.69317058981196,0.8047250575908381,19.145530098599142,-0.6774208234590126,0.01,0.9999999991995441,-3.482098090910727,2.8116755562129963,2026-03-17 14:05:41.247000
XRPUSDT,1590708820.0,1.4991,3.6,,,False,33.782055254814644,0.8051150371162951,19.1717202341296,-0.6787780444297977,0.01,0.9999999991992696,-3.4802364795816034,2.8166423068804405,2026-03-17 14:05:41.247000
XRPUSDT,1590708821.0,1.4991,3.6,,,False,33.87101796234754,0.8055044260562818,19.19789776641336,-0.6801324715563655,0.01,0.9999999991990209,-3.4783400027074496,2.821609059267035,2026-03-17 14:05:41.247000
XRPUSDT,1590708822.0,1.4991,3.6,,,False,33.96005864399446,0.8058932245531892,19.224062679411745,-0.6814840940143367,0.01,0.9999999991987971,-3.4764086505537293,2.826575813364015,2026-03-17 14:05:41.247000
XRPUSDT,1590708823.0,1.4991,3.6,,,False,34.04917723151883,0.8062814327526089,19.250214957143005,-0.6828329010475682,0.01,0.9999999991985986,-3.4744424132408294,2.831542569162626,2026-03-17 14:05:41.247000
XRPUSDT,1590708824.0,1.4991,3.4,,,False,34.13837365686293,0.8066690508033272,19.276354583682707,-0.6841788819683586,0.01,0.9999999991984246,-3.4724412815558225,2.8365093266541934,2026-03-17 14:05:41.247000
XRPUSDT,1590708825.0,1.4991,3.4,,,False,34.227647852147115,0.8070560788573147,19.30248154316416,-0.6855220261572579,0.01,0.9999999991982738,-3.4704052459790256,2.841476085830073,2026-03-17 14:05:41.247000
XRPUSDT,1590708826.0,1.4991,3.6,,,False,34.31699974966897,0.8074425170697096,19.328595819778737,-0.686862323063004,0.01,0.9999999991981472,-3.468334297065787,2.846442846681702,2026-03-17 14:05:41.247000
XRPUSDT,1590708827.0,1.4992,6.7,,,False,34.425570649368716,0.8079523647116948,19.35766795676328,-0.8353185472404909,0.055,0.9999999991988813,-291.1776223960288,2.85141002633658,2026-03-17 14:05:41.302000
XRPUSDT,1590708828.0,1.4992,3.4,,,False,34.51509944412535,0.8083374341092425,19.38375563968635,-0.6897449726001361,0.055,0.9999999991987738,378.0450369918859,2.856377207765876,2026-03-17 14:05:41.302000
XRPUSDT,1590708829.0,1.4992,3.7,,,False,34.604705738089045,0.808721914203148,19.409830583507215,-0.6910758734531929,0.055,0.9999999991986757,-3.461559841857556,2.861344390928274,2026-03-17 14:05:41.302000
XRPUSDT,1590708830.0,1.4992,3.6,,,False,34.69438946048913,0.8091058051621283,19.43589277210045,-0.6924038537818735,0.055,0.9999999991985878,-3.459264402079484,2.8663115758160407,2026-03-17 14:05:41.302000
XRPUSDT,1590708831.0,1.4992,3.6,,,False,34.784150544534214,0.8094891071580124,19.461942189991053,-0.6937289326757865,0.055,0.9999999991985095,-3.4570101594609133,2.8712787624214746,2026-03-17 14:05:41.302000
XRPUSDT,1590708832.0,1.4992,3.6,,,False,34.87398892360529,0.8098718203657297,19.48797882176429,-0.6950511000084317,0.055,0.9999999991984405,-3.4547209398161205,2.8762459507369,2026-03-17 14:05:41.302000
XRPUSDT,1590708833.0,1.4992,3.4,,,False,34.963904531255004,0.8102539449632983,19.51400265206602,-0.6963703457212848,0.055,0.9999999991983807,-3.452396734591851,2.881213140754676,2026-03-17 14:05:41.302000
XRPUSDT,1590708834.0,1.4992,3.6,,,False,35.053897301206916,0.8106354811318144,19.54001366560304,-0.6976866598240219,0.055,0.9999999991983304,-3.4500375360391873,2.8861803324672386,2026-03-17 14:05:41.302000
XRPUSDT,1590708835.0,1.4992,3.6,,,False,35.14396716735477,0.8110164290554409,19.566011847143457,-0.6990000323944026,0.055,0.9999999991982887,-3.4476433363323995,2.8911475258669874,2026-03-17 14:05:41.302000
XRPUSDT,1590708836.0,1.4992,3.6,,,False,35.23411406376178,0.811396788921396,19.591997181516973,-0.7003104535780633,0.055,0.9999999991982561,-3.4452141273377954,2.8961147209464033,2026-03-17 14:05:41.302000
XRPUSDT,1590708837.0,1.4992,3.5,,,False,35.32433792465986,0.8117765609199404,19.617969653615262,-0.7016179135886442,0.055,0.9999999991982313,-3.442749901498867,2.901081917698,2026-03-17 14:05:41.302000
XRPUSDT,1590708838.0,1.4992,0.8,,,False,35.41463868444894,0.8121557452443722,19.64392924839225,-0.7029224027078036,0.055,0.9999999991982154,-3.4402506514854987,2.9060491161143034,2026-03-17 14:05:41.302000
XRPUSDT,1590708839.0,1.4992,2.7,,,False,35.50501627769628,0.8125343420910057,19.669875950864462,-0.7042239112849165,0.002,0.9999999991982075,-3.43771636949902,2.911015813646256,2026-03-17 14:05:41.304000
XRPUSDT,1590708840.0,1.4992,3.5,,,False,35.59546451524768,0.8129123516591682,19.69580881483437,-0.7054746797622635,0.002,0.9999999991982348,-3.308827560707314,2.9159825127580112,2026-03-17 14:05:41.304000
XRPUSDT,1590708841.0,1.4992,3.5,,,False,35.68598944465248,0.8132897741511861,19.721728757909922,-0.7067700169061168,0.002,0.9999999991982857,-3.4320613404034654,2.9209492134415616,2026-03-17 14:05:41.304000
XRPUSDT,1590708842.0,1.4992,3.4,,,False,35.7765910009789,0.8136666097723702,19.747635765304224,-0.7080623454786248,0.002,0.9999999991983576,-3.429422538260232,2.9259159156889067,2026-03-17 14:05:41.304000
XRPUSDT,1590708843.0,1.4992,3.6,,,False,35.86726911945979,0.8140428587310107,19.77352982229417,-0.7093516561047637,0.002,0.9999999991984505,-3.426748690009641,2.930882619492194,2026-03-17 14:05:41.304000
XRPUSDT,1590708844.0,1.4992,3.4,,,False,35.958023735492034,0.8144185212383621,19.79941091422077,-0.710637939477083,0.002,0.9999999991985628,-3.4240397887669687,2.9358493248435,2026-03-17 14:05:41.304000
XRPUSDT,1590708845.0,1.4993,3.4,,,False,36.068292756102466,0.8149141245407059,19.828211326693815,-0.8640674721672338,0.035,0.9999999991994923,-309.5813364530919,2.9408163482589478,2026-03-17 14:05:41.339000
XRPUSDT,1590708846.0,1.4993,0.3,,,False,36.159220460882885,0.8152884263313585,19.854064915265713,-0.7133854560870039,0.035,0.9999999991996262,402.56824798387436,2.9457833732538665,2026-03-17 14:05:41.339000
XRPUSDT,1590708847.0,1.4993,3.1,,,False,36.25022446583923,0.8156621423935763,19.879905486671547,-0.7146617211588528,0.035,0.9999999991997712,-3.415066144802556,2.950750399808301,2026-03-17 14:05:41.339000
XRPUSDT,1590708848.0,1.4993,0.6,,,False,36.341304704690664,0.8160352729512967,19.905733026193793,-0.7159349019002338,0.035,0.9999999991999272,-3.4121588678210255,2.955717427915,2026-03-17 14:05:41.339000
XRPUSDT,1590708849.0,1.4993,3.7,,,False,36.4324611136757,0.816407818231362,19.931547519536142,-0.717205007841648,0.035,0.9999999992000931,-3.4092659587358973,2.960684457566686,2026-03-17 14:05:41.339000
XRPUSDT,1590708850.0,1.4993,0.8,,,False,36.523693629192444,0.8167797784635076,19.95734895246797,-0.71847203009676,0.035,0.9999999992002703,-3.4063379512465777,2.9656514887561514,2026-03-17 14:05:41.339000
XRPUSDT,1590708851.0,1.4993,2.9,,,False,36.61500218779798,0.8171511538803511,19.983137310824603,-0.7197359598464386,0.035,0.9999999992004577,-3.4033748394584333,2.970618521476232,2026-03-17 14:05:41.339000
XRPUSDT,1590708852.0,1.4993,3.7,,,False,36.70638672620773,0.8175219447173806,20.008912580507566,-0.7209967883388148,0.035,0.9999999992006541,-3.4003766179255357,2.9755855557197917,2026-03-17 14:05:41.339000
XRPUSDT,1590708853.0,1.4993,0.1,,,False,36.797847181294706,0.8178921512129421,20.034674747484836,-0.7222545068890429,0.035,0.9999999992008615,-3.397343280864055,2.980552591479721,2026-03-17 14:05:41.339000
XRPUSDT,1590708854.0,1.4993,3.6,,,False,36.88938349008893,0.8182617736082338,20.060423797791103,-0.7235091068794193,0.035,0.9999999992010784,-3.394274823056222,2.9855196287489387,2026-03-17 14:05:41.339000
XRPUSDT,1590708855.0,1.4993,3.6,,,False,36.98099558977677,0.8186308121472865,20.086159717527984,-0.7247605797592984,0.035,0.9999999992013046,-3.3911712394365936,2.9904866675204422,2026-03-17 14:05:41.339000
XRPUSDT,1590708856.0,1.4993,0.1,,,False,37.0726834177003,0.8189992670769572,20.111882492864286,-0.7260089170449915,0.035,0.9999999992015398,-3.388032524923977,2.995453707787231,2026-03-17 14:05:41.339000
XRPUSDT,1590708857.0,1.4993,3.5,,,False,37.164446911356585,0.8193671386469188,20.137592110036216,-0.7272541103194552,0.035,0.9999999992017845,-3.3848586738950286,3.000420749542318,2026-03-17 14:05:41.339000
XRPUSDT,1590708858.0,1.4993,0.2,,,False,37.25628600839717,0.8197344271096422,20.16328855534764,-0.7284961512327756,0.035,0.9999999992020381,-3.3816496824072386,3.0053877927788033,2026-03-17 14:05:41.339000
XRPUSDT,1590708859.0,1.4993,3.4,,,False,37.34820064662734,0.8201011327203936,20.188971815170284,-0.7297350315015965,0.035,0.9999999992022999,-3.378405545205949,3.010354837489781,2026-03-17 14:05:41.339000
XRPUSDT,1590708860.0,1.4993,0.3,,,False,37.440190764005536,0.820467255737218,20.21464187594394,-0.7309707429093775,0.035,0.999999999202571,-3.3751262581062287,3.015321883668401,2026-03-17 14:05:41.339000
XRPUSDT,1590708861.0,1.4993,3.3,,,False,37.53225629864269,0.820832796420929,20.24029872417672,-0.732203277305832,0.035,0.9999999992028501,-3.371811815696782,3.020288931307861,2026-03-17 14:05:41.339000
XRPUSDT,1590708862.0,1.4993,0.4,,,False,37.62439718880167,0.8211977550350968,20.265942346445254,-0.7334326266077587,0.035,0.9999999992031375,-3.368462215173886,3.025255980401342,2026-03-17 14:05:41.339000
XRPUSDT,1590708863.0,1.4993,3.2,,,False,37.716613372896575,0.8215621318460382,20.291572729394876,-0.7346587827978402,0.035,0.9999999992034329,-3.3650774507681076,3.03022303094207,2026-03-17 14:05:41.339000
XRPUSDT,1590708864.0,1.4993,0.5,,,False,37.808904789492175,0.8219259271228037,20.317189859739845,-0.7358817379255223,0.035,0.9999999992037364,-3.361657519458392,3.0351900829233767,2026-03-17 14:05:41.339000
XRPUSDT,1590708865.0,1.4993,3.0,,,False,37.90127137730328,0.8222891411371677,20.34279372426355,-0.7371014841063758,0.035,0.999999999204047,-3.358202416801845,3.040157136338524,2026-03-17 14:05:41.339000
XRPUSDT,1590708866.0,1.4993,0.7,,,False,37.993713075194115,0.8226517741636157,20.368384309818698,-0.7383180135222024,0.035,0.9999999992043658,-3.3547121389976966,3.045124191180888,2026-03-17 14:05:41.339000
XRPUSDT,1590708867.0,1.4993,2.8,,,False,38.086229822177735,0.8230138264793342,20.393961603327494,-0.739531318420974,0.035,0.999999999204692,-3.351186682410047,3.0500912474438397,2026-03-17 14:05:41.339000
XRPUSDT,1590708868.0,1.4993,0.9,,,False,38.178821557415425,0.8233752983641984,20.419525591781845,-0.7407413911167786,0.035,0.9999999992050256,-3.3476260436108825,3.0550583051207614,2026-03-17 14:05:41.339000
XRPUSDT,1590708869.0,1.4993,2.7,,,False,38.27148822021608,0.8237361901007603,20.445076262243546,-0.741948223989492,0.035,0.9999999992053656,-3.344030218620961,3.0600253642051087,2026-03-17 14:05:41.339000
XRPUSDT,1590708870.0,1.4993,1.0,,,False,38.364229750035605,0.8240965019742421,20.47061360184443,-0.7431518094850822,0.035,0.9999999992057129,-3.340399204609708,3.0649924246903373,2026-03-17 14:05:41.339000
XRPUSDT,1590708871.0,1.4993,2.6,,,False,38.45704608647634,0.824456234272517,20.496137597786582,-0.7443521401151951,0.035,0.9999999992060671,-3.3367329980352354,3.0699594865699646,2026-03-17 14:05:41.339000
XRPUSDT,1590708872.0,1.4994,6.7,,,False,38.56981223097942,0.8249307865862762,20.524519089395767,-0.9048267706244137,0.291,0.9999999992071614,-338.1600423313194,3.0749291220218127,2026-03-17 14:05:41.630000
XRPUSDT,1590708873.0,1.4994,3.7,,,False,38.66282626717992,0.8252891744371262,20.550018687704974,-0.74712715208897,0.291,0.9999999992074035,440.0250124589619,3.079898758808914,2026-03-17 14:05:41.630000
XRPUSDT,1590708874.0,1.4994,3.6,,,False,38.75591498664929,0.8256469836879005,20.575504892476253,-0.7483175911331253,0.291,0.9999999992075906,-3.327021427141802,3.084868396933544,2026-03-17 14:05:41.630000
XRPUSDT,1590708875.0,1.4994,3.6,,,False,38.84907831087187,0.8260042146378191,20.600977688505818,-0.7495045916347023,0.291,0.9999999992077225,-3.3227818078112517,3.0898380363912943,2026-03-17 14:05:41.630000
XRPUSDT,1590708876.0,1.4994,3.6,,,False,38.9423161801654,0.826360867588696,20.626437063360008,-0.7506882963812072,0.291,0.9999999992077994,-3.318925985596689,3.0948076771778066,2026-03-17 14:05:41.630000
XRPUSDT,1590708877.0,1.4994,3.6,,,False,39.03562853498958,0.8267169428449281,20.65188300467639,-0.7518686982778156,0.291,0.9999999992078215,-3.3150348864420525,3.099777319288578,2026-03-17 14:05:41.630000
XRPUSDT,1590708878.0,1.4994,3.4,,,False,39.12901531594549,0.8270724407134848,20.67731550016388,-0.7530457902947987,0.291,0.9999999992077884,-3.311108507519387,3.1047469627190623,2026-03-17 14:05:41.630000
XRPUSDT,1590708879.0,1.4994,3.6,,,False,39.222476463775024,0.8274273615038965,20.702734537602897,-0.754219565467683,0.291,0.9999999992077012,-3.3071468468299123,3.109716607464672,2026-03-17 14:05:41.630000
XRPUSDT,1590708880.0,1.4994,3.6,,,False,39.31601191936036,0.8277817055282432,20.728140104845526,-0.7553900168970817,0.291,0.9999999992075591,-3.303149902293101,3.1146862535207207,2026-03-17 14:05:41.630000
XRPUSDT,1590708881.0,1.4994,3.5,,,False,39.40962162372335,0.828135473101143,20.753532189815626,-0.7565571377484153,0.291,0.9999999992073625,-3.2991176714321218,3.1196559008825164,2026-03-17 14:05:41.630000
XRPUSDT,1590708882.0,1.4994,3.6,,,False,39.50330551802501,0.8284886645397411,20.77891078050898,-0.7577209212520651,0.291,0.9999999992071118,-3.2950501526002336,3.124625549545255,2026-03-17 14:05:41.630000
XRPUSDT,1590708883.0,1.4994,3.6,,,False,39.597063543564964,0.8288412801636986,20.804275864993425,-0.7588813607033172,0.291,0.9999999992068066,-3.290947344386471,3.1295951995041347,2026-03-17 14:05:41.630000
XRPUSDT,1590708884.0,1.4994,3.4,,,False,39.69089564178087,0.829193320295181,20.829627431408987,-0.7600384494618448,0.291,0.9999999992064479,-3.286809244319127,3.1345648507542374,2026-03-17 14:05:41.630000
XRPUSDT,1590708885.0,1.4994,3.6,,,False,39.78480175424794,0.8295447852588451,20.854965467968004,-0.7611921809521214,0.291,0.9999999992060349,-3.282635851518662,3.1395345032905975,2026-03-17 14:05:41.630000
XRPUSDT,1590708886.0,1.4994,3.4,,,False,39.87878182267829,0.8298956753818346,20.880289962955235,-0.7623425486629707,0.291,0.9999999992055684,-3.278427164174503,3.1445041571082495,2026-03-17 14:05:41.630000
XRPUSDT,1590708887.0,1.4995,3.4,,,False,39.992948974711624,0.830358541768614,20.90843457540209,-0.926498588587489,0.291,0.9999999992057537,-354.65102805738405,3.1494738137101033,2026-03-17 14:05:41.630000
XRPUSDT,1590708888.0,1.4995,5.1,,,False,40.0870926556066,0.8307080985979971,20.93372953486749,-0.7647425405570791,0.291,0.9999999992051792,462.74606711555936,3.154443471506563,2026-03-17 14:05:41.630000
XRPUSDT,1590708889.0,1.4995,6.7,,,False,40.18131012398289,0.8310570816910164,20.95901091422034,-0.7658818575534547,0.291,0.9999999992045505,-3.264676768488775,3.1594131305624455,2026-03-17 14:05:41.630000
XRPUSDT,1590708890.0,1.4995,3.7,,,False,40.27560130402408,0.8314054913854061,20.984278699525866,-0.7670176375863542,0.291,0.9999999992038692,-3.2598979052209422,3.1643827908724833,2026-03-17 14:05:41.630000
XRPUSDT,1590708891.0,1.4995,3.4,,,False,40.36996613814833,0.8317533280213266,21.00953287947162,-0.7681500213370304,0.291,0.9999999992031348,-3.2555045493680144,3.169352452431463,2026-03-17 14:05:41.630000
XRPUSDT,1590708892.0,1.4995,3.4,,,False,40.4644045689075,0.8321005919413479,21.034773442818164,-0.7692790026964816,0.291,0.9999999992023471,-3.2510758946167853,3.174322115234009,2026-03-17 14:05:41.630000
XRPUSDT,1590708893.0,1.4995,3.6,,,False,40.55891653898656,0.8324472834904392,21.060000378399163,-0.7704045756192065,0.291,0.9999999992015063,-3.246611939850028,3.179291779274749,2026-03-17 14:05:41.630000
XRPUSDT,1590708894.0,1.4995,3.6,,,False,40.65350199120316,0.8327934030159585,21.08521367512149,-0.7715267341234329,0.291,0.9999999992006132,-3.242112685040366,3.184261444548266,2026-03-17 14:05:41.630000
XRPUSDT,1590708895.0,1.4995,3.6,,,False,40.74816086850706,0.833138950867641,21.110413321965314,-0.7726454722908546,0.291,0.9999999991996678,-3.237578129843545,3.1892311110490645,2026-03-17 14:05:41.630000
XRPUSDT,1590708896.0,1.4995,3.4,,,False,40.84289311397963,0.8334839273975876,21.135599307984187,-0.7737607842662894,0.291,0.9999999991986701,-3.2330082733671546,3.194200778771632,2026-03-17 14:05:41.630000
XRPUSDT,1590708897.0,1.4995,3.6,,,False,40.93769867083338,0.8338283329602539,21.160771622305134,-0.774872664258026,0.291,0.9999999991976193,-3.2284031161652047,3.199170447710374,2026-03-17 14:05:41.630000
XRPUSDT,1590708898.0,1.4995,3.4,,,False,41.03257748241136,0.8341721679124398,21.185930254128724,-0.7759811065372364,0.291,0.9999999991965169,-3.223762657530328,3.204140117859639,2026-03-17 14:05:41.630000
XRPUSDT,1590708899.0,1.4996,3.4,,,False,41.14783087274883,0.8346257096626326,21.21387773813517,-0.9429550368964857,0.291,0.9999999991960545,-368.15558939887904,3.2091097907198978,2026-03-17 14:05:41.630000
XRPUSDT,1590708900.0,1.4996,4.1,,,False,41.2428717505187,0.8349682212671189,21.23900648154541,-0.7782838194903121,0.291,0.9999999991948476,480.77558613862345,3.2140794646515687,2026-03-17 14:05:41.630000
XRPUSDT,1590708901.0,1.4996,6.7,,,False,41.33798571921982,0.8353101634629513,21.264121507020604,-0.779380981158992,0.291,0.9999999991935885,-3.2086173688189663,3.2190491397701,2026-03-17 14:05:41.630000
XRPUSDT,1590708902.0,1.4996,3.7,,,False,41.43317270514983,0.8356515366169325,21.289222801666593,-0.7804745382358472,0.291,0.9999999991922782,-3.2034067825832966,3.224018816069685,2026-03-17 14:05:41.630000
XRPUSDT,1590708903.0,1.4996,3.4,,,False,41.52843265232515,0.8359923410981444,21.314310355090743,-0.7815646292010942,0.291,0.9999999991909162,-3.1985816658590918,3.228988493544385,2026-03-17 14:05:41.630000
XRPUSDT,1590708904.0,1.4996,7.3,,,False,41.62376550488977,0.836332577277944,21.339384156974337,-0.7826512487191459,0.291,0.9999999991895026,-3.193721251783858,3.2339581721883754,2026-03-17 14:05:41.630000
XRPUSDT,1590708905.0,1.4996,3.4,,,False,41.71917120711462,0.8366722455299511,21.364444197072608,-0.783734391516631,0.291,0.9999999991880378,-3.1888255410526463,3.2389278519956215,2026-03-17 14:05:41.630000
XRPUSDT,1590708906.0,1.4996,3.7,,,False,41.814649703397286,0.837011346230033,21.389490465214816,-0.7848140523823941,0.291,0.999999999186522,-3.1838945348748515,3.2438975329601325,2026-03-17 14:05:41.630000
XRPUSDT,1590708907.0,1.4996,3.6,,,False,41.910200938261326,0.8373498797563005,21.414522951304306,-0.7858902261670796,0.291,0.9999999991849555,-3.178928233640582,3.248867215075869,2026-03-17 14:05:41.630000
XRPUSDT,1590708908.0,1.4996,3.6,,,False,42.005824856355964,0.8376878464890921,21.439541645318553,-0.7869629077832984,0.291,0.9999999991833382,-3.173926638750329,3.2538368983367034,2026-03-17 14:05:41.630000
XRPUSDT,1590708909.0,1.4996,33.7,,,False,42.101521402455504,0.8380252468109638,21.46454653730921,-0.7880320922053372,0.291,0.9999999991816697,-3.168889751223976,3.258806582736531,2026-03-17 14:05:41.630000
XRPUSDT,1590708910.0,1.4996,3.6,,,False,42.19729052145888,0.8383620811066782,21.489537617402167,-0.7890977744689986,0.19,0.9999999991799507,-3.1638175720830017,3.263775194221372,2026-03-17 14:05:41.820000
XRPUSDT,1590708911.0,1.4996,0.1,,,False,42.293118283470896,0.8386983497631938,21.514512998984642,-0.7900456264979276,0.19,0.9999999991782407,-2.818734397521958,3.268743807022463,2026-03-17 14:05:41.820000
XRPUSDT,1590708912.0,1.4995,14.8,,,True,42.36851512711884,0.83892615512305,21.53670504683629,-0.6221600659152289,0.061,0.9999999991758242,736.9693175290344,3.2737110453363623,2026-03-17 14:05:41.881000
XRPUSDT,1590708913.0,1.4995,491.1,,,True,42.46445437345028,0.8392614752822604,21.561652929013107,-0.791930077405109,0.026,0.9999999991741492,-506.2922905967813,3.278677911714936,2026-03-17 14:05:41.907000
XRPUSDT,1590708914.0,1.4995,40.2,,,True,42.560461105846,0.8395962308494346,21.586586323294785,-0.7929422139987752,0.026,0.9999999991725123,-3.023509368970177,3.2836447797136232,2026-03-17 14:05:41.907000
XRPUSDT,1590708915.0,1.4995,3.4,,,True,42.65654010096914,0.8399304222195124,21.611505872908303,-0.7939906607704442,0.026,0.999999999170903,-3.13726464996638,3.288611649324979,2026-03-17 14:05:41.907000
XRPUSDT,1590708916.0,1.4995,3.6,,,True,42.75269130449465,0.8402640497895775,21.636411568412896,-0.7950355815064624,0.026,0.9999999991693207,-3.131997561875333,3.293578520541567,2026-03-17 14:05:41.907000
XRPUSDT,1590708917.0,1.4995,31.2,,,True,42.84891466221967,0.8405971139588445,21.661303400442264,-0.7960769716663626,0.026,0.9999999991677653,-3.1266952617328405,3.298545393356021,2026-03-17 14:05:41.907000
XRPUSDT,1590708918.0,1.4995,1973.4,,,True,42.94521012006322,0.8409296151286558,21.68618135970456,-0.7971148267707793,0.026,0.9999999991662354,-3.1213577534347383,3.3035122677610023,2026-03-17 14:05:41.907000
XRPUSDT,1590708919.0,1.4995,3.6,,,True,43.04157762406564,0.8412615537024594,21.711045436982438,-0.798149142400665,0.026,0.9999999991647326,-3.11598503914143,3.308479143749158,2026-03-17 14:05:41.907000
XRPUSDT,1590708920.0,1.4995,3.6,,,True,43.13801712038818,0.8415929300858054,21.73589562313308,-0.7991799141969665,0.026,0.9999999991632549,-3.1105771204739154,3.3134460213132337,2026-03-17 14:05:41.907000
XRPUSDT,1590708921.0,1.4995,3.6,,,True,43.23452855531255,0.8419237446863347,21.760731909088186,-0.8002071378607722,0.026,0.9999999991618027,-3.105134000017333,3.318412900446002,2026-03-17 14:05:41.907000
XRPUSDT,1590708922.0,1.4995,3.6,,,True,43.33111187524044,0.8422539979137614,21.785554285854015,-0.8012308091529902,0.026,0.9999999991603759,-3.0996556799584356,3.3233797811402286,2026-03-17 14:05:41.907000
XRPUSDT,1590708923.0,1.4995,3.6,,,True,43.42776702669313,0.8425836901798722,21.810362744511384,-0.8022509238944144,0.026,0.9999999991589739,-3.0941421631087445,3.3283466633888015,2026-03-17 14:05:41.907000
XRPUSDT,1590708924.0,1.4995,182.0,,,True,43.52449395631105,0.8429128218985084,21.835157276215696,-0.803267477965509,0.026,0.9999999991575956,-3.0885934522111933,3.3333135471845363,2026-03-17 14:05:41.907000
XRPUSDT,1590708925.0,1.4995,7.3,,,True,43.62129261085321,0.8432413934855569,21.859937872196912,-0.8042804673057957,0.026,0.9999999991562418,-3.0830095486526248,3.338280432520369,2026-03-17 14:05:41.907000
XRPUSDT,1590708926.0,1.4995,3.4,,,True,43.71816293719691,0.8435694053589397,21.884704523759602,-0.8052898879145803,0.026,0.999999999154912,-3.077390456554751,3.3432473193892127,2026-03-17 14:05:41.907000
XRPUSDT,1590708927.0,1.4995,3.6,,,True,43.81510488233725,0.843896857938602,21.909457222282906,-0.8062957358502139,0.026,0.9999999991536057,-3.071736178321149,3.348214207784056,2026-03-17 14:05:41.907000
XRPUSDT,1590708928.0,1.4995,3.6,,,True,43.91211839338669,0.8442237516465029,21.93419595922058,-0.8072980072301733,0.026,0.9999999991523227,-3.0660467171288266,3.353181097697903,2026-03-17 14:05:41.907000
XRPUSDT,1590708929.0,1.4995,3.4,,,True,44.009203417574604,0.8445500869066028,21.95892072610095,-0.8082966982304449,0.026,0.9999999991510621,-3.0603220748065203,3.358147989123807,2026-03-17 14:05:41.907000
XRPUSDT,1590708930.0,1.4994,3.4,,,True,44.08557712189335,0.8447711509957035,21.980907299907095,-0.6363835547654189,0.003,0.999999999149146,777.6620081731143,3.363114631191983,2026-03-17 14:05:41.910000
XRPUSDT,1590708931.0,1.4994,1992.2,,,True,44.182786383604814,0.8450965499223494,22.00560632776378,-0.8101932299393177,0.003,0.999999999147944,-534.143357402856,3.3680812748241338,2026-03-17 14:05:41.910000
XRPUSDT,1590708932.0,1.4994,1112.4,,,True,44.28006700799007,0.8454213915465058,22.030291366283535,-0.8111821874949543,0.003,0.9999999991467705,-3.044429907050732,3.373047920010748,2026-03-17 14:05:41.910000
XRPUSDT,1590708933.0,1.4994,3.6,,,True,44.37741894289054,0.8457456762994037,22.054962407281472,-0.8121675519427974,0.003,0.999999999145625,-3.038577790160002,3.3780145667449624,2026-03-17 14:05:41.910000
XRPUSDT,1590708934.0,1.4994,3.6,,,True,44.47484213609535,0.8460694046142311,22.079619442625404,-0.8131493183441654,0.003,0.9999999991445064,-3.0326862260761676,3.3829812150198784,2026-03-17 14:05:41.910000
XRPUSDT,1590708935.0,1.4994,3.6,,,True,44.57233653550809,0.8463925769261114,22.10426246425775,-0.8141274832110174,0.003,0.9999999991434155,-3.0267595053574397,3.3879478648287726,2026-03-17 14:05:41.910000
XRPUSDT,1590708936.0,1.4994,6.7,,,True,44.66990208914654,0.8467151936721007,22.12889146419552,-0.8151020431132354,0.003,0.9999999991423515,-3.0207976316589438,3.392914516164818,2026-03-17 14:05:41.910000
XRPUSDT,1590708937.0,1.4994,7.3,,,True,44.767538745142126,0.8470372552911755,22.153506434530293,-0.8160729946784728,0.003,0.9999999991413138,-3.0148006087368495,3.3978811690213013,2026-03-17 14:05:41.910000
XRPUSDT,1590708938.0,1.4994,3.4,,,True,44.865246451739566,0.8473587622242165,22.17810736742822,-0.8170403345919626,0.003,0.9999999991403025,-3.0087684403569797,3.402847823391569,2026-03-17 14:05:41.910000
XRPUSDT,1590708939.0,1.4994,3.6,,,True,44.963025157296464,0.8476797149140073,22.20269425512995,-0.8180040595964707,0.01,0.9999999991393169,-3.0027011306128775,3.407814556412888,2026-03-17 14:05:41.920000
XRPUSDT,1590708940.0,1.4994,3.6,,,True,45.06087582734115,0.8480001138052176,22.22726722102895,-0.8189726730554098,0.01,0.9999999991383526,-3.0231485985492306,3.412781290912919,2026-03-17 14:05:41.920000
XRPUSDT,1590708941.0,1.4994,3.4,,,True,45.15879739458247,0.8483199593443934,22.251826126136038,-0.8199291761023337,0.01,0.9999999991374122,-2.9905155137963715,3.4177480268849942,2026-03-17 14:05:41.920000
XRPUSDT,1590708942.0,1.4994,3.6,,,True,45.25678980771217,0.8486392519799477,22.276370962914807,-0.8208820546919523,0.01,0.999999999136495,-2.9843425231663683,3.4227147643226554,2026-03-17 14:05:41.920000
XRPUSDT,1590708943.0,1.4994,3.6,,,True,45.35485301553321,0.8489579921621481,22.300901723903266,-0.8218313057950606,0.01,0.9999999991356002,-2.9781344057575234,3.427681503219417,2026-03-17 14:05:41.920000
XRPUSDT,1590708944.0,1.4994,192.0,,,True,45.452986966959365,0.8492761803431075,22.325418401713808,-0.8227769264391399,0.01,0.9999999991347279,-2.9718911658756784,3.43264824356879,2026-03-17 14:05:41.920000
XRPUSDT,1590708945.0,1.4994,3.4,,,True,45.55119161101484,0.849593816976773,22.349920989033176,-0.8237189137082547,0.01,0.9999999991338779,-2.9656128080822697,3.4376149853643825,2026-03-17 14:05:41.920000
XRPUSDT,1590708946.0,1.4994,3.6,,,True,45.64946689683389,0.8499109025189157,22.374409478622418,-0.8246572647428119,0.01,0.9999999991330495,-2.9592993367549645,3.442581728599807,2026-03-17 14:05:41.920000
XRPUSDT,1590708947.0,1.4993,3.4,,,True,45.7267693707005,0.8501256896088234,22.396203763720838,-0.6491582499720366,0.081,0.9999999991315778,817.0836284720732,3.4475492625548454,2026-03-17 14:05:42.001000
XRPUSDT,1590708948.0,1.4993,3.6,,,True,45.82518109799578,0.8504418512461734,22.420668100210566,-0.826566409048622,0.081,0.999999999130757,-561.1312003681372,3.4525167977807847,2026-03-17 14:05:42.001000
XRPUSDT,1590708949.0,1.4993,3.6,,,True,45.9236633334584,0.8507574630216236,22.445118318189376,-0.8274950611199015,0.081,0.9999999991299396,-2.9423872729557212,3.4574843341828636,2026-03-17 14:05:42.001000
XRPUSDT,1590708950.0,1.4993,3.6,,,True,46.02221603090706,0.8510725253975658,22.469554411223676,-0.8284201008056442,0.081,0.9999999991291239,-2.9360525292055213,3.462451871754937,2026-03-17 14:05:42.001000
XRPUSDT,1590708951.0,1.4993,6.7,,,True,46.12083913997501,0.8513870388381612,22.493976372407147,-0.8293414894890903,0.081,0.9999999991283127,-2.9295685478552245,3.467419410490864,2026-03-17 14:05:42.001000
XRPUSDT,1590708952.0,1.4993,3.6,,,True,46.219532610403235,0.8517010038093371,22.51838419490764,-0.8302592246289886,0.081,0.9999999991275033,-2.92304946141362,3.472386950384572,2026-03-17 14:05:42.001000
XRPUSDT,1590708953.0,1.4993,3.6,,,True,46.31829639203977,0.8520144207787755,22.54277787196713,-0.8311733037386791,0.081,0.9999999991266972,-2.916495272506671,3.4773544914299697,2026-03-17 14:05:42.001000
XRPUSDT,1590708954.0,1.4993,3.6,,,True,46.417130434839635,0.8523272902158964,22.567157396901663,-0.8320837243875752,0.081,0.9999999991258934,-2.9099059891375805,3.4823220336209553,2026-03-17 14:05:42.001000
XRPUSDT,1590708955.0,1.4993,167.0,,,True,46.516034688864174,0.8526396125918578,22.59152276310129,-0.8329904841994893,0.081,0.9999999991250927,-2.9032816144624176,3.487289576951507,2026-03-17 14:05:42.001000
XRPUSDT,1590708956.0,1.4993,3.4,,,True,46.61500910428089,0.852951388379538,22.615873964030033,-0.8338935808535131,0.081,0.9999999991242929,-2.896622155118199,3.492257121415525,2026-03-17 14:05:42.001000
XRPUSDT,1590708957.0,1.4993,3.6,,,True,46.714053631362894,0.8532626180535273,22.640210993225796,-0.8347930120832813,0.081,0.9999999991234979,-2.889927615960675,3.497224667007025,2026-03-17 14:05:42.001000
XRPUSDT,1590708958.0,1.4993,3.6,,,True,46.8131682204887,0.8535733020901174,22.66453384430034,-0.835688775677095,0.081,0.9999999991227044,-2.8831980028495128,3.5021922137199706,2026-03-17 14:05:42.001000
XRPUSDT,1590708959.0,1.4993,3.4,,,True,46.912352822141735,0.8538834409672907,22.688842510939185,-0.8365808694776308,0.081,0.999999999121914,-2.876433321312243,3.5071597615483716,2026-03-17 14:05:42.001000
XRPUSDT,1590708960.0,1.4992,3.4,,,True,46.99036648918853,0.854093512880968,22.710491079037265,-0.6584785728630392,0.002,0.9999999991204713,847.815843141219,3.5121264195348565,2026-03-17 14:05:42.003000
XRPUSDT,1590708961.0,1.4992,3.6,,,True,47.08966403424724,0.8544027378700139,22.73477266159659,-0.8382229275634467,0.002,0.9999999991197255,-581.2737038330389,3.5170930789452877,2026-03-17 14:05:42.003000
XRPUSDT,1590708962.0,1.4992,3.4,,,True,47.189031441905676,0.8547114189880979,22.759040048623525,-0.8391049154770582,0.002,0.999999999119002,-2.8572784726386296,3.5220597397710933,2026-03-17 14:05:42.003000
XRPUSDT,1590708963.0,1.4992,6.7,,,True,47.28846866316838,0.8550195567193345,22.783293234082528,-0.8399832275583117,0.002,0.9999999991183006,-2.8503879668634347,3.5270264020062294,2026-03-17 14:05:42.003000
XRPUSDT,1590708964.0,1.4992,5.1,,,True,47.387975649041636,0.8553271515494807,22.807532211998865,-0.8408578610499191,0.002,0.9999999991176195,-2.8434596615025427,3.5319930656447385,2026-03-17 14:05:42.003000
XRPUSDT,1590708965.0,1.4992,3.4,,,True,47.487552350634694,0.8556342039659246,22.831756976471205,-0.8417288141053094,0.002,0.9999999991169601,-2.8364963398664944,3.5369597306806986,2026-03-17 14:05:42.003000
XRPUSDT,1590708966.0,1.4992,3.4,,,True,47.58719871915948,0.8559407144576817,22.85596752167157,-0.8425960849312983,0.002,0.9999999991163221,-2.829498008427575,3.541926397108153,2026-03-17 14:05:42.003000
XRPUSDT,1590708967.0,1.4991,3.4,,,True,47.665567590779155,0.8561483208113149,22.87753584740345,-0.6631289823313224,0.065,0.9999999991150562,864.4586230588245,3.546893780037016,2026-03-17 14:05:42.068000
XRPUSDT,1590708968.0,1.4991,3.6,,,True,47.76534781100186,0.8564539228793296,22.90172192882549,-0.8443775254338302,0.065,0.9999999991144293,-593.0867689473358,3.5518611641645403,2026-03-17 14:05:42.068000
XRPUSDT,1590708969.0,1.4991,6.7,,,True,47.86519756938064,0.8567589843403055,22.9258937740857,-0.8452349357859432,0.065,0.9999999991138074,-2.810615111362431,3.5568285493960206,2026-03-17 14:05:42.068000
XRPUSDT,1590708970.0,1.4991,3.7,,,True,47.96511682071946,0.8570635056891307,22.950051378011,-0.8460886830663634,0.065,0.999999999113189,-2.8035711903741984,3.5617959357257125,2026-03-17 14:05:42.068000
XRPUSDT,1590708971.0,1.4991,3.6,,,True,48.065105516695056,0.8573674874222738,22.974194735103872,-0.8469387384438802,0.065,0.9999999991125765,-2.796402825681543,3.5667633231478915,2026-03-17 14:05:42.068000
XRPUSDT,1590708972.0,1.4991,3.6,,,True,48.16516360908472,0.8576709300377656,22.9983238399398,-0.8477851004261889,0.065,0.9999999991119687,-2.789199470011099,3.5717307116568087,2026-03-17 14:05:42.068000
XRPUSDT,1590708973.0,1.4991,3.6,,,True,48.265291049765814,0.8579738340351922,23.022438687167188,-0.8486277675731444,0.065,0.9999999991113653,-2.781961129976979,3.5766981012467944,2026-03-17 14:05:42.068000
XRPUSDT,1590708974.0,1.4991,3.6,,,True,48.36548779071549,0.8582761999156836,23.046539271507246,-0.8494667384967771,0.065,0.9999999991107666,-2.774687812888522,3.581665491912132,2026-03-17 14:05:42.068000
XRPUSDT,1590708975.0,1.4991,3.6,,,True,48.465753784010325,0.8585780281819038,23.070625587753923,-0.8503020118606791,0.065,0.9999999991101721,-2.7673795246622803,3.5866328836471792,2026-03-17 14:05:42.068000
XRPUSDT,1590708976.0,1.4991,3.4,,,True,48.56608898182598,0.8588793193380417,23.09469763077383,-0.8511335863804039,0.065,0.9999999991095819,-2.76003627316565,3.5916002764462625,2026-03-17 14:05:42.068000
XRPUSDT,1590708977.0,1.4991,3.6,,,True,48.66649333643685,0.8591800738898001,23.11875539550611,-0.8519614608227675,0.065,0.9999999991089966,-2.7526580646022967,3.596567670303772,2026-03-17 14:05:42.068000
XRPUSDT,1590708978.0,1.4991,3.6,,,True,48.76696680021577,0.859480292344386,23.14279887696239,-0.8527856340060481,0.065,0.9999999991084145,-2.745244906470987,3.6015350652140325,2026-03-17 14:05:42.068000
XRPUSDT,1590708979.0,1.4991,3.4,,,True,48.86750932563361,0.8597799752105008,23.166828070226654,-0.8536061047995405,0.065,0.9999999991078372,-2.7377968054346846,3.606502461171522,2026-03-17 14:05:42.068000
XRPUSDT,1590708980.0,1.499,3.4,,,True,48.94657895462507,0.8599829478479667,23.188250141568595,-0.6717290241080793,0.75,0.9999999991066282,896.0669918967969,3.6114777314125965,2026-03-17 14:05:42.818000
XRPUSDT,1590708981.0,1.499,6.7,,,True,49.04735132856032,0.8602817329791471,23.212266420357604,-0.8561320564556016,0.75,0.9999999991057318,-617.1760676945107,3.6164530005407247,2026-03-17 14:05:42.818000
XRPUSDT,1590708982.0,1.499,3.6,,,True,49.14819269799193,0.860579983891601,23.23626836174163,-0.8569435268621877,0.75,0.9999999991046666,-2.720764204574323,3.6214282673858236,2026-03-17 14:05:42.818000
XRPUSDT,1590708983.0,1.499,3.6,,,True,49.24910305097798,0.8608777010994378,23.260255965303926,-0.8577515784347378,0.75,0.9999999991034316,-2.7141581046697776,3.626403531942246,2026-03-17 14:05:42.818000
XRPUSDT,1590708984.0,1.499,3.6,,,True,49.35008234020831,0.8611748851182176,23.28422922643047,-0.8585559093099464,0.75,0.9999999991020259,-2.7065078348128453,3.631378794204158,2026-03-17 14:05:42.818000
XRPUSDT,1590708985.0,1.499,3.6,,,True,49.45113051846737,0.8614715364649397,23.308188140579496,-0.8593565186365302,0.75,0.9999999991004468,-2.6988224912183987,3.6363540541656354,2026-03-17 14:05:42.818000
XRPUSDT,1590708986.0,1.499,3.6,,,True,49.55224753863403,0.8617676556580256,23.332132703281452,-0.8601534056138834,0.75,0.9999999990986919,-2.6911020830792003,3.6413293118205554,2026-03-17 14:05:42.818000
XRPUSDT,1590708987.0,1.499,3.6,,,True,49.65343335368112,0.8620632432173214,23.35606291013884,-0.8609465694919175,0.75,0.9999999990967602,-2.683346619606184,3.6463045671628054,2026-03-17 14:05:42.818000
XRPUSDT,1590708988.0,1.499,3.4,,,True,49.75468791667531,0.8623582996640791,23.379978756826127,-0.861736009570213,0.75,0.9999999990946498,-2.675556107892607,3.65127982018602,2026-03-17 14:05:42.818000
XRPUSDT,1590708989.0,1.499,3.6,,,True,49.8560111807766,0.862652825520949,23.40388023908966,-0.8625217251981305,0.75,0.9999999990923581,-2.6677305560456928,3.656255070883742,2026-03-17 14:05:42.818000
XRPUSDT,1590708990.0,1.499,3.6,,,True,49.95740309923813,0.8629468213119712,23.427767352747523,-0.8633037157749543,0.75,0.9999999990898849,-2.659869973324944,3.6612303192494307,2026-03-17 14:05:42.818000
XRPUSDT,1590708991.0,1.499,3.4,,,True,50.058863625405856,0.8632402875625639,23.45164009368947,-0.864081980749201,0.75,0.999999999087227,-2.6519743673244696,3.6662055652763805,2026-03-17 14:05:42.818000
XRPUSDT,1590708992.0,1.4989,3.4,,,True,50.138672395545946,0.8634390410304655,23.472938539694265,-0.6800939298578844,0.05,0.999999999083749,925.7098899142372,3.6711726719720854,2026-03-17 14:05:42.868000
XRPUSDT,1590708993.0,1.4989,6.7,,,True,50.24014420601267,0.8637316197443979,23.49677234807234,-0.8646847799340837,0.05,0.9999999990811322,-630.9100467194211,3.6761397801503826,2026-03-17 14:05:42.868000
XRPUSDT,1590708994.0,1.4989,3.6,,,True,50.34168439397835,0.8640236703318415,23.520591810032254,-0.8654516917637959,0.05,0.9999999990785399,-2.6259554429436704,3.6811068897195933,2026-03-17 14:05:42.868000
XRPUSDT,1590708995.0,1.4989,3.6,,,True,50.44329291566526,0.864315193323204,23.54439692200862,-0.8662149083376438,0.05,0.9999999990759715,-2.6180321842915597,3.6860740006729205,2026-03-17 14:05:42.868000
XRPUSDT,1590708996.0,1.4989,3.6,,,True,50.54496972512097,0.8646061892502267,23.568187680239493,-0.8669744100413252,0.05,0.9999999990734273,-2.610008021253363,3.691041113003722,2026-03-17 14:05:42.868000
XRPUSDT,1590708997.0,1.4989,3.6,,,True,50.64671477648549,0.8648966586459734,23.591964081033563,-0.8677301966102091,0.05,0.9999999990709063,-2.601949051950603,3.6960082267053145,2026-03-17 14:05:42.868000
XRPUSDT,1590708998.0,1.4989,3.6,,,True,50.74852802399093,0.8651866020448281,23.615726120770038,-0.868482267827768,0.05,0.999999999068409,-2.593855285306423,3.7009753417710454,2026-03-17 14:05:42.868000
XRPUSDT,1590708999.0,1.4989,3.6,,,True,50.85040942196125,0.8654760199824736,23.639473795898528,-0.8692306235252716,0.05,0.9999999990659342,-2.585726729972892,3.7059424581942433,2026-03-17 14:05:42.868000
XRPUSDT,1590709000.0,1.4989,3.4,,,True,50.95235892481197,0.8657649129958902,23.66320710293891,-0.8699752635814142,0.05,0.9999999990634832,-2.577563393922447,3.7109095759683703,2026-03-17 14:05:42.868000
XRPUSDT,1590709001.0,1.4989,3.6,,,True,51.05437648704973,0.866053281623346,23.686926038481236,-0.8707161879223029,0.05,0.9999999990610544,-2.5693652857647424,3.7158766950867945,2026-03-17 14:05:42.868000
XRPUSDT,1590709002.0,1.4989,3.6,,,True,51.15646206327216,0.8663411264043799,23.7106305991856,-0.8714533965213784,0.05,0.9999999990586482,-2.5611324145874033,3.7208438155430215,2026-03-17 14:05:42.868000
XRPUSDT,1590709003.0,1.4989,3.4,,,True,51.25861560816748,0.8666284478798026,23.734320781781978,-0.8721868893989524,0.05,0.9999999990562641,-2.552864788455863,3.7258109373304773,2026-03-17 14:05:42.868000
XRPUSDT,1590709004.0,1.4988,6.7,,,True,51.338939762682166,0.8668230312578282,23.755469902784277,-0.6861916370007094,0.549,0.9999999990532625,955.8640326091513,3.7307839168211867,2026-03-17 14:05:43.417000
XRPUSDT,1590709005.0,1.4988,3.4,,,True,51.44129510416998,0.8671094757051087,23.77914352571987,-0.8743461885985178,0.549,0.9999999990506363,-656.862276033591,3.7357568957540965,2026-03-17 14:05:43.417000
XRPUSDT,1590709006.0,1.4988,3.6,,,True,51.54371833197085,0.8673953983013775,23.802802734708887,-0.8750701977402431,0.549,0.9999999990478867,-2.532185812431056,3.7407298730934784,2026-03-17 14:05:43.417000
XRPUSDT,1590709007.0,1.4988,3.6,,,True,51.64620942449279,0.8676807995920222,23.826447529440664,-0.8757906823755142,0.549,0.9999999990450128,-2.524461727708292,3.7457028488323534,2026-03-17 14:05:43.417000
XRPUSDT,1590709008.0,1.4988,3.6,,,True,51.74876833665953,0.8679656801236529,23.850077906953423,-0.8765074415932261,0.549,0.9999999990420136,-2.5159992984038735,3.750675822963712,2026-03-17 14:05:43.417000
XRPUSDT,1590709009.0,1.4988,2.3,,,True,51.85139502348277,0.8682500404440936,23.873693864354923,-0.8772204756787695,0.549,0.9999999990388903,-2.507502046834108,3.7556487954804165,2026-03-17 14:05:43.417000
XRPUSDT,1590709010.0,1.4988,1.3,,,True,51.95408944006188,0.8685338811023716,23.89729539882235,-0.8779297849635554,0.001,0.9999999990356399,-2.498969982275031,3.7606153018652506,2026-03-17 14:05:43.418000
XRPUSDT,1590709011.0,1.4988,3.6,,,True,52.056762292464455,0.868817202648709,23.920872337398027,-0.8778729653437749,0.001,0.999999999032596,0.20054817755684404,3.7655818099506644,2026-03-17 14:05:43.418000
XRPUSDT,1590709012.0,1.4988,3.6,,,True,52.15950271357956,0.8691000056345134,23.94443487673783,-0.8785740058694141,0.001,0.9999999990295935,-2.478900721805289,3.770548319729886,2026-03-17 14:05:43.418000
XRPUSDT,1590709013.0,1.4988,3.5,,,True,52.2623106589835,0.8693822906123664,23.96798301423587,-0.8792713335620334,0.001,0.9999999990266325,-2.4702968536369507,3.775514831196204,2026-03-17 14:05:43.418000
XRPUSDT,1590709014.0,1.4988,3.4,,,True,52.36518608434,0.8696640581360223,23.99151674735479,-0.8799649489353312,0.001,0.9999999990237136,-2.461658335560259,3.7804813443429817,2026-03-17 14:05:43.418000
XRPUSDT,1590709015.0,1.4988,3.6,,,True,52.46812894540011,0.8699453087603873,24.015036073625687,-0.8806548525485296,0.001,0.9999999990208339,-2.452985179165513,3.785447859163573,2026-03-17 14:05:43.418000
XRPUSDT,1590709016.0,1.4988,3.6,,,True,52.5711391980017,0.8702260430415178,24.038540990647892,-0.8813410450056294,0.001,0.9999999990179954,-2.444277394041407,3.7904143756513555,2026-03-17 14:05:43.418000
XRPUSDT,1590709017.0,1.4988,3.4,,,True,52.674216798069445,0.870506261536611,24.062031496088874,-0.8820235269551852,0.001,0.9999999990151962,-2.435534989683028,3.7953808937997566,2026-03-17 14:05:43.418000
XRPUSDT,1590709018.0,1.4987,3.4,,,True,52.755259856864704,0.8706960258999471,24.083020449697987,-0.6938342873673982,3.144,0.9999999990117882,991.6995808876499,3.8003847087257974,2026-03-17 14:05:46.562000
XRPUSDT,1590709019.0,1.4987,3.9,,,True,52.858975171294,0.8709753800334955,24.106543235243254,-0.887834420986658,3.144,0.9999999990071647,-694.4595061295029,3.8053885116947703,2026-03-17 14:05:46.562000
XRPUSDT,1590709020.0,1.4988,3.4,,,False,52.98489006962544,0.871343833450264,24.132532730018987,-1.0775609554673968,0.288,0.9999999990021498,-514.926788153371,3.810358350366824,2026-03-17 14:05:46.850000
XRPUSDT,1590709021.0,1.4988,0.3,,,False,53.088283352398705,0.8716219943853756,24.15597058096578,-0.8851169376836929,0.288,0.9999999989973585,691.8441574353859,3.8153281884523023,2026-03-17 14:05:46.850000
XRPUSDT,1590709022.0,1.4988,3.3,,,False,53.19174381192324,0.871899642337205,24.17939399602465,-0.8857813358208337,0.288,0.9999999989925268,-2.392951695710986,3.8202980265553093,2026-03-17 14:05:46.850000
XRPUSDT,1590709023.0,1.4988,0.4,,,False,53.295271393176556,0.8721767778695911,24.202802971993872,-0.8864419257443273,0.288,0.9999999989876549,-2.383634887254749,3.82526786466808,2026-03-17 14:05:46.850000
XRPUSDT,1590709024.0,1.4988,3.2,,,False,53.398866052561544,0.872453401547449,24.226197507010134,-0.8870988053972488,0.288,0.9999999989827428,-2.3746327791181767,3.8302377027828634,2026-03-17 14:05:46.850000
XRPUSDT,1590709025.0,1.4988,0.5,,,False,53.50252774656511,0.8727295139367592,24.249577599277316,-0.8877519757792307,0.288,0.9999999989777903,-2.365596066201706,3.835207540891868,2026-03-17 14:05:46.850000
XRPUSDT,1590709026.0,1.4988,3.1,,,False,53.60625643175784,0.8730051156045611,24.272943247066316,-0.8884014379330725,0.288,0.9999999989727986,-2.3565247591635017,3.84017737898731,2026-03-17 14:05:46.850000
XRPUSDT,1590709027.0,1.4988,0.6,,,False,53.710052064793786,0.8732802071189416,24.296294448714935,-0.8890471929442363,0.288,0.9999999989677665,-2.347418867564644,3.8451472170614283,2026-03-17 14:05:46.850000
XRPUSDT,1590709028.0,1.4988,3.0,,,False,53.81391460241017,0.8735547890490278,24.319631202627672,-0.8896892419412077,0.288,0.9999999989626951,-2.338278402988061,3.850117055106414,2026-03-17 14:05:46.850000
XRPUSDT,1590709029.0,1.4988,0.7,,,False,53.91784400142712,0.8738288619649757,24.342953507275656,-0.89032758609444,0.288,0.9999999989575831,-2.3291033739130156,3.855086893114421,2026-03-17 14:05:46.850000
XRPUSDT,1590709030.0,1.4988,2.9,,,False,54.0218402187474,0.8741024264379691,24.36626136119641,-0.8909622266171467,0.288,0.9999999989524321,-2.3198937923567184,3.8600567310776235,2026-03-17 14:05:46.850000
XRPUSDT,1590709031.0,1.4988,0.8,,,False,54.12590321135616,0.8743754830401984,24.389554762993786,-0.8915931647645194,0.288,0.9999999989472408,-2.3106496683161195,3.8650265689881977,2026-03-17 14:05:46.850000
XRPUSDT,1590709032.0,1.4988,2.8,,,False,54.23003293632066,0.8746480323448611,24.41283371133775,-0.8922204018336032,0.288,0.9999999989420112,-2.301371011971599,3.8699964068382995,2026-03-17 14:05:46.850000
XRPUSDT,1590709033.0,1.4988,0.9,,,False,54.33422935079003,0.8749200749261512,24.43609820496425,-0.8928439391633369,0.288,0.9999999989367422,-2.2920578343903553,3.8749662446200643,2026-03-17 14:05:46.850000
XRPUSDT,1590709034.0,1.4988,3.7,,,False,54.43849241199503,0.8751916113592441,24.459348242675077,-0.893463778134105,0.288,0.9999999989314334,-2.282710145773156,3.8799360823256324,2026-03-17 14:05:46.850000
XRPUSDT,1590709035.0,1.4988,3.7,,,False,54.54282207724768,0.8754626422202983,24.482583823337713,-0.8940799201678169,0.288,0.9999999989260856,-2.2733279572485157,3.884905919947099,2026-03-17 14:05:46.850000
XRPUSDT,1590709036.0,1.4988,3.7,,,False,54.64721830394115,0.8757331680864404,24.505804945885142,-0.894692366727667,0.288,0.9999999989206991,-2.26391127984976,3.8898757574766627,2026-03-17 14:05:46.850000
XRPUSDT,1590709037.0,1.4988,3.7,,,False,54.75168104954942,0.8760031895357564,24.529011609315738,-0.8953011193174749,0.288,0.999999998915274,-2.2544601228900505,3.894845594906317,2026-03-17 14:05:46.850000
XRPUSDT,1590709038.0,1.4988,3.7,,,False,54.85621027162704,0.8762727071472849,24.5522038126931,-0.8959061794823466,0.288,0.9999999989098098,-2.2449744988473803,3.8998154322282383,2026-03-17 14:05:46.850000
XRPUSDT,1590709039.0,1.4988,3.7,,,False,54.960805927808856,0.876541721501007,24.575381555145874,-0.8965075488078158,0.288,0.9999999989043079,-2.235454417761233,3.9047852694344964,2026-03-17 14:05:46.850000
XRPUSDT,1590709040.0,1.4988,3.7,,,False,55.06546797580984,0.8768102331778381,24.59854483586763,-0.8971052289200906,0.288,0.9999999988987662,-2.225899891313035,3.909755106517162,2026-03-17 14:05:46.850000
XRPUSDT,1590709041.0,1.4988,3.7,,,False,55.170196373424695,0.8770782427596205,24.62169365411666,-0.8976992214852952,0.001,0.9999999988931869,-2.21631092908793,3.9147214801326213,2026-03-17 14:05:46.851000
XRPUSDT,1590709042.0,1.4987,3.7,,,True,55.252496438268224,0.8772597342564736,24.642407191709758,-0.7057651480108683,1.156,0.999999998887074,1057.5375530115734,3.9197017970294206,2026-03-17 14:05:48.007000
XRPUSDT,1590709043.0,1.4987,3.0,,,True,55.35749085181397,0.8775269025083925,24.665545958803598,-0.9001965542575496,1.156,0.9999999988809067,-727.7489179580051,3.9246821101214264,2026-03-17 14:05:48.007000
XRPUSDT,1590709044.0,1.4987,0.7,,,True,55.462551553162434,0.8777935702280726,24.688670209332162,-0.9007810397939305,1.156,0.9999999988743815,-2.191812106400006,3.9296624166374112,2026-03-17 14:05:48.007000
XRPUSDT,1590709045.0,1.4987,2.9,,,True,55.567678540879605,0.878059738000685,24.711779947189374,-0.9013621761856042,1.156,0.9999999988674931,-2.183346187894108,3.934642716567854,2026-03-17 14:05:48.007000
XRPUSDT,1590709046.0,1.4987,0.8,,,True,55.67287177276735,0.8783254064122932,24.734875171937105,-0.9019396154969807,1.156,0.9999999988602387,-2.1735339473786346,3.9396230099031655,2026-03-17 14:05:48.007000
XRPUSDT,1590709047.0,1.4987,3.7,,,True,55.77813120670466,0.8785905760498315,24.75795588320161,-0.9025133596356333,1.156,0.999999998852613,-2.163687155056515,3.944603296633532,2026-03-17 14:05:48.007000
XRPUSDT,1590709048.0,1.4987,3.7,,,True,55.88345680064733,0.878855247501105,24.78102208067341,-0.9030834105489313,1.156,0.9999999988446117,-2.153805824372377,3.9495835767491085,2026-03-17 14:05:48.007000
XRPUSDT,1590709049.0,1.4987,3.7,,,True,55.98884851262787,0.879119421354782,24.80407376410703,-0.9036497702237504,1.156,0.9999999988362314,-2.1438899684276493,3.9545638502398046,2026-03-17 14:05:48.007000
XRPUSDT,1590709050.0,1.4987,3.7,,,True,56.09430630075512,0.8793830982003765,24.82711093332096,-0.904212440685873,1.156,0.9999999988274678,-2.1339395988832073,3.959544117095493,2026-03-17 14:05:48.007000
XRPUSDT,1590709051.0,1.4987,3.7,,,True,56.19983012321424,0.879646278628252,24.850133588197384,-0.9047714240001069,1.156,0.9999999988183166,-2.1239547284969547,3.964524377305812,2026-03-17 14:05:48.007000
XRPUSDT,1590709052.0,1.4987,3.7,,,True,56.305419938266226,0.8799089632296057,24.873141728682096,-0.9053267222699002,1.156,0.9999999988087738,-2.113935369380778,3.969504630860376,2026-03-17 14:05:48.007000
XRPUSDT,1590709053.0,1.4987,3.7,,,True,56.411075704247885,0.8801711525964615,24.896135354784267,-0.9058783376371392,1.156,0.9999999987988362,-2.1038815336180376,3.9744848777485844,2026-03-17 14:05:48.007000
XRPUSDT,1590709054.0,1.4987,3.7,,,True,56.51679737957148,0.8804328473216627,24.919114466576332,-0.9064262722821597,1.156,0.9999999987885,-2.0937932340789773,3.9794651179597533,2026-03-17 14:05:48.007000
XRPUSDT,1590709055.0,1.4987,3.7,,,True,56.62258492272459,0.8806940479988624,24.942079064193805,-0.906970528423535,1.156,0.9999999987777608,-2.0836704835922286,3.984445351483052,2026-03-17 14:05:48.007000
XRPUSDT,1590709056.0,1.4987,3.7,,,True,56.72843829226984,0.8809547552225164,24.96502914783509,-0.907511108317653,1.156,0.9999999987666163,-2.073513294113614,3.9894255783075603,2026-03-17 14:05:48.007000
XRPUSDT,1590709057.0,1.4987,3.7,,,True,56.83435744684469,0.8812149695878743,24.987964717761354,-0.9080480142584213,0.001,0.9999999987550614,-2.0633216772254,3.9943917236093474,2026-03-17 14:05:48.008000
XRPUSDT,1590709058.0,1.4987,3.7,,,True,56.94014220758154,0.8814746916909713,25.010864871075718,-0.906867359296345,0.001,0.9999999987441213,4.545839372151531,3.999357871407791,2026-03-17 14:05:48.008000
XRPUSDT,1590709059.0,1.4987,3.6,,,True,57.04599255378435,0.8817339221286205,25.033750578467767,-0.9073960607198737,0.422,0.9999999987332912,-2.03950364904351,4.0043291580029905,2026-03-17 14:05:48.430000
XRPUSDT,1590709060.0,1.4987,3.6,,,True,57.151981571104784,0.881992661498404,25.05662944909025,-0.908547289146902,0.422,0.999999998722201,-4.449374782009976,4.00930044369285,2026-03-17 14:05:48.430000
XRPUSDT,1590709061.0,1.4987,3.6,,,True,57.25803613496822,0.882250910398664,25.079493850219702,-0.9090690081571567,0.422,0.9999999987110333,-2.0202177423781493,4.014271728463918,2026-03-17 14:05:48.430000
XRPUSDT,1590709062.0,1.4987,1112.4,,,True,57.364156204657114,0.8825086694285016,25.102343782408024,-0.9095870793520345,0.422,0.9999999986997877,-2.0099051241936943,4.019243012306243,2026-03-17 14:05:48.430000
XRPUSDT,1590709063.0,1.4987,73.2,,,True,57.470341739578394,0.8827659391877567,25.125179246273618,-0.910101505659893,0.422,0.999999998688465,-1.9995599535208886,4.024214295209852,2026-03-17 14:05:48.430000
XRPUSDT,1590709064.0,1.4987,1653.6,,,True,57.576592699213144,0.8830227202770087,25.148000242496042,-0.910612289617192,0.422,0.9999999986770659,-1.9891805848589825,4.029185577164777,2026-03-17 14:05:48.430000
XRPUSDT,1590709065.0,1.4988,66.7,,,False,57.705681125929885,0.8833613775152791,25.17315303783809,-1.1057936266616988,0.33,0.9999999986663859,-576.3388907360405,4.034155733499843,2026-03-17 14:05:48.760000
XRPUSDT,1590709066.0,1.4987,2509.3,,,True,57.78927607284692,0.8835348239511445,25.193597327191668,-0.7165175638156722,2.139,0.9999999986541187,2244.358962487964,4.0391480402324875,2026-03-17 14:05:50.899000
XRPUSDT,1590709067.0,1.4987,6800.0,,,True,57.896023804520766,0.8837901426314044,25.216405805445394,-0.9146969501395499,2.139,0.9999999986409751,-776.2040212729154,4.044140337426446,2026-03-17 14:05:50.899000
XRPUSDT,1590709068.0,1.4987,37682.4,,,True,58.002836898424846,0.8840449750512013,25.23919971147543,-0.9151936578198985,0.002,0.9999999986269277,-1.9491541960970793,4.049106415213646,2026-03-17 14:05:50.901000
XRPUSDT,1590709069.0,1.4987,3.4,,,True,58.10934029027602,0.8842993218146805,25.261940689551064,-0.9124772361984632,0.002,0.9999999986139912,10.67999287381131,4.054072495650419,2026-03-17 14:05:50.901000
XRPUSDT,1590709070.0,1.4987,3.6,,,True,58.21590882622295,0.8845531835266758,25.284667230419718,-0.912965969592247,0.002,0.9999999986011807,-1.9251953748459223,4.059038578727064,2026-03-17 14:05:50.901000
XRPUSDT,1590709071.0,1.4987,3.6,,,True,58.32254246644549,0.8848065607927033,25.30737933517171,-0.9134510877409108,0.002,0.9999999985884952,-1.9146080320055336,4.064004664433869,2026-03-17 14:05:50.901000
XRPUSDT,1590709072.0,1.4987,3.6,,,True,58.429241171195265,0.8850594542189519,25.330077004956756,-0.9139325934421683,0.002,0.9999999985759332,-1.9039866255123914,4.068970752761114,2026-03-17 14:05:50.901000
XRPUSDT,1590709073.0,1.4987,3.5,,,True,58.536004900796584,0.8853118644122772,25.352760240983933,-0.9144104895380001,0.002,0.999999998563494,-1.8933312063830192,4.073936843699155,2026-03-17 14:05:50.901000
XRPUSDT,1590709074.0,1.4987,3.6,,,True,58.64283361564632,0.8855637919801922,25.37542904452149,-0.9148847789052823,0.002,0.9999999985511766,-1.8826417894931722,4.078902937238433,2026-03-17 14:05:50.901000
XRPUSDT,1590709075.0,1.4987,3.6,,,True,58.74972727621367,0.88581523753086,25.398083416896693,-0.9153554644546414,0.002,0.9999999985389791,-1.8719183859450357,4.083869033369312,2026-03-17 14:05:50.901000
XRPUSDT,1590709076.0,1.4987,3.6,,,True,58.8566858430399,0.8860662016730866,25.420723359495632,-0.9158225491306948,0.002,0.9999999985269011,-1.8611610085383317,4.088835132082321,2026-03-17 14:05:50.901000
XRPUSDT,1590709077.0,1.4987,9.3,,,True,58.96370927673812,0.8863166850163104,25.443348873763053,-0.9162860359112204,0.002,0.9999999985149418,-1.850369667540404,4.093801233368047,2026-03-17 14:05:50.901000
XRPUSDT,1590709078.0,1.4987,3.4,,,True,59.070797537993165,0.8865666881706032,25.465959961202188,-0.9167459278084389,0.002,0.9999999985031,-1.8395443790276913,4.098767337216984,2026-03-17 14:05:50.901000
XRPUSDT,1590709079.0,1.4987,3.6,,,True,59.17795058756121,0.8868162117466495,25.48855662337457,-0.9172022278665756,0.002,0.999999998491374,-1.8286851501844634,4.10373344361983,2026-03-17 14:05:50.901000
XRPUSDT,1590709080.0,1.4987,3.4,,,True,59.28516838626976,0.8870652563557484,25.51113886189985,-0.917654939164251,0.002,0.9999999984797632,-1.817791998443256,4.108699552567202,2026-03-17 14:05:50.901000
XRPUSDT,1590709081.0,1.4986,3.4,,,True,59.36945555115853,0.8872338931174221,25.531407489043847,-0.7216432447263026,0.003,0.9999999984673784,1162.3307545317653,4.113665676380021,2026-03-17 14:05:50.904000
XRPUSDT,1590709082.0,1.4986,6.7,,,True,59.47678902691761,0.8874821352862174,25.553963937376874,-0.9186457849885201,0.003,0.9999999984559894,-793.590151174537,4.118631802718583,2026-03-17 14:05:50.904000
XRPUSDT,1590709083.0,1.4986,5.1,,,True,59.58418714309872,0.8877299001282171,25.57650596768897,-0.9190887281485616,0.003,0.9999999984447122,-1.7877563114549249,4.123597931565173,2026-03-17 14:05:50.904000
XRPUSDT,1590709084.0,1.4986,3.4,,,True,59.69164986087972,0.8879771882569042,25.599033581816933,-0.9195280943333503,0.003,0.999999998433545,-1.7767378770720177,4.128564062910617,2026-03-17 14:05:50.904000
XRPUSDT,1590709085.0,1.4986,4.1,,,True,59.799177141425375,0.8882240002863384,25.621546781646554,-0.9199638860642525,0.003,0.9999999984224882,-1.7656827015329757,4.133530196745835,2026-03-17 14:05:50.904000
XRPUSDT,1590709086.0,1.4986,3.6,,,True,59.90676894597047,0.8884703368311482,25.644045569120788,-0.9203961066066069,0.003,0.9999999984115401,-1.7545936705743326,4.138496333061702,2026-03-17 14:05:50.904000
XRPUSDT,1590709087.0,1.4986,3.7,,,True,60.01442523581956,0.8887161985065233,25.666529946239553,-0.9208247592578869,0.003,0.9999999984007,-1.7434707976589783,4.1434624718492765,2026-03-17 14:05:50.904000
XRPUSDT,1590709088.0,1.4986,1000.6,,,True,60.12214597234678,0.8889615859282072,25.68899991505957,-0.9212498473469996,0.003,0.9999999983899664,-1.732314094160341,4.148428613099529,2026-03-17 14:05:50.904000
XRPUSDT,1590709089.0,1.4986,4.1,,,True,60.229931116995594,0.8892064997124901,25.71145547769415,-0.9216713742343312,0.003,0.9999999983793388,-1.7211235723861957,4.1533947568035,2026-03-17 14:05:50.904000
XRPUSDT,1590709090.0,1.4986,3.6,,,True,60.33778063127863,0.8894509404762007,25.73389663631305,-0.922089343312049,0.003,0.999999998368817,-1.7098992466439298,4.1583609029523565,2026-03-17 14:05:50.904000
XRPUSDT,1590709091.0,1.4986,3.6,,,True,60.44569447677746,0.8896949088367001,25.756323393142285,-0.9225037580029364,0.003,0.9999999983583987,-1.698641127230807,4.163327051537196,2026-03-17 14:05:50.904000
XRPUSDT,1590709092.0,1.4986,63.3,,,True,60.55367261514242,0.8899384054118729,25.77873575046393,-0.9229146217614581,0.003,0.9999999983480836,-1.6873492295743182,4.168293202549277,2026-03-17 14:05:50.904000
XRPUSDT,1590709093.0,1.4986,700.7,,,True,60.66171500809229,0.8901814308201192,25.801133710615957,-0.9233219380722568,0.004,0.999999998337871,-1.6760235636997975,4.173259368391415,2026-03-17 14:05:50.908000
XRPUSDT,1590709094.0,1.4986,3.4,,,True,60.76982179769704,0.890423985680355,25.82351729357613,-0.9237272491003385,0.003,0.9999999983277587,-1.671007654465591,4.178225524216802,2026-03-17 14:05:50.911000
XRPUSDT,1590709095.0,1.4986,3.6,,,True,60.8779925851394,0.8906660706119919,25.845886466581014,-0.9241259412802042,0.003,0.9999999983177473,-1.6469103515440309,4.18319168244333,2026-03-17 14:05:50.911000
XRPUSDT,1590709096.0,1.4986,3.6,,,True,60.9862275127326,0.8909076862349394,25.86824124976385,-0.9245226364609682,0.003,0.999999998307836,-1.6418440824504277,4.188157843062175,2026-03-17 14:05:50.911000
XRPUSDT,1590709097.0,1.4986,3.6,,,True,61.094526542467555,0.8911488331695967,25.890581645684378,-0.9249157984387946,0.003,0.9999999982980228,-1.630383477132474,4.19312400606486,2026-03-17 14:05:50.911000
XRPUSDT,1590709098.0,1.4986,3.6,,,True,61.20288963640272,0.8913895120368376,25.91290765695732,-0.9253054308504174,0.003,0.9999999982883075,-1.6188891699945342,4.1980901714427565,2026-03-17 14:05:50.911000
XRPUSDT,1590709099.0,1.4986,3.5,,,True,61.311316756663885,0.8916297234580159,25.935219286252206,-0.925691537361883,0.003,0.9999999982786896,-1.6073611719692362,4.203056339187363,2026-03-17 14:05:50.911000
XRPUSDT,1590709100.0,1.4986,3.4,,,True,61.41980786544395,0.8918694680549494,25.957516536293188,-0.9260741216694328,0.003,0.9999999982691676,-1.5957994984805004,4.208022509290202,2026-03-17 14:05:50.911000
XRPUSDT,1590709101.0,1.4986,3.6,,,True,61.52836292500276,0.8921087464499151,25.97979940985886,-0.9264531874982839,0.003,0.999999998259741,-1.5842041606194155,4.2129886817428215,2026-03-17 14:05:50.911000
XRPUSDT,1590709102.0,1.4985,3.7,,,True,61.613695327868236,0.8922707619971834,25.999830972587695,-0.7284693624332972,1.238,0.9999999982494323,1222.00510014751,4.217970237521776,2026-03-17 14:05:52.149000
XRPUSDT,1590709103.0,1.4985,3.0,,,True,61.72258906737258,0.8925092594079246,26.022109683165684,-0.9292297717072326,1.238,0.9999999982391651,-841.7718609606486,4.222951787595051,2026-03-17 14:05:52.149000
XRPUSDT,1590709104.0,1.4985,0.7,,,True,61.83154671443126,0.8927472922854943,26.044373947796934,-0.9295990379884453,1.238,0.9999999982284604,-1.551324695070799,4.227933328080036,2026-03-17 14:05:52.149000
XRPUSDT,1590709105.0,1.4985,2.9,,,True,61.940568259509014,0.8929848612537981,26.066623772261458,-0.9299650186795618,1.238,0.999999998217315,-1.5405239738574454,4.232914858966483,2026-03-17 14:05:52.149000
XRPUSDT,1590709106.0,1.4985,0.8,,,True,62.04965366461324,0.8932219669371685,26.088859159652753,-0.9303274745449538,1.238,0.9999999982057255,-1.528667977248348,4.23789638024392,2026-03-17 14:05:52.149000
XRPUSDT,1590709107.0,1.4985,2.8,,,True,62.15880289181595,0.8934586099603571,26.11108011311833,-0.9306864095250343,1.238,0.9999999981936873,-1.51677820560333,4.242877891901891,2026-03-17 14:05:52.149000
XRPUSDT,1590709108.0,1.4985,0.9,,,True,62.26801590325373,0.8936947909485278,26.133286635859598,-0.9310418275901681,1.238,0.9999999981811969,-1.5048546789755548,4.247859393929757,2026-03-17 14:05:52.149000
XRPUSDT,1590709109.0,1.4985,2.7,,,True,62.37729266112751,0.8939305105272481,26.155478731131584,-0.9313937327386305,1.238,0.9999999981682512,-1.4928974095946856,4.252840886316793,2026-03-17 14:05:52.149000
XRPUSDT,1590709110.0,1.4985,1.0,,,True,62.486633127702426,0.8941657693224901,26.177656402242825,-0.9317421289971397,1.238,0.9999999981548467,-1.480906412662975,4.257822369052275,2026-03-17 14:05:52.149000
XRPUSDT,1590709111.0,1.4985,2.6,,,True,62.59603726530757,0.8944005679606117,26.199819652555146,-0.9320870204205406,1.238,0.9999999981409801,-1.4688817028925016,4.2628038421252885,2026-03-17 14:05:52.149000
XRPUSDT,1590709112.0,1.4985,1.1,,,True,62.70550503633594,0.8946349070683577,26.221968485483483,-0.9324284110917477,1.238,0.9999999981266472,-1.4568232954833609,4.267785305524908,2026-03-17 14:05:52.149000
XRPUSDT,1590709113.0,1.4985,2.5,,,True,62.81503640324413,0.8948687872728527,26.244102904495705,-0.9327663051213023,1.238,0.9999999981118454,-1.4447312045251397,4.2727667592401195,2026-03-17 14:05:52.149000
XRPUSDT,1590709114.0,1.4985,1.2,,,True,62.924631328552266,0.8951022092015867,26.266222913112394,-0.9331007066474528,1.238,0.9999999980965714,-1.4326054452732397,4.277748203259747,2026-03-17 14:05:52.149000
XRPUSDT,1590709115.0,1.4985,2.4,,,True,63.034289774843735,0.8953351734824206,26.28832851490671,-0.9334316198356652,1.238,0.9999999980808215,-1.4204460315882994,4.282729637572647,2026-03-17 14:05:52.149000
XRPUSDT,1590709116.0,1.4985,1.3,,,True,63.14401170476513,0.8955676807435703,26.310419713504164,-0.9337590488790171,1.238,0.9999999980645932,-1.4082529798545378,4.287711062167515,2026-03-17 14:05:52.149000
XRPUSDT,1590709117.0,1.4985,3.7,,,True,63.25379708102589,0.8957997316136032,26.332496512582434,-0.9340829979971763,1.238,0.999999998047884,-1.396026302824777,4.292692477033012,2026-03-17 14:05:52.149000
XRPUSDT,1590709118.0,1.4985,3.7,,,True,63.36364586639841,0.896031326721431,26.35455891587121,-0.9344034714373385,1.238,0.9999999980306898,-1.3837660180643234,4.297673882157642,2026-03-17 14:05:52.149000
XRPUSDT,1590709119.0,1.4985,3.7,,,True,63.473558023717565,0.8962624666963028,26.376606927151975,-0.9347204734726269,1.238,0.9999999980130081,-1.371472137021025,4.302655277529998,2026-03-17 14:05:52.149000
XRPUSDT,1590709120.0,1.4985,3.7,,,True,63.583533515880774,0.8964931521677991,26.398640550257824,-0.9350340084034908,1.238,0.9999999979948362,-1.3591446779472705,4.307636663138403,2026-03-17 14:05:52.149000
XRPUSDT,1590709121.0,1.4985,3.7,,,True,63.69357230584768,0.8967233837658245,26.420659789073294,-0.9353440805561459,1.238,0.9999999979761713,-1.346783653132306,4.3126180389712045,2026-03-17 14:05:52.149000
XRPUSDT,1590709122.0,1.4985,3.7,,,True,63.803674356640094,0.8969531621206015,26.442664647534162,-0.9356506942836261,0.001,0.9999999979570103,-1.3343890801976015,4.317583882474014,2026-03-17 14:05:52.150000
XRPUSDT,1590709123.0,1.4985,3.7,,,True,63.91361040532878,0.897182487862664,26.4646339941102,-0.934008838200032,0.001,0.9999999979386538,7.15949316822391,4.322549728978077,2026-03-17 14:05:52.150000
XRPUSDT,1590709124.0,1.4985,3.4,,,True,64.02360956692266,0.89741136162285,26.486589045005395,-0.9343089166280961,0.207,0.9999999979204632,-1.3111089179479138,4.327518165145103,2026-03-17 14:05:52.357000
XRPUSDT,1590709125.0,1.4985,3.6,,,True,64.13371004712852,0.8976397840322946,26.508533316395585,-0.9349298961346018,0.207,0.999999997902223,-2.7185577282692432,4.33248660215363,2026-03-17 14:05:52.357000
XRPUSDT,1590709126.0,1.4985,3.5,,,True,64.24387358004918,0.8978677557224298,26.53046328741544,-0.9352230684831838,0.207,0.9999999978840379,-1.2860033121137395,4.337455039991947,2026-03-17 14:05:52.357000
XRPUSDT,1590709127.0,1.4985,3.6,,,True,64.35410012948022,0.8980952773249673,26.552378962183372,-0.9355128236150967,0.207,0.9999999978659085,-1.273528002094437,4.342423478649603,2026-03-17 14:05:52.357000
XRPUSDT,1590709128.0,1.4985,3.6,,,True,64.46438965929568,0.8983223494718992,26.574280344869003,-0.9357991661291916,0.207,0.9999999978478344,-1.2610199796138395,4.347391918116155,2026-03-17 14:05:52.357000
XRPUSDT,1590709129.0,1.4985,3.6,,,True,64.57474213343123,0.8985489727954918,26.596167439691406,-0.9360821005073648,0.207,0.9999999978298157,-1.2484786370965122,4.352360358381157,2026-03-17 14:05:52.357000
XRPUSDT,1590709130.0,1.4985,9.2,,,True,64.685157515884,0.8987751479282724,26.618040250918956,-0.936361631256611,0.207,0.999999997811851,-1.2359039909013554,4.3573287994341685,2026-03-17 14:05:52.357000
XRPUSDT,1590709131.0,1.4985,3.5,,,True,64.79563577071244,0.899000875503033,26.639898782869103,-0.936637762907852,0.207,0.9999999977939398,-1.2232960529250478,4.362297241264922,2026-03-17 14:05:52.357000
XRPUSDT,1590709132.0,1.4985,3.4,,,True,64.90617686203609,0.8992261561528169,26.661743039908206,-0.936910500016918,0.207,0.9999999977760827,-1.2106548402079549,4.367265683863011,2026-03-17 14:05:52.357000
XRPUSDT,1590709133.0,1.4985,3.4,,,True,65.01678075403544,0.8994509905109146,26.683573026451374,-0.9371798471629766,0.207,0.9999999977582794,-1.1979803635775614,4.372234127218172,2026-03-17 14:05:52.357000
XRPUSDT,1590709134.0,1.4984,6.7,,,True,65.10372457718908,0.8996032168547649,26.70324783649139,-0.7368593906500327,0.061,0.9999999977393348,1315.9381710566056,4.3772007322240505,2026-03-17 14:05:52.418000
XRPUSDT,1590709135.0,1.4984,3.7,,,True,65.21441315892042,0.8998273036752804,26.725049868022285,-0.9376210246737813,0.061,0.9999999977217787,-895.9100475514634,4.38216733974404,2026-03-17 14:05:52.418000
XRPUSDT,1590709136.0,1.4984,3.6,,,True,65.32516443316915,0.9000509459013488,26.746837651034156,-0.9378811812248968,0.061,0.9999999977043509,-1.1632711571918175,4.387133949557712,2026-03-17 14:05:52.418000
XRPUSDT,1590709137.0,1.4984,3.4,,,True,65.43597836544778,0.9002741441671147,26.768611190200136,-0.938137975915116,0.061,0.99999999768705,-1.1505227844761547,4.392100561655055,2026-03-17 14:05:52.418000
XRPUSDT,1590709138.0,1.4984,3.6,,,True,65.54685492029421,0.9004968991069409,26.790370490147748,-0.9383914046723085,0.061,0.999999997669874,-1.1377020747116156,4.397067176026021,2026-03-17 14:05:52.418000
XRPUSDT,1590709139.0,1.4984,3.6,,,True,65.65779406230632,0.9007192113554015,26.81211555555214,-0.9386414722043077,0.061,0.9999999976528234,-1.1248481976624884,4.40203379266061,2026-03-17 14:05:52.418000
XRPUSDT,1590709140.0,1.4984,3.5,,,True,65.76879575614196,0.9009410815472757,26.833846391135918,-0.9388881832420265,0.061,0.9999999976358958,-1.1119611680807058,4.407000411548949,2026-03-17 14:05:52.418000
XRPUSDT,1590709141.0,1.4984,3.6,,,True,65.87985996651861,0.9011625103175408,26.855563001668916,-0.9391315425388866,0.061,0.999999997619092,-1.0990409989126217,4.411967032681008,2026-03-17 14:05:52.418000
XRPUSDT,1590709142.0,1.4984,3.6,,,True,65.99098665821339,0.9013834983013723,26.877265391968066,-0.9393715548711844,0.061,0.9999999976024093,-1.0860877054778615,4.416933656047057,2026-03-17 14:05:52.418000
XRPUSDT,1590709143.0,1.4984,3.6,,,True,66.1021757960627,0.9016040461341278,26.89895356689717,-0.9396082250371425,0.061,0.999999997585848,-1.0731012996190168,4.421900281637201,2026-03-17 14:05:52.418000
XRPUSDT,1590709144.0,1.4984,3.5,,,True,66.21342734496227,0.9018241544513472,26.92062753136673,-0.9398415578578624,0.061,0.9999999975694068,-1.0600817982144428,4.426866909441658,2026-03-17 14:05:52.418000
XRPUSDT,1590709145.0,1.4984,3.5,,,True,66.32474126986678,0.9020438238887477,26.94228729033377,-0.9400715581759004,0.061,0.9999999975530848,-1.0470292124373943,4.431833539450743,2026-03-17 14:05:52.418000
XRPUSDT,1590709146.0,1.4984,3.4,,,True,66.43611753578982,0.90226305508221,26.963932848801637,-0.9402982308562413,0.061,0.9999999975368816,-1.0339435586745922,4.436800171654704,2026-03-17 14:05:52.418000
XRPUSDT,1590709147.0,1.4984,3.6,,,True,66.54755610780377,0.9024818486677837,26.985564211819824,-0.940521580785072,0.061,0.9999999975207953,-1.0208248484299796,4.441766806043846,2026-03-17 14:05:52.418000
XRPUSDT,1590709148.0,1.4984,3.6,,,True,66.65905695103946,0.9027002052816728,27.00718138448378,-0.9407416128707937,0.061,0.9999999975048256,-1.0076730986195728,4.446733442608579,2026-03-17 14:05:52.418000
XRPUSDT,1590709149.0,1.4984,3.4,,,True,66.7706200306862,0.9029181255602333,27.02878437193472,-0.9409583320427477,0.061,0.9999999974889717,-0.9944883210757542,4.4517000813392835,2026-03-17 14:05:52.418000
XRPUSDT,1590709150.0,1.4983,3.4,,,True,66.85830654535815,0.9030656641849422,27.048279267474616,-0.7397065440525025,0.061,0.9999999974719305,1364.0617051121467,4.456666721950052,2026-03-17 14:05:52.418000
XRPUSDT,1590709151.0,1.4983,3.4,,,True,66.96998064941316,0.9032828536498699,27.069856924808597,-0.9415395268382671,0.061,0.9999999974562999,-929.2945348564126,4.461633364929245,2026-03-17 14:05:52.418000
XRPUSDT,1590709152.0,1.4983,6.7,,,True,67.0817168924034,0.9034996084844364,27.091420411730187,-0.9417471902392806,0.061,0.9999999974407822,-0.9580566054211392,4.466600010046822,2026-03-17 14:05:52.418000
XRPUSDT,1590709153.0,1.4983,3.4,,,True,67.19351524057237,0.9037159293255029,27.112969733618435,-0.9419515657306479,0.061,0.9999999974253765,-0.9447794782958508,4.4715666572932795,2026-03-17 14:05:52.418000
XRPUSDT,1590709154.0,1.4983,3.7,,,True,67.30537565938651,0.9039318168100547,27.13450489582425,-0.942152651312102,0.061,0.999999997410083,-0.9314369560218371,4.476533306659286,2026-03-17 14:05:52.418000
XRPUSDT,1590709155.0,1.4983,3.6,,,True,67.41729811436971,0.904147271575195,27.15602590374333,-0.9423504520339971,0.061,0.9999999973948996,-0.9180614862072404,4.48149995813541,2026-03-17 14:05:52.418000
XRPUSDT,1590709156.0,1.4983,3.7,,,True,67.52928257110322,0.9043622942581395,27.17753276281588,-0.942544972967318,0.061,0.9999999973798268,-0.9046530843030177,4.486466611712355,2026-03-17 14:05:52.418000
XRPUSDT,1590709157.0,1.4983,3.5,,,True,67.64132899522535,0.9045768854962084,27.1990254785265,-0.9427362192027495,0.061,0.9999999973648624,-0.8912117621976301,4.491433267380773,2026-03-17 14:05:52.418000
XRPUSDT,1590709158.0,1.4983,3.6,,,True,67.75343735243149,0.904791045926828,27.220504056403968,-0.9429241958519181,0.061,0.999999997350007,-0.8777375382778584,4.496399925131443,2026-03-17 14:05:52.418000
XRPUSDT,1590709159.0,1.4983,3.6,,,True,67.86560760847375,0.9050047761875152,27.24196850202105,-0.9431089080449202,0.061,0.9999999973352595,-0.8642304201951755,4.501366584955137,2026-03-17 14:05:52.418000
XRPUSDT,1590709160.0,1.4983,3.4,,,True,67.97783972916105,0.905218076915877,27.26341882099435,-0.9432903609333371,0.061,0.9999999973206176,-0.8506904304100528,4.506333246842637,2026-03-17 14:05:52.418000
XRPUSDT,1590709161.0,1.4983,3.6,,,True,68.09013368035865,0.9054309487496067,27.28485501898409,-0.943468559686561,0.061,0.9999999973060825,-0.8371175749353345,4.511299910784844,2026-03-17 14:05:52.418000
XRPUSDT,1590709162.0,1.4983,3.4,,,True,68.20248942798835,0.9056433923264712,27.306277101693915,-0.943643509494719,0.061,0.9999999972916517,-0.8235118742594225,4.516266576772565,2026-03-17 14:05:52.418000
XRPUSDT,1590709163.0,1.4982,3.4,,,True,68.29079383035351,0.9057872171929104,27.325628958525748,-0.7417519750193454,0.002,0.9999999972759508,1403.7317709634349,4.521232496791098,2026-03-17 14:05:52.420000
XRPUSDT,1590709164.0,1.4982,0.3,,,True,68.40324852883,0.905998943524664,27.34702488100954,-0.944057536622292,0.002,0.9999999972617785,-955.5049668474416,4.526198419530256,2026-03-17 14:05:52.420000
XRPUSDT,1590709165.0,1.4982,6.7,,,True,68.51576492704689,0.9062102433079381,27.368406708252554,-0.9442236597448767,0.298,0.9999999972477372,-0.7861963699660861,4.531168098766674,2026-03-17 14:05:52.718000
XRPUSDT,1590709166.0,1.4982,3.7,,,True,68.62839971461915,0.9064211171807424,27.389779255270273,-0.9448617469722977,0.298,0.9999999972335506,-3.025918853462437,4.536137777245097,2026-03-17 14:05:52.718000
XRPUSDT,1590709167.0,1.4982,3.6,,,True,68.74109614427488,0.9066315657811391,27.411137700231816,-0.945021138896637,0.298,0.999999997219354,-0.7573912301565365,4.541107454953947,2026-03-17 14:05:52.718000
XRPUSDT,1590709168.0,1.4982,3.6,,,True,68.85385418210856,0.9068415897472369,27.4324820491006,-0.9451773069904311,0.298,0.9999999972051473,-0.7435727297970248,4.546077131884202,2026-03-17 14:05:52.718000
XRPUSDT,1590709169.0,1.4982,3.6,,,True,68.9666737943097,0.9070511897171866,27.453812307885737,-0.9453302569181379,0.298,0.9999999971909298,-0.7297230421527141,4.551046808026954,2026-03-17 14:05:52.718000
XRPUSDT,1590709170.0,1.4982,3.4,,,True,69.07955494712292,0.9072603663291738,27.475128482638492,-0.9454799940294945,0.298,0.9999999971767015,-0.715840599644501,4.556016483373165,2026-03-17 14:05:52.718000
XRPUSDT,1590709171.0,1.4982,3.6,,,True,69.19249760684767,0.9074691202214158,27.496430579452046,-0.9456265236915089,0.298,0.9999999971624637,-0.7019254129384888,4.560986157914036,2026-03-17 14:05:52.718000
XRPUSDT,1590709172.0,1.4982,3.6,,,True,69.3055017398383,0.9076774520321548,27.51771860446137,-0.9457698512902435,0.298,0.9999999971482155,-0.6879775019771841,4.56595583164061,2026-03-17 14:05:52.718000
XRPUSDT,1590709173.0,1.4982,3.6,,,True,69.4185673125038,0.9078853623996507,27.53899256384299,-0.9459099822283985,0.298,0.9999999971339569,-0.6739968758786274,4.57092550454405,2026-03-17 14:05:52.718000
XRPUSDT,1590709174.0,1.4982,3.5,,,True,69.53169429130757,0.9080928519621837,27.560252463814862,-0.9460469219272967,0.298,0.999999997119689,-0.6599835539986162,4.575895176615424,2026-03-17 14:05:52.718000
XRPUSDT,1590709175.0,1.4982,3.5,,,True,69.64488264276746,0.9082999213580374,27.58149831063613,-0.9461806758248344,0.298,0.9999999971054108,-0.6459375466198269,4.580864847845949,2026-03-17 14:05:52.718000
XRPUSDT,1590709176.0,1.4982,3.6,,,True,69.75813233345549,0.908506571225502,27.602730110606974,-0.9463112493773034,0.298,0.999999997091122,-0.6318588735183064,4.585834518226724,2026-03-17 14:05:52.718000
XRPUSDT,1590709177.0,1.4982,3.4,,,True,69.8714433299977,0.9087128022028672,27.62394787006843,-0.946438648057051,0.298,0.9999999970768239,-0.6177475439204726,4.590804187748982,2026-03-17 14:05:52.718000
XRPUSDT,1590709178.0,1.4982,3.6,,,True,69.98481559907417,0.9089186149284117,27.645151595402194,-0.9465628773545384,0.298,0.9999999970625153,-0.6036035777605929,4.595773856404006,2026-03-17 14:05:52.718000
XRPUSDT,1590709179.0,1.4982,3.6,,,False,70.09824910741854,0.9091240100404072,27.666341293030435,-0.9466839427760734,3.115,0.999999997048198,-0.589426984697073,4.600779324701947,2026-03-17 14:05:55.833000
XRPUSDT,1590709180.0,1.4982,3.6,,,False,70.21228893241268,0.9093289881771066,27.687561891676086,-0.9513429425106049,3.115,0.9999999970312294,-22.729252053666777,4.605784758046278,2026-03-17 14:05:55.833000
XRPUSDT,1590709181.0,1.4982,3.6,,,False,70.32638999949928,0.9095335499767413,27.708768297933542,-0.9514544233721057,3.115,0.9999999970128212,-0.5449739966108047,4.610790156156453,2026-03-17 14:05:55.833000
XRPUSDT,1590709182.0,1.4982,3.4,,,False,70.44055227010769,0.909737696077515,27.729960518285775,-0.951562675453743,3.115,0.9999999969929395,-0.530267691750999,4.615795519023941,2026-03-17 14:05:55.833000
XRPUSDT,1590709183.0,1.4982,3.6,,,False,70.55477570986298,0.9099414271175991,27.75113855959859,-0.9516677390334021,3.115,0.9999999969715513,-0.5156974588445193,4.620800846640099,2026-03-17 14:05:55.833000
XRPUSDT,1590709184.0,1.4982,3.6,,,False,70.66906028444271,0.9101447437351278,27.772302428778225,-0.9517696198757297,3.115,0.9999999969486255,-0.5010945173395254,4.625806138996159,2026-03-17 14:05:55.833000
XRPUSDT,1590709185.0,1.4982,3.6,,,False,70.78340595957674,0.9103476465681927,27.793452132771243,-0.9518683237609669,3.115,0.9999999969241283,-0.48645888155523254,4.630811396083211,2026-03-17 14:05:55.833000
XRPUSDT,1590709186.0,1.4982,3.5,,,False,70.89781270104706,0.9105501362548379,27.814587678564273,-0.9519638564859068,3.115,0.9999999968980298,-0.4717905712761269,4.635816617892158,2026-03-17 14:05:55.833000
XRPUSDT,1590709187.0,1.4982,3.6,,,False,71.0122804746877,0.910752213433055,27.835709073183864,-0.95205622386342,3.115,0.9999999968702986,-0.45708960471556964,4.640821804413701,2026-03-17 14:05:55.833000
XRPUSDT,1590709188.0,1.4982,3.4,,,False,71.12680924638461,0.9109538787407777,27.856816323696286,-0.9521454317223519,3.115,0.9999999968409042,-0.44235600034149775,4.645826955638557,2026-03-17 14:05:55.833000
XRPUSDT,1590709189.0,1.4982,3.6,,,False,71.2413989820756,0.911155132815876,27.87790943720732,-0.9522314859070462,3.115,0.9999999968098172,-0.42758977502584816,4.650832071557177,2026-03-17 14:05:55.833000
XRPUSDT,1590709190.0,1.4982,3.4,,,False,71.35604964775017,0.9113559762961573,27.898988420862135,-0.9523143922780916,3.115,0.9999999967770077,-0.41279095009333155,4.655837152159956,2026-03-17 14:05:55.833000
XRPUSDT,1590709191.0,1.4983,3.7,,,False,71.49524399618636,0.9116208366051439,27.922025144530295,-1.1550552617174858,0.006,0.9999999967440235,-765.4633879084357,4.660802637682574,2026-03-17 14:05:55.839000
XRPUSDT,1590709192.0,1.4983,3.7,,,False,71.60942323275462,0.9118207291961721,27.94302416886528,-0.9472560468415961,0.006,0.9999999967116237,1039.5543617053124,4.665768126793816,2026-03-17 14:05:55.839000
XRPUSDT,1590709193.0,1.4983,3.7,,,False,71.72366324209749,0.9120202133105392,27.964009282588204,-0.9473329515339812,0.006,0.9999999966794825,-0.3855178775968059,4.6707336195065325,2026-03-17 14:05:55.839000
XRPUSDT,1590709194.0,1.4983,3.7,,,False,71.8379639918466,0.9122192895856985,27.984980492680815,-0.9474067839891199,0.006,0.9999999966475986,-0.3708752089097394,4.6756991158090075,2026-03-17 14:05:55.839000
XRPUSDT,1590709195.0,1.4983,3.7,,,False,71.95232544970831,0.9124179586590142,28.00593780616416,-0.9474775501376331,0.006,0.9999999966159703,-0.3562011305139531,4.680664615689636,2026-03-17 14:05:55.839000
XRPUSDT,1590709196.0,1.4983,3.7,,,False,72.06674758344049,0.9126162211677507,28.026881230096542,-0.9475452557336848,0.006,0.9999999965845958,-0.34149470055192377,4.685630119136786,2026-03-17 14:05:55.839000
XRPUSDT,1590709197.0,1.4983,3.7,,,False,72.18123036085233,0.9128140777490698,28.047810771573374,-0.947609906545086,0.006,0.9999999965534729,-0.3267559308376558,4.690595626138921,2026-03-17 14:05:55.839000
XRPUSDT,1590709198.0,1.4983,3.7,,,False,72.29577374980424,0.913011529040025,28.06872643772695,-0.9476715083542478,0.001,0.9999999965225999,-0.31198483871026633,4.695561073027667,2026-03-17 14:05:55.840000
XRPUSDT,1590709199.0,1.4983,3.7,,,False,72.41037673873727,0.913208575677558,28.08962815814676,-0.9477219791474248,0.001,0.999999996491981,-0.2561362822979087,4.700526523511597,2026-03-17 14:05:55.840000
XRPUSDT,1590709200.0,1.4983,3.7,,,False,72.52504027502184,0.9134052182984927,28.110516017931232,-0.9477775074695547,0.001,0.9999999964616113,-0.28238192649124993,4.705491977579254,2026-03-17 14:05:55.840000
XRPUSDT,1590709201.0,1.4983,3.7,,,False,72.63976432667349,0.9136014575395317,28.1313900243218,-0.9478300042966366,0.001,0.999999996431489,-0.26751442170243517,4.710457435219333,2026-03-17 14:05:55.840000
XRPUSDT,1590709202.0,1.4983,3.7,,,False,72.75454886175845,0.9137972940372507,28.15225018459607,-0.9478794754656141,0.001,0.9999999964016132,-0.2526146533142794,4.715422896420454,2026-03-17 14:05:55.840000
XRPUSDT,1590709203.0,1.4983,3.7,,,False,72.86939384839353,0.9139927284280948,28.173096506067708,-0.9479259268259244,0.001,0.9999999963719792,-0.23768263154514696,4.720388361171349,2026-03-17 14:05:55.840000
XRPUSDT,1590709204.0,1.4983,3.7,,,False,72.98429925474589,0.9141877613483724,28.193928996086182,-0.947969364241025,0.001,0.9999999963425888,-0.22271837512742756,4.725353829460778,2026-03-17 14:05:55.840000
XRPUSDT,1590709205.0,1.4983,3.7,,,False,73.09926504903301,0.914382393434251,28.21474766203666,-0.9480097935867031,0.001,0.9999999963134378,-0.20772189485441864,4.730319301277608,2026-03-17 14:05:55.840000
XRPUSDT,1590709206.0,1.4983,3.4,,,False,73.21429119952249,0.914576625321757,28.23555251133978,-0.9480472207521422,0.107,0.9999999962845253,-0.19269320768933496,4.735286126701598,2026-03-17 14:05:55.947000
XRPUSDT,1590709207.0,1.4983,239.3,,,False,73.32939853558754,0.9147704576467632,28.2563451768092,-0.94825324730898,0.107,0.9999999962557249,-1.0629112395526712,4.740252954268025,2026-03-17 14:05:55.947000
XRPUSDT,1590709208.0,1.4983,225.0,,,False,73.44456616533876,0.9149638910449901,28.277124033947313,-0.9482845252397675,0.107,0.9999999962270952,-0.16169870908650286,4.745219783965649,2026-03-17 14:05:55.947000
XRPUSDT,1590709209.0,1.4983,3.4,,,False,73.55979405713911,0.9151569261520007,28.297889090291594,-0.9483128170662567,0.107,0.9999999961986369,-0.1465631144891481,4.750186615783541,2026-03-17 14:05:55.947000
XRPUSDT,1590709210.0,1.4983,3.6,,,False,73.67508217940708,0.9153495636031906,28.318640353414814,-0.9483381287822069,0.107,0.9999999961703484,-0.13139561281498666,4.7551534497108525,2026-03-17 14:05:55.947000
XRPUSDT,1590709211.0,1.4983,1452.0,,,False,73.79043050061055,0.9155418040337928,28.339377830924363,-0.9483604663461805,0.107,0.9999999961422286,-0.11619597346748874,4.760120285736858,2026-03-17 14:05:55.947000
XRPUSDT,1590709212.0,1.4983,448.7,,,False,73.90583898926684,0.9157336480788666,28.36010153046211,-0.9483798357288481,0.107,0.9999999961142753,-0.10096421111276618,4.765087123850705,2026-03-17 14:05:55.947000
XRPUSDT,1590709213.0,1.4983,6.7,,,False,74.02130761394241,0.9159250963732953,28.380811459704212,-0.9483962429122852,0.107,0.9999999960864888,-0.08570033745169629,4.770053964041726,2026-03-17 14:05:55.947000
XRPUSDT,1590709214.0,1.4983,3.6,,,False,74.13683634325291,0.9161161495517813,28.40150762636094,-0.9484096938912097,0.107,0.9999999960588671,-0.07040437134341153,4.775020806299229,2026-03-17 14:05:55.947000
XRPUSDT,1590709215.0,1.4983,3.6,,,False,74.25242514586287,0.9163068082488424,28.422190038176506,-0.948420194671051,0.107,0.9999999960314095,-0.055076322261688924,4.779987650612587,2026-03-17 14:05:55.947000
XRPUSDT,1590709216.0,1.4983,3.6,,,False,74.36807399048573,0.916497073098806,28.4428587029289,-0.9484277512699782,0.107,0.9999999960041157,-0.03971621100116209,4.784954496971146,2026-03-17 14:05:55.947000
XRPUSDT,1590709217.0,1.4983,3.6,,,False,74.48378284588362,0.9166869447358071,28.463513628429688,-0.9484323697165766,0.107,0.9999999959769831,-0.02432404687359267,4.7899213453644105,2026-03-17 14:05:55.947000
XRPUSDT,1590709218.0,1.4983,3.6,,,False,74.59955168086731,0.9168764237937819,28.484154822523887,-0.9484340560513688,0.107,0.9999999959500117,-0.008899847878513896,4.7948881957818745,2026-03-17 14:05:55.947000
XRPUSDT,1590709219.0,1.4983,3.5,,,False,74.71538046429592,0.9170655109064645,28.504782293089733,-0.9484328163254278,0.107,0.9999999959232007,0.006556374590671401,4.799855048212981,2026-03-17 14:05:55.947000
XRPUSDT,1590709220.0,1.4983,333.8,,,False,74.83126916507707,0.9172542067073824,28.525396048038566,-0.9484286566016727,0.107,0.9999999958965483,0.0220446016009254,4.8048219026473005,2026-03-17 14:05:55.947000
XRPUSDT,1590709221.0,1.4983,3.5,,,False,74.94721775216647,0.9174425118298511,28.545996095314614,-0.9484215829531983,0.107,0.9999999958700541,0.03756482235678484,4.8097887590744675,2026-03-17 14:05:55.947000
XRPUSDT,1590709222.0,1.4983,1112.4,,,False,75.06322619456799,0.9176304269069755,28.566582442894838,-0.9484116014642194,0.107,0.999999995843717,0.05311702036713267,4.814755617484076,2026-03-17 14:05:55.947000
XRPUSDT,1590709223.0,1.4983,0.1,,,False,75.17929446133347,0.9178179525716365,28.58715509878876,-0.9483987182295159,0.107,0.999999995817536,0.0687011813918402,4.8197224778658505,2026-03-17 14:05:55.947000
XRPUSDT,1590709224.0,1.4983,3.3,,,False,75.29542252156254,0.9180050894564933,28.607714071038302,-0.9483829393543024,0.001,0.9999999957915093,0.08431729119358922,4.824687989842277,2026-03-17 14:05:55.948000
XRPUSDT,1590709225.0,1.4983,3.4,,,False,75.41158928336118,0.9181918381939798,28.628257786764795,-0.9481926268214198,0.001,0.9999999957657553,1.0190833707584244,4.829653505182847,2026-03-17 14:05:55.948000
XRPUSDT,1590709226.0,1.4983,3.6,,,False,75.52781577734297,0.918378199416293,28.648787841619257,-0.9481712630715743,0.001,0.9999999957402153,0.11463624020244065,4.834619023877286,2026-03-17 14:05:55.948000
XRPUSDT,1590709227.0,1.4983,3.6,,,False,75.64410197279811,0.9185641737553988,28.669304243727076,-0.9481470235811453,0.001,0.9999999957148856,0.13033782265607485,4.8395845459151445,2026-03-17 14:05:55.948000
XRPUSDT,1590709228.0,1.4983,3.4,,,False,75.76044783906424,0.918749761843022,28.6898070012453,-0.9481199144890988,0.001,0.9999999956897673,0.14607129365726387,4.844550071286166,2026-03-17 14:05:55.948000
XRPUSDT,1590709229.0,1.4983,3.4,,,False,75.8768533455261,0.9189349643106438,28.7102961223625,-0.9480899419438803,0.001,0.9999999956648564,0.16183664075004484,4.849515599980017,2026-03-17 14:05:55.948000
XRPUSDT,1590709230.0,1.4984,3.6,,,False,76.01830348556801,0.9191791838380947,28.732627108872602,-1.1508146267253667,1.488,0.9999999956421536,-830.0920360360567,4.854500078705119,2026-03-17 14:05:57.436000
XRPUSDT,1590709231.0,1.4984,6.7,,,False,76.13513737674043,0.9193634933870924,28.753108029618673,-0.9502083832047598,1.488,0.9999999956160333,1088.4202398166462,4.8594845342148645,2026-03-17 14:05:57.436000
XRPUSDT,1590709232.0,1.4984,3.7,,,False,76.25203079537566,0.9195474194119729,28.773575247956177,-0.9501663670748656,1.488,0.9999999955892671,0.22844037390296484,4.864468972892736,2026-03-17 14:05:57.436000
XRPUSDT,1590709233.0,1.4984,3.6,,,False,76.36898371282935,0.9197309625431173,28.794028772572997,-0.9501215132781733,1.488,0.9999999955618524,0.2443774191528262,4.86945339473182,2026-03-17 14:05:57.436000
XRPUSDT,1590709234.0,1.4984,3.6,,,False,76.48599609806324,0.9199141234106409,28.8144686120067,-0.9500738082840722,1.488,0.9999999955337869,0.26045407376632496,4.874437799724937,2026-03-17 14:05:57.436000
XRPUSDT,1590709235.0,1.4984,3.4,,,False,76.60306792008565,0.9200969026443914,28.834894774825553,-0.9500232584000399,1.488,0.9999999955050675,0.27656251202652726,4.879422187865055,2026-03-17 14:05:57.436000
XRPUSDT,1590709236.0,1.4984,3.6,,,False,76.72019914795143,0.9202793008739418,28.85530726962837,-0.9499698699435966,1.488,0.999999995475692,0.29270271194460634,4.884406559145106,2026-03-17 14:05:57.436000
XRPUSDT,1590709237.0,1.4984,3.6,,,False,76.83738975076173,0.9204613187285886,28.875706105044326,-0.9499136492403971,1.488,0.9999999954456591,0.30887466127177804,4.8893909135579285,2026-03-17 14:05:57.436000
XRPUSDT,1590709238.0,1.4984,3.6,,,False,76.95463969766406,0.9206429568373508,28.89609128973281,-0.9498546026249716,1.488,0.9999999954149658,0.32507834301925487,4.894375251096228,2026-03-17 14:05:57.436000
XRPUSDT,1590709239.0,1.4984,3.5,,,False,77.07194895785203,0.9208242158289589,28.916462832383207,-0.949792736440668,1.488,0.9999999953836094,0.3413137398300159,4.899359571753043,2026-03-17 14:05:57.436000
XRPUSDT,1590709240.0,1.4984,42.5,,,False,77.18931750056538,0.9210050963318569,28.93682074171479,-0.9497280570392556,1.488,0.9999999953515883,0.35758083583441896,4.904343875521098,2026-03-17 14:05:57.436000
XRPUSDT,1590709241.0,1.4984,39.1,,,False,77.30674529508977,0.9211855989741978,28.9571650264765,-0.9496605707807747,1.488,0.9999999953189009,0.37387961530993397,4.9093281623932175,2026-03-17 14:05:57.436000
XRPUSDT,1590709242.0,1.4984,3.5,,,False,77.42423231075671,0.9213657243838345,28.977495695446805,-0.9495902840336423,1.488,0.9999999952855441,0.3902100612799482,4.914312432362214,2026-03-17 14:05:57.436000
XRPUSDT,1590709243.0,1.4984,333.8,,,False,77.54177851694341,0.9215454731883248,28.997812757433522,-0.9495172031741694,1.488,0.999999995251517,0.40657215874173586,4.91929668542087,2026-03-17 14:05:57.436000
XRPUSDT,1590709244.0,1.4984,3.6,,,False,77.65938388307282,0.9217248460149211,29.01811622127365,-0.9494413345871642,1.488,0.999999995216817,0.42296588867391266,4.924280921561918,2026-03-17 14:05:57.436000
XRPUSDT,1590709245.0,1.4984,3.4,,,False,77.77704837861332,0.9219038434905695,29.03840609583321,-0.9493626846645106,1.488,0.9999999951814427,0.4393912392825358,4.929265140778146,2026-03-17 14:05:57.436000
XRPUSDT,1590709246.0,1.4984,3.6,,,False,77.89477197307879,0.922082466241905,29.05868239000706,-0.9492812598068964,1.488,0.9999999951453922,0.4558481884609224,4.934249343062294,2026-03-17 14:05:57.436000
XRPUSDT,1590709247.0,1.4984,3.4,,,False,78.01255463602838,0.9222607148952482,29.078945112718742,-0.9491970664213526,1.488,0.9999999951086631,0.47233672717679237,4.9392335284070175,2026-03-17 14:05:57.436000
XRPUSDT,1590709248.0,1.4985,3.6,,,False,78.15560890540674,0.9224957566381492,29.10099606743034,-1.151528722079683,0.008,0.9999999950734636,-860.8328595637771,4.94419886810715,2026-03-17 14:05:57.444000
XRPUSDT,1590709249.0,1.4985,0.1,,,False,78.27322492292411,0.92267313911241,29.121207587455654,-0.9463984118034316,0.008,0.9999999950372409,1156.4294112543128,4.949164211479844,2026-03-17 14:05:57.444000
XRPUSDT,1590709250.0,1.4985,3.3,,,False,78.39089993954062,0.9228501495669068,29.141405656211035,-0.9463083915038741,0.008,0.9999999950012962,0.5085592250097181,4.954129558550212,2026-03-17 14:05:57.444000
XRPUSDT,1590709251.0,1.4985,0.4,,,False,78.5086339257109,0.9230267886265597,29.16159028255507,-0.9462156503410819,0.008,0.9999999949656289,0.52503202278395,4.9590949093066605,2026-03-17 14:05:57.444000
XRPUSDT,1590709252.0,1.4985,3.7,,,False,78.62642685187957,0.9232030569159554,29.181761475370028,-0.9461201942176599,0.008,0.9999999949302368,0.54153883122861,4.964060263737878,2026-03-17 14:05:57.444000
XRPUSDT,1590709253.0,1.4985,2.6,,,False,78.74427868853567,0.9233789550593415,29.201919243565598,-0.9460220294816801,0.001,0.9999999948951173,0.5580771581215084,4.969025532823763,2026-03-17 14:05:57.445000
XRPUSDT,1590709254.0,1.4985,1.1,,,False,78.86218799654594,0.9235544836806293,29.222063496633783,-0.9459098720186062,0.001,0.999999994860278,0.6389696577746822,4.973990805660066,2026-03-17 14:05:57.445000
XRPUSDT,1590709255.0,1.4985,3.7,,,False,78.98015615630386,0.9237296434033824,29.242194343412212,-0.945806324111194,0.001,0.9999999948257121,0.5911627729518866,4.978956082235364,2026-03-17 14:05:57.445000
XRPUSDT,1590709256.0,1.4985,0.3,,,False,79.09818313843417,0.9239044348508171,29.262311792890962,-0.9457000867657668,0.001,0.9999999947914185,0.6077948720399241,4.983921362538692,2026-03-17 14:05:57.445000
XRPUSDT,1590709257.0,1.4985,3.4,,,False,79.21626891360553,0.924078858645801,29.28241585408691,-0.9455911663564485,0.001,0.9999999947573948,0.6244584308486874,4.988886646558706,2026-03-17 14:05:57.445000
XRPUSDT,1590709258.0,1.4985,0.2,,,False,79.33441345253055,0.9242529154108421,29.30250653604353,-0.9454795692635316,0.001,0.9999999947236391,0.6411534357225114,4.993851934284332,2026-03-17 14:05:57.445000
XRPUSDT,1590709259.0,1.4985,3.5,,,False,79.45261672596556,0.9244266057680953,29.322583847830764,-0.9453653018736876,0.001,0.9999999946901497,0.6578798711168289,4.998817225704493,2026-03-17 14:05:57.445000
XRPUSDT,1590709260.0,1.4985,0.1,,,False,79.5708787047105,0.9245999303393526,29.342647798544874,-0.9452483705795143,0.001,0.9999999946569244,0.6746377234636798,5.003782520808157,2026-03-17 14:05:57.445000
XRPUSDT,1590709261.0,1.4985,3.6,,,False,79.68919935960896,0.9247728897460411,29.362698397308222,-0.9451287817797764,0.001,0.9999999946239616,0.6914269771589966,5.008747819584325,2026-03-17 14:05:57.445000
XRPUSDT,1590709262.0,1.4985,3.7,,,False,79.80757866154794,0.9249454846092198,29.38273565326919,-0.9450065418789146,0.001,0.9999999945912598,0.7082476187907085,5.013713122022045,2026-03-17 14:05:57.445000
XRPUSDT,1590709263.0,1.4985,3.7,,,False,79.92601658145772,0.9251177155495764,29.40275957560197,-0.9448816572867111,0.001,0.9999999945588167,0.725099636249294,5.0186784281103725,2026-03-17 14:05:57.445000
XRPUSDT,1590709264.0,1.4985,1.6,,,False,80.04451309031187,0.9252895831874244,29.422770173506414,-0.9447541344197309,0.001,0.9999999945266309,0.7419830084188814,5.023643737838509,2026-03-17 14:05:57.445000
XRPUSDT,1590709265.0,1.4985,2.1,,,False,80.16306815912702,0.9254610881426978,29.4427674562079,-0.9446239796984848,0.001,0.9999999944947009,0.7588977300313303,5.028609051195624,2026-03-17 14:05:57.445000
XRPUSDT,1590709266.0,1.4985,3.7,,,False,80.28168175896288,0.925632231034951,29.462751432957134,-0.9444911995501439,0.001,0.9999999944630241,0.7758437793865007,5.03357436817088,2026-03-17 14:05:57.445000
XRPUSDT,1590709267.0,1.4985,3.7,,,False,80.40035386092201,0.9258030124833526,29.482722113030047,-0.9443558004063995,0.001,0.9999999944315996,0.7928211466267865,5.038539688753608,2026-03-17 14:05:57.445000
XRPUSDT,1590709268.0,1.4985,3.7,,,False,80.5190844361498,0.9259734331066839,29.502679505727578,-0.9442177887046374,0.001,0.9999999944004251,0.8098298143993815,5.043505012933107,2026-03-17 14:05:57.445000
XRPUSDT,1590709269.0,1.4985,3.7,,,False,80.6378734558343,0.9261434935233337,29.52262362037557,-0.944077170886707,0.001,0.9999999943694988,0.826869771935061,5.048470340698694,2026-03-17 14:05:57.445000
XRPUSDT,1590709270.0,1.4985,3.6,,,False,80.75672089120619,0.9263131943513007,29.54255446632457,-0.9439339534002846,0.042,0.9999999943388199,0.8439409998058319,5.0534361922433595,2026-03-17 14:05:57.487000
XRPUSDT,1590709271.0,1.4985,3.6,,,False,80.87563502171282,0.9264825362081821,29.56247261839236,-0.9438539782183308,0.042,0.9999999943083384,0.4722706094441003,5.05840204676268,2026-03-17 14:05:57.487000
XRPUSDT,1590709272.0,1.4985,3.6,,,False,80.9946075092176,0.9266515197111757,29.582377518055235,-0.9437054850540691,0.042,0.9999999942780762,0.8787435556200864,5.063367904246084,2026-03-17 14:05:57.487000
XRPUSDT,1590709273.0,1.4985,3.5,,,False,81.11363832505984,0.9268201454770771,29.602269174742496,-0.9435544110988587,0.042,0.9999999942480323,0.8959126406498972,5.068333764683346,2026-03-17 14:05:57.487000
XRPUSDT,1590709274.0,1.4985,3.4,,,False,81.23272744062206,0.9269884141222714,29.62214759790761,-0.9434007628298674,0.042,0.9999999942182047,0.9131128904850672,5.073299628064064,2026-03-17 14:05:57.487000
XRPUSDT,1590709275.0,1.4985,3.6,,,False,81.35187482732887,0.9271563262627369,29.64201279702801,-0.9432445467199938,0.042,0.9999999941885919,0.9303443422286367,5.078265494378117,2026-03-17 14:05:57.487000
XRPUSDT,1590709276.0,1.4985,3.5,,,False,81.4710804566469,0.9273238825140383,29.66186478160492,-0.943085769247074,0.042,0.9999999941591927,0.9476069778752797,5.083231363615135,2026-03-17 14:05:57.487000
XRPUSDT,1590709277.0,1.4985,3.6,,,False,81.59034430008455,0.9274910834913238,29.681703561163225,-0.9429244368924272,0.042,0.999999994130006,0.9649007874594107,5.088197235765068,2026-03-17 14:05:57.487000
XRPUSDT,1590709278.0,1.4985,3.6,,,False,81.7096663291921,0.9276579298093228,29.701529145251293,-0.9427605561421418,0.042,0.9999999941010301,0.9822257527215117,5.0931631108177555,2026-03-17 14:05:57.487000
XRPUSDT,1590709279.0,1.4985,3.5,,,False,81.82904651556143,0.9278244220823421,29.72134154344084,-0.9425941334856867,0.042,0.9999999940722636,0.999581863093064,5.098128988763069,2026-03-17 14:05:57.487000
XRPUSDT,1590709280.0,1.4985,3.6,,,False,81.94848483082599,0.9279905609242635,29.741140765326776,-0.9424251754169684,0.002,0.9999999940437054,1.0169691010500455,5.103094362915664,2026-03-17 14:05:57.489000
XRPUSDT,1590709281.0,1.4985,3.4,,,False,82.06797311498903,0.9281563469485411,29.760926278718784,-0.9421896751982213,0.002,0.9999999940153974,1.4205070648940281,5.108059740524937,2026-03-17 14:05:57.489000
XRPUSDT,1590709282.0,1.4986,3.4,,,False,82.21315760002636,0.9283749445282709,29.78240268115861,-1.143384297929901,0.009,0.9999999939899067,-920.3881533382639,5.113025210252194,2026-03-17 14:05:57.498000
XRPUSDT,1590709283.0,1.4986,3.6,,,False,82.33277588272296,0.9285399137396183,29.802159193702124,-0.9415971082724461,0.009,0.9999999939620551,1223.1809075722333,5.117990683270877,2026-03-17 14:05:57.498000
XRPUSDT,1590709284.0,1.4986,3.4,,,False,82.45245217634677,0.9287045321679887,29.821902572908353,-0.9414175754650022,0.009,0.9999999939344253,1.0905996930069413,5.122956159613352,2026-03-17 14:05:57.498000
XRPUSDT,1590709285.0,1.4986,6.7,,,False,82.57218645287153,0.9288688004249496,29.841632828496493,-0.9412355431841286,0.009,0.999999993907015,1.1081403324128012,5.127921639269603,2026-03-17 14:05:57.498000
XRPUSDT,1590709286.0,1.4986,3.6,,,False,82.69197868420062,0.9290327191216294,29.86134997020057,-0.941051017067127,0.009,0.9999999938798225,1.1257173265718072,5.132887122229683,2026-03-17 14:05:57.498000
XRPUSDT,1590709287.0,1.4986,3.6,,,False,82.81182884227815,0.9291962888687059,29.881054007776697,-0.9408640036284476,0.009,0.9999999938528468,1.1433253521634077,5.137852608483703,2026-03-17 14:05:57.498000
XRPUSDT,1590709288.0,1.4986,3.7,,,False,82.93173689908909,0.9293595102764085,29.900744951002913,-0.9406745093868731,0.009,0.9999999938260862,1.160964387218514,5.142818098021753,2026-03-17 14:05:57.498000
XRPUSDT,1590709289.0,1.4986,3.6,,,False,83.05170282665895,0.9295223839545157,29.920422809679053,-0.9404825408632498,0.009,0.9999999937995394,1.1786344230343755,5.147783590833993,2026-03-17 14:05:57.498000
XRPUSDT,1590709290.0,1.4986,3.6,,,False,83.17172659705388,0.929684910512347,29.940087593626558,-0.9402881045817525,0.009,0.9999999937732046,1.1963354425993102,5.1527490869106725,2026-03-17 14:05:57.498000
XRPUSDT,1590709291.0,1.4986,3.5,,,False,83.29180818238034,0.929847090558768,29.95973931268837,-0.9400912070687547,0.009,0.9999999937470819,1.2140674351928251,5.157714586241892,2026-03-17 14:05:57.498000
XRPUSDT,1590709292.0,1.4986,3.5,,,False,83.41194755478526,0.9300089247021822,29.979377976728784,-0.9398918548542623,0.006,0.9999999937211673,1.2318303807014916,5.1626800509090005,2026-03-17 14:05:57.504000
XRPUSDT,1590709293.0,1.4986,3.6,,,False,83.53214407433006,0.9301704135505293,29.999003555904864,-0.9396852769689691,0.006,0.999999993695465,1.2792083627297728,5.167645518855833,2026-03-17 14:05:57.504000
XRPUSDT,1590709294.0,1.4986,3.4,,,False,83.65239832549909,0.9303315577112834,30.018616100029675,-0.9394810426571131,0.006,0.9999999936699703,1.2674012567398691,5.172610990072688,2026-03-17 14:05:57.504000
XRPUSDT,1590709295.0,1.4986,3.4,,,False,83.77271028056089,0.9304923577914492,30.038215619030193,-0.9392743732781331,0.006,0.9999999936446831,1.2852566912081806,5.17757646454997,2026-03-17 14:05:57.504000
XRPUSDT,1590709296.0,1.4986,3.6,,,False,83.89307991182397,0.9306528143975602,30.05780212285417,-0.9390652753709199,0.006,0.9999999936196013,1.3031430259009111,5.182541942278013,2026-03-17 14:05:57.504000
XRPUSDT,1590709297.0,1.4986,3.6,,,False,84.01350719163676,0.9308129281356751,30.077375621469947,-0.938853755476493,0.006,0.9999999935947237,1.3210602470299715,5.187507423247337,2026-03-17 14:05:57.504000
XRPUSDT,1590709298.0,1.4986,3.6,,,False,84.13399209238733,0.930972699611376,30.09693612486634,-0.938639820137765,0.006,0.9999999935700487,1.339008341691934,5.1924729074483125,2026-03-17 14:05:57.504000
XRPUSDT,1590709299.0,1.4986,3.5,,,False,84.25453458650352,0.9311321294297652,30.116483643052465,-0.9384234758997942,0.006,0.9999999935455758,1.356987294827142,5.1974383948715035,2026-03-17 14:05:57.504000
XRPUSDT,1590709300.0,1.4986,3.6,,,False,84.37513464645274,0.9312912181954628,30.136018186057626,-0.9382047293096671,0.006,0.9999999935213024,1.3749970915163057,5.2024038855075405,2026-03-17 14:05:57.504000
XRPUSDT,1590709301.0,1.4986,3.6,,,False,84.49579224474184,0.9314499665126025,30.155539763931145,-0.937983586915953,0.006,0.9999999934972278,1.3930377196980728,5.207369379346822,2026-03-17 14:05:57.504000
XRPUSDT,1590709302.0,1.4986,3.4,,,False,84.61650735391704,0.931608374984835,30.175048386742223,-0.9377600552691033,0.006,0.999999993473351,1.411109164171359,5.212334876380158,2026-03-17 14:05:57.504000
XRPUSDT,1590709303.0,1.4986,3.6,,,False,84.73727994656392,0.9317664442153162,30.19454406457981,-0.937534140920889,0.006,0.9999999934496703,1.4292114127873448,5.217300376598037,2026-03-17 14:05:57.504000
XRPUSDT,1590709304.0,1.4986,3.4,,,False,84.85810999530717,0.9319241748067111,30.21402680755245,-0.9373058504252334,0.006,0.9999999934261848,1.4473444474958639,5.222265879991276,2026-03-17 14:05:57.504000
XRPUSDT,1590709305.0,1.4986,3.6,,,False,84.9789974728107,0.9320815673611911,30.233496625788145,-0.9370751903365839,0.006,0.9999999934028921,1.4655082599779934,5.227231386550571,2026-03-17 14:05:57.504000
XRPUSDT,1590709306.0,1.4986,3.4,,,False,85.09994235177733,0.9322386224804254,30.2529535294342,-0.9368421672116267,0.006,0.9999999933797927,1.4837028305297522,5.232196896266578,2026-03-17 14:05:57.504000
XRPUSDT,1590709307.0,1.4987,3.4,,,False,85.24689069836138,0.9324456999077646,30.27403118426491,-1.136775155070365,0.006,0.9999999933596652,-965.498704652516,5.237162409153258,2026-03-17 14:05:57.510000
XRPUSDT,1590709308.0,1.4987,5.1,,,False,85.36796260436672,0.9326019738899924,30.293459557312044,-0.9361017443940827,0.006,0.9999999933369527,1284.1127346694936,5.242127925149123,2026-03-17 14:05:57.510000
XRPUSDT,1590709309.0,1.4987,3.6,,,False,85.48909182424364,0.9327579124320011,30.312875048893293,-0.9358611470384869,0.006,0.9999999933144283,1.542898583612435,5.247093444274154,2026-03-17 14:05:57.510000
XRPUSDT,1590709310.0,1.4987,3.6,,,False,85.6102783309596,0.9329135161332833,30.33227766924464,-0.9356182158168868,0.006,0.9999999932920913,1.5612175006014057,5.2520589665193365,2026-03-17 14:05:57.510000
XRPUSDT,1590709311.0,1.4987,3.6,,,False,85.73152209741936,0.9330687855928205,30.351667428614245,-0.9353729565071188,0.006,0.9999999932699402,1.5795721225477672,5.257024491875595,2026-03-17 14:05:57.510000
XRPUSDT,1590709312.0,1.4987,207.0,,,False,85.85282309656618,0.9332237214090812,30.37104433726871,-0.935125375670941,0.006,0.9999999932479737,1.597957413289401,5.261990020333874,2026-03-17 14:05:57.510000
XRPUSDT,1590709313.0,1.4987,3.6,,,False,85.97418130138163,0.9333783241800176,30.3904084054929,-0.9348754798695039,0.006,0.999999993226191,1.6163733672001732,5.2669555518851645,2026-03-17 14:05:57.510000
XRPUSDT,1590709314.0,1.4987,3.6,,,False,86.09559668488556,0.9335325945030649,30.40975964358982,-0.9346232756654155,0.006,0.9999999932045901,1.6348199647651778,5.271921086520504,2026-03-17 14:05:57.510000
XRPUSDT,1590709315.0,1.4987,3.6,,,False,86.21706922013595,0.933686532975137,30.429098061880484,-0.9343687696210123,0.006,0.9999999931831708,1.6532971971028367,5.276886624231047,2026-03-17 14:05:57.510000
XRPUSDT,1590709316.0,1.4987,3.5,,,False,86.33859888022893,0.933840140192625,30.44842367070376,-0.9341119683000096,0.006,0.9999999931619306,1.6718050440754755,5.281852165007779,2026-03-17 14:05:57.510000
XRPUSDT,1590709317.0,1.4987,3.5,,,False,86.4601856382985,0.9339934167513944,30.467736480416256,-0.9338528782652762,0.006,0.9999999931408697,1.6903434994469675,5.286817708841907,2026-03-17 14:05:57.510000
XRPUSDT,1590709318.0,1.4987,3.4,,,False,86.58182946751668,0.9341463632467861,30.487036501392154,-0.933591506081079,0.006,0.999999993119986,1.708912541785896,5.2917832557246,2026-03-17 14:05:57.510000
XRPUSDT,1590709319.0,1.4987,3.6,,,False,86.70353034109324,0.9342989802736079,30.5063237440231,-0.9333278583106543,0.006,0.9999999930992787,1.7275121650253933,5.2967488056470335,2026-03-17 14:05:57.510000
XRPUSDT,1590709320.0,1.4987,3.6,,,False,86.82528823227568,0.9344512684261372,30.525598218718038,-0.9330619415184332,0.006,0.9999999930787463,1.7461423479406726,5.30171435860043,2026-03-17 14:05:57.510000
XRPUSDT,1590709321.0,1.4988,3.4,,,False,86.97321933701988,0.9346520550119198,30.546454373528313,-1.1321098205134097,0.036,0.9999999930612528,-991.3405231686961,5.306680291026719,2026-03-17 14:05:57.546000
XRPUSDT,1590709322.0,1.4988,6.7,,,False,87.09510957155547,0.9348035818820146,30.56570102534796,-0.9322958746682855,0.036,0.9999999930410443,1318.6700531736155,5.31164622582757,2026-03-17 14:05:57.546000
XRPUSDT,1590709323.0,1.4988,3.7,,,False,87.21705673545516,0.9349547818480218,30.584934941449326,-0.9320226065060587,0.036,0.9999999930209932,1.807329521580021,5.3166121631724605,2026-03-17 14:05:57.546000
XRPUSDT,1590709324.0,1.4988,1701.4,,,False,87.33906080280828,0.9351056555018934,30.60415613236187,-0.9317471027574306,0.036,0.9999999930010977,1.826056051261948,5.321578103053055,2026-03-17 14:05:57.546000
XRPUSDT,1590709325.0,1.4988,3.6,,,False,87.46112174704592,0.9352562034350376,30.62336460858924,-0.9314693646717495,0.036,0.9999999929813573,1.8448482146554726,5.326544045460884,2026-03-17 14:05:57.546000
XRPUSDT,1590709326.0,1.4988,3.6,,,False,87.58323954163646,0.9354064262383163,30.6425603806515,-0.9311893988121742,0.036,0.9999999929617706,1.8636708506619617,5.331509990387579,2026-03-17 14:05:57.546000
XRPUSDT,1590709327.0,1.4988,3.6,,,False,87.70541416008524,0.9355563245020428,30.66174345908506,-0.9309072117408513,0.036,0.9999999929423363,1.8825239486269516,5.3364759378247335,2026-03-17 14:05:57.546000
XRPUSDT,1590709328.0,1.4988,3.6,,,False,87.82764557593475,0.9357058988159811,30.680913854442498,-0.9306228100196821,0.036,0.9999999929230546,1.9014074922429038,5.341441887764034,2026-03-17 14:05:57.546000
XRPUSDT,1590709329.0,1.4988,3.6,,,False,87.94993376276435,0.9358551497693416,30.700071577292473,-0.9303362002096486,0.036,0.9999999929039243,1.9203214691782822,5.346407840197195,2026-03-17 14:05:57.546000
XRPUSDT,1590709330.0,1.4988,3.6,,,False,88.07227869419026,0.9360040779507806,30.71921663821956,-0.9300473888709668,0.036,0.9999999928849429,1.939265865541421,5.351373795116009,2026-03-17 14:05:57.546000
XRPUSDT,1590709331.0,1.4988,3.5,,,False,88.19468034386546,0.9361526839483973,30.738349047824112,-0.9297563825627881,0.036,0.9999999928661111,1.9582406689203966,5.356339752512153,2026-03-17 14:05:57.546000
XRPUSDT,1590709332.0,1.4988,3.5,,,False,88.31713868547956,0.9363009683497328,30.757468816722156,-0.9294631878437197,0.036,0.9999999928474274,1.9772458628688037,5.361305712377353,2026-03-17 14:05:57.546000
XRPUSDT,1590709333.0,1.4988,167.0,,,False,88.43965369275887,0.9364489317417657,30.776575955545237,-0.9291678112708608,0.036,0.9999999928288913,1.9962814369191644,5.366271674703629,2026-03-17 14:05:57.546000
XRPUSDT,1590709334.0,1.4988,3.6,,,False,88.5622253394661,0.9365965747109147,30.795670474940305,-0.9288702594005755,0.036,0.9999999928105014,2.0153473748205917,5.371237639482728,2026-03-17 14:05:57.546000
XRPUSDT,1590709335.0,1.4988,3.6,,,False,88.6848535994004,0.9367438978430309,30.814752385569587,-0.9285705387874286,0.036,0.9999999927922566,2.034443667071994,5.376203606706525,2026-03-17 14:05:57.546000
XRPUSDT,1590709336.0,1.4989,6.7,,,False,88.83383579908119,0.9369381327284612,30.835374826864964,-1.1265708786296535,0.022,0.9999999927770938,-1019.3860871266238,5.381169401659087,2026-03-17 14:05:57.568000
XRPUSDT,1590709337.0,1.4989,5.1,,,False,88.9565864635367,0.9370847155342799,30.854428730437334,-0.9276611102436848,0.022,0.9999999927591541,1356.978857615775,5.386135199147882,2026-03-17 14:05:57.568000
XRPUSDT,1590709338.0,1.4989,3.6,,,False,89.07939365769701,0.9372309804450384,30.873470060827106,-0.9273545002371263,0.022,0.9999999927413638,2.0962649549261956,5.3911009992753245,2026-03-17 14:05:57.568000
XRPUSDT,1590709339.0,1.4989,3.6,,,False,89.20225735600113,0.9373769280441252,30.89249882878771,-0.927045753551434,0.022,0.9999999927237214,2.115462588107373,5.396066802033235,2026-03-17 14:05:57.568000
XRPUSDT,1590709340.0,1.4989,3.6,,,False,89.32517753244207,0.9375225589143524,30.911515045058703,-0.9267348730929668,0.022,0.9999999927062272,2.134715379934236,5.401032607413618,2026-03-17 14:05:57.568000
XRPUSDT,1590709341.0,1.4989,3.4,,,False,89.44815416104876,0.9376678736379539,30.93051872039409,-0.9264218654047476,0.022,0.9999999926888791,2.153998441875897,5.405998415408431,2026-03-17 14:05:57.568000
XRPUSDT,1590709342.0,1.4989,3.6,,,False,89.57118721588594,0.9378128727965848,30.94950986556219,-0.926106737028495,0.022,0.9999999926716767,2.173311757310451,5.410964226009733,2026-03-17 14:05:57.568000
XRPUSDT,1590709343.0,1.4989,3.5,,,False,89.69427667105403,0.9379575569713188,30.968488491345525,-0.9257894945035642,0.022,0.9999999926546188,2.192655316409265,5.415930039209449,2026-03-17 14:05:57.568000
XRPUSDT,1590709344.0,1.4989,3.6,,,False,89.81742250068915,0.9381019267426464,30.98745460854068,-0.9254701443680348,0.022,0.9999999926377044,2.2120291013329756,5.420895854999709,2026-03-17 14:05:57.568000
XRPUSDT,1590709345.0,1.4989,3.5,,,False,89.94062467896298,0.9382459826904727,31.00640822795818,-0.9251486931573181,0.022,0.9999999926209329,2.2314331033683414,5.425861673372635,2026-03-17 14:05:57.568000
XRPUSDT,1590709346.0,1.4989,3.6,,,False,90.06388318008267,0.9383897253941168,31.025349360422364,-0.9248251474054593,0.022,0.9999999926043036,2.250867304261648,5.430827494320223,2026-03-17 14:05:57.568000
XRPUSDT,1590709347.0,1.4989,3.4,,,False,90.1871979782908,0.938533155432308,31.044278016771273,-0.9244995136436269,0.001,0.9999999925878147,2.270331695780085,5.435793056656719,2026-03-17 14:05:57.569000
XRPUSDT,1590709348.0,1.4989,3.6,,,False,90.31056471699044,0.9386762733831859,31.063193958748872,-0.9241394127044942,0.001,0.9999999925714842,2.5161130167369268,5.440758621883087,2026-03-17 14:05:57.569000
XRPUSDT,1590709349.0,1.499,3.4,,,False,90.4604407769428,0.938864959095573,31.08361516088251,-1.1211355334964852,0.186,0.9999999925582905,-1044.043654921171,5.445726489888618,2026-03-17 14:05:57.755000
XRPUSDT,1590709350.0,1.499,1.6,,,False,90.58397022138584,0.9390073546893911,31.102505777963792,-0.9234751383153006,0.186,0.9999999925421033,1388.1075241250035,5.4506943569022885,2026-03-17 14:05:57.755000
XRPUSDT,1590709351.0,1.4989,663.1,,,True,90.68108028078156,0.9391037633179392,31.119871564187367,-0.7258311354657789,0.752,0.9999999925229828,2050.065495443951,5.455669249613314,2026-03-17 14:05:58.507000
XRPUSDT,1590709352.0,1.4989,423.5,,,True,90.80482674215324,0.9392456386829064,31.138746580449702,-0.92396207937209,0.752,0.999999992506438,-1396.5140738285716,5.460644137139315,2026-03-17 14:05:58.507000
XRPUSDT,1590709353.0,1.4989,1112.4,,,True,90.92862931007116,0.9393872048423475,31.15760914636609,-0.9236219323310688,0.752,0.9999999924896958,2.402742593033171,5.465619015634885,2026-03-17 14:05:58.507000
XRPUSDT,1590709354.0,1.4989,54.9,,,True,91.05248794015976,0.9395284623708182,31.17645927191429,-0.9232795990165839,0.752,0.9999999924727582,2.4234695183409753,5.470593885097766,2026-03-17 14:05:58.507000
XRPUSDT,1590709355.0,1.499,5.1,,,False,91.20292798992683,0.9397146944004227,31.196799012917243,-1.1198247738280909,0.86,0.9999999924586351,-1055.3779348749729,5.475570087933164,2026-03-17 14:05:59.367000
XRPUSDT,1590709356.0,1.499,3.7,,,False,91.32693304010931,0.9398552375826718,31.215622949723816,-0.9224640573678384,0.86,0.999999992441217,1404.2710098199698,5.480546275617261,2026-03-17 14:05:59.367000
XRPUSDT,1590709357.0,1.499,3.6,,,False,91.45099403978014,0.9399954740381424,31.23443447499758,-0.9221147008536678,0.86,0.9999999924235538,2.491196122991876,5.485522452536531,2026-03-17 14:05:59.367000
XRPUSDT,1590709358.0,1.499,3.6,,,False,91.57511098472155,0.9401354043387753,31.25323360106378,-0.9217634837827393,0.86,0.9999999924056465,2.509942945452103,5.490498618689654,2026-03-17 14:05:59.367000
XRPUSDT,1590709359.0,1.499,3.6,,,False,91.69928384929949,0.9402750290559003,31.27202033904549,-0.9214102532845154,0.86,0.9999999923874948,2.5298565003184827,5.495474774075148,2026-03-17 14:05:59.367000
XRPUSDT,1590709360.0,1.499,13.7,,,False,91.82351260791474,0.9404143487602352,31.290794700077736,-0.9210550159090675,0.86,0.9999999923690986,2.549799952159272,5.500450918691718,2026-03-17 14:05:59.367000
XRPUSDT,1590709361.0,1.499,54.9,,,False,91.94779723500268,0.9405533640218852,31.309556695307393,-0.9206977782026052,0.986,0.9999999923504592,2.5697732912361575,5.505428611290378,2026-03-17 14:06:00.353000
XRPUSDT,1590709362.0,1.4989,3.4,,,True,92.04555587819911,0.9406474833971362,31.326824001905347,-0.7240442486227765,0.748,0.9999999923284256,2089.4053860352433,5.5104033452682,2026-03-17 14:06:01.101000
XRPUSDT,1590709363.0,1.4989,3.6,,,True,92.1699169866195,0.9407859889959098,31.34556258894742,-0.9200995345222709,0.748,0.9999999923093347,-1415.5044101861072,5.51537807410754,2026-03-17 14:06:01.101000
XRPUSDT,1590709364.0,1.4989,3.6,,,True,92.29433392117888,0.9409241916758678,31.364288848070235,-0.9197372423484715,0.748,0.999999992290055,2.6214554877620584,5.520352793973882,2026-03-17 14:06:01.101000
XRPUSDT,1590709365.0,1.4989,3.6,,,True,92.41880663709404,0.9410620920048433,31.38300278936412,-0.9193728313413179,0.748,0.9999999922705872,2.642568076966752,5.5253275048648485,2026-03-17 14:06:01.101000
XRPUSDT,1590709366.0,1.4989,3.6,,,True,92.54333510900517,0.9411996905500516,31.401704424012348,-0.9190064513414918,0.748,0.999999992250932,2.6626734989914866,5.53030220677843,2026-03-17 14:06:01.101000
XRPUSDT,1590709367.0,1.4989,3.6,,,True,92.66791931158683,0.9413369878780821,31.42039376320934,-0.9186381088698723,0.748,0.9999999922310887,2.682808740005423,5.53527689971245,2026-03-17 14:06:01.101000
XRPUSDT,1590709368.0,1.4989,3.6,,,True,92.7925592195477,0.9414739845549015,31.439070818160605,-0.9182678104434667,0.748,0.9999999922110596,2.70297378741262,5.5402515836646895,2026-03-17 14:06:01.101000
XRPUSDT,1590709369.0,1.4989,4.1,,,True,92.91725480763058,0.9416106811458513,31.457735600082582,-0.9178955625751863,0.748,0.9999999921908442,2.7231686298379483,5.545226258633193,2026-03-17 14:06:01.101000
XRPUSDT,1590709370.0,1.4989,97.4,,,True,93.04200605061237,0.941747078215644,31.476388120202543,-0.9175213717747736,0.748,0.9999999921704436,2.743393248709047,5.550200924615738,2026-03-17 14:06:01.101000
XRPUSDT,1590709371.0,1.4989,436.8,,,True,93.1668129233039,0.9418831763283652,31.495028389758467,-0.9171452445470218,0.001,0.9999999921498581,2.7636476379524084,5.55516637615844,2026-03-17 14:06:01.102000
XRPUSDT,1590709372.0,1.4989,3.5,,,True,93.29152109863927,0.9420189760474705,31.513647999278902,-0.9156363209016108,0.001,0.9999999921297453,11.11139003343665,5.5601318307260925,2026-03-17 14:06:01.102000
XRPUSDT,1590709373.0,1.4989,3.5,,,True,93.41628491725264,0.9421544779357836,31.532255421195718,-0.9152587560999677,0.001,0.9999999921098034,2.7864172694848235,5.565097288310421,2026-03-17 14:06:01.102000
XRPUSDT,1590709374.0,1.4989,3.4,,,True,93.54110435431627,0.9422896825554951,31.550850666664658,-0.9148792788503917,0.001,0.9999999920900304,2.8066884873143074,5.57006274890353,2026-03-17 14:06:01.102000
XRPUSDT,1590709375.0,1.4989,3.6,,,True,93.66597938503514,0.942424590468161,31.56943374685177,-0.9144978955899554,0.001,0.999999992070426,2.8269895582828033,5.57502821249741,2026-03-17 14:06:01.102000
XRPUSDT,1590709376.0,1.4989,3.6,,,True,93.79090998464737,0.942559202234702,31.58800467293336,-0.9141146127555015,0.001,0.9999999920509889,2.8473204408692605,5.579993679083734,2026-03-17 14:06:01.102000
XRPUSDT,1590709377.0,1.4989,3.4,,,True,93.91589612842422,0.9426935184154012,31.606563456095813,-0.9137294367797465,0.001,0.999999992031718,2.8676811218880798,5.5849591486546,2026-03-17 14:06:01.102000
XRPUSDT,1590709378.0,1.4988,3.4,,,True,94.01413703033812,0.9427844528244058,31.62366614691593,-0.7180419843559515,0.516,0.9999999920094855,2151.9626571036215,5.589930947360474,2026-03-17 14:06:01.618000
XRPUSDT,1590709379.0,1.4988,3.6,,,True,94.13932864854661,0.9429182741902963,31.642208930199565,-0.9140278942104308,0.516,0.9999999919900985,-1464.5337726929197,5.594902743408973,2026-03-17 14:06:01.618000
XRPUSDT,1590709380.0,1.4988,3.6,,,True,94.26457571156126,0.9430518014677834,31.66073957445858,-0.9136358735142811,0.516,0.9999999919706375,2.9358847385128444,5.599874534106784,2026-03-17 14:06:01.618000
XRPUSDT,1590709381.0,1.4988,3.6,,,True,94.38987817974737,0.9431850352147934,31.679258090193194,-0.9132418720928552,0.516,0.9999999919511013,2.9572194002512666,5.604846319450146,2026-03-17 14:06:01.618000
XRPUSDT,1590709382.0,1.4988,6.7,,,True,94.51523602835783,0.9433179759886114,31.697764488713727,-0.9128460047444555,0.516,0.9999999919314924,2.977772259257162,5.60981809943563,2026-03-17 14:06:01.618000
XRPUSDT,1590709383.0,1.4988,3.6,,,True,94.64064923267864,0.9434506243458751,31.716258781339928,-0.9124482779103713,0.516,0.9999999919118099,2.998354765100022,5.6147898740597215,2026-03-17 14:06:01.618000
XRPUSDT,1590709384.0,1.4988,3.6,,,True,94.76611776802868,0.9435829808425761,31.734740979400836,-0.9120486980276159,0.516,0.9999999918920547,3.01896690162633,5.6197616433188005,2026-03-17 14:06:01.618000
XRPUSDT,1590709385.0,1.4988,3.6,,,True,94.89164160975962,0.9437150460340601,31.75321109423467,-0.9116472715283719,0.516,0.9999999918722278,3.039608656400739,5.6247334072095905,2026-03-17 14:06:01.618000
XRPUSDT,1590709386.0,1.4988,3.5,,,True,95.01722073325608,0.94384682047502,31.771669137188713,-0.911244004839922,0.516,0.9999999918523279,3.0602800172198203,5.6297051657284785,2026-03-17 14:06:01.618000
XRPUSDT,1590709387.0,1.4988,3.5,,,True,95.14285511393516,0.9439783047195018,31.790115119619227,-0.9108389043845285,0.516,0.999999991832357,3.0809809722060755,5.634676918871996,2026-03-17 14:06:01.618000
XRPUSDT,1590709388.0,1.4988,3.4,,,True,95.26854472724672,0.9441094993208992,31.808549052891316,-0.9104319765800614,0.516,0.9999999918123149,3.1017115043841077,5.639648666636875,2026-03-17 14:06:01.618000
XRPUSDT,1590709389.0,1.4988,3.6,,,True,95.39428954867311,0.9442404048319526,31.82697094837882,-0.9100232278386575,0.516,0.9999999917922026,3.1224716065390727,5.644620409019667,2026-03-17 14:06:01.618000
XRPUSDT,1590709390.0,1.4988,3.6,,,True,95.52008955372929,0.9443710218047489,31.84538081746422,-0.9096126645684883,0.516,0.9999999917720193,3.143261257551899,5.649592146016971,2026-03-17 14:06:01.618000
XRPUSDT,1590709391.0,1.4988,3.4,,,True,95.6459447179625,0.9445013507907193,31.863778671538526,-0.9092002931713452,0.516,0.9999999917517665,3.164080454341007,5.654563877625452,2026-03-17 14:06:01.618000
XRPUSDT,1590709392.0,1.4987,3.6,,,True,95.74488633856784,0.9445895825402698,31.88075470955602,-0.7145971879690838,0.1,0.9999999917282437,2205.5904614111696,5.659530522730696,2026-03-17 14:06:01.718000
XRPUSDT,1590709393.0,1.4987,3.4,,,True,95.87075397418702,0.9447194294503954,31.899126580042097,-0.9080559395844524,0.1,0.999999991708202,-1489.8987694677667,5.664497169742648,2026-03-17 14:06:01.718000
XRPUSDT,1590709394.0,1.4987,6.7,,,True,95.9966767434912,0.9448489898473281,31.917486488781098,-0.90763994627642,0.1,0.9999999916882828,3.2108060632801356,5.669463818132001,2026-03-17 14:06:01.718000
XRPUSDT,1590709395.0,1.4987,3.7,,,True,96.12265461927187,0.9449782642800781,31.93583444697305,-0.9072221487241277,0.1,0.9999999916684864,3.2318652915711357,5.674430467891855,2026-03-17 14:06:01.718000
XRPUSDT,1590709396.0,1.4987,3.6,,,True,96.24868757736718,0.9451072532969955,31.954170465983747,-0.906802575010249,0.1,0.9999999916488123,3.252786352712723,5.679397119015294,2026-03-17 14:06:01.718000
XRPUSDT,1590709397.0,1.4987,3.5,,,True,96.37477559364702,0.9452359574457664,31.972494557186952,-0.9063812314820565,0.1,0.9999999916292592,3.2737369557727596,5.6843637714952,2026-03-17 14:06:01.718000
XRPUSDT,1590709398.0,1.4987,3.6,,,True,96.50091864401294,0.9453643772734176,31.9908067319643,-0.9059581244824009,0.1,0.9999999916098267,3.2947170806426156,5.689330425324891,2026-03-17 14:06:01.718000
XRPUSDT,1590709399.0,1.4987,3.6,,,True,96.62711670439812,0.945492513326308,32.00910700170522,-0.9055332603478772,0.1,0.9999999915905143,3.315726721245644,5.694297080497251,2026-03-17 14:06:01.718000
XRPUSDT,1590709400.0,1.4987,3.5,,,True,96.75336975076725,0.9456203661501323,32.027395377806755,-0.9051066454105428,0.1,0.9999999915713219,3.3367658575973835,5.699263737005538,2026-03-17 14:06:01.718000
XRPUSDT,1590709401.0,1.4987,3.4,,,True,96.87967775911657,0.9457479362899197,32.04567187167358,-0.9046782859959468,0.1,0.9999999915522483,3.3578344846994406,5.704230394842961,2026-03-17 14:06:01.718000
XRPUSDT,1590709402.0,1.4987,3.6,,,True,97.00604070547372,0.9458752242900281,32.063936494717765,-0.904248188424742,0.1,0.999999991533292,3.37893258467799,5.709197054002684,2026-03-17 14:06:01.718000
XRPUSDT,1590709403.0,1.4987,3.4,,,True,97.13245856589764,0.9460022306941505,32.08218925835876,-0.903816359011524,0.1,0.9999999915144538,3.4000601481640182,5.714163714477812,2026-03-17 14:06:01.718000
XRPUSDT,1590709404.0,1.4986,3.6,,,True,97.23181926393329,0.9460882100147684,32.09904901331217,-0.7101875964813303,0.1,0.9999999914924722,2252.0387593037526,5.719130375922797,2026-03-17 14:06:01.718000
XRPUSDT,1590709405.0,1.4986,3.4,,,True,97.35833509999438,0.946214745056625,32.11728055119905,-0.9032558650708219,0.1,0.9999999914738629,-1525.8087068747186,5.72409703919779,2026-03-17 14:06:01.718000
XRPUSDT,1590709406.0,1.4986,3.4,,,True,97.48490578682353,0.9463409999553228,32.13550026115314,-0.9028192243598219,0.1,0.9999999914553698,3.4584060935715213,5.729063703768679,2026-03-17 14:06:01.718000
XRPUSDT,1590709407.0,1.4986,6.7,,,True,97.61153129739067,0.9464669752520848,32.15370815445642,-0.9023808521845658,0.1,0.9999999914369913,3.4798264939552768,5.734030369628783,2026-03-17 14:06:01.718000
XRPUSDT,1590709408.0,1.4986,3.4,,,True,97.7382116079037,0.9465926714874595,32.17190424256115,-0.9019407777091482,0.1,0.9999999914187282,3.501095113196093,5.73899703677138,2026-03-17 14:06:01.718000
XRPUSDT,1590709409.0,1.4986,3.7,,,True,97.86494669460161,0.9467180892013211,32.1900885369264,-0.9014990072161142,0.1,0.9999999914005784,3.5223931247994087,5.743963705189885,2026-03-17 14:06:01.718000
XRPUSDT,1590709410.0,1.4986,3.6,,,True,97.99173653375428,0.9468432289328675,32.208261049017885,-0.9010555469823135,0.1,0.9999999913825427,3.5437205140237404,5.7489303748777205,2026-03-17 14:06:01.718000
XRPUSDT,1590709411.0,1.4986,3.6,,,True,98.11858110166229,0.9469680912206208,32.226421790307896,-0.9006104032777512,0.1,0.9999999913646198,3.5650772749101916,5.75389704582826,2026-03-17 14:06:01.718000
XRPUSDT,1590709412.0,1.4986,3.4,,,True,98.24548037465709,0.9470926766024248,32.24457077227518,-0.9001635823673426,0.1,0.9999999913468096,3.58646338710418,5.758863718034945,2026-03-17 14:06:01.718000
XRPUSDT,1590709413.0,1.4986,3.6,,,True,98.37243432910081,0.9472169856154432,32.26270800640488,-0.8997150905090912,0.1,0.9999999913291103,3.6078788445134586,5.763830391491317,2026-03-17 14:06:01.718000
XRPUSDT,1590709414.0,1.4986,3.4,,,True,98.49944294138614,0.9473410187961638,32.280833504188365,-0.8992649339552334,0.1,0.9999999913115227,3.6293236313244783,5.768797066190837,2026-03-17 14:06:01.718000
XRPUSDT,1590709415.0,1.4985,3.4,,,True,98.59926320019852,0.9474249824009469,32.297591947789535,-0.7065668364983086,0.406,0.999999991290735,2295.0193474290945,5.7737674382464785,2026-03-17 14:06:02.124000
XRPUSDT,1590709416.0,1.4985,3.6,,,True,98.72643244102235,0.9475485538814409,32.31569956849202,-0.89911679384489,0.406,0.9999999912731219,-1558.2070925814924,5.778737808648077,2026-03-17 14:06:02.124000
XRPUSDT,1590709417.0,1.4985,6.7,,,True,98.85365625592817,0.947671850963102,32.333795469511216,-0.8986610200229144,0.406,0.9999999912554864,3.696549957509843,5.783708175233996,2026-03-17 14:06:02.124000
XRPUSDT,1590709418.0,1.4985,3.6,,,True,98.98093460763174,0.9477948741799057,32.35187966172543,-0.8982035066313336,0.406,0.9999999912378282,3.718919107039842,5.788678538000802,2026-03-17 14:06:02.124000
XRPUSDT,1590709419.0,1.4985,3.6,,,True,99.10826747257687,0.9479176240651463,32.36995215670037,-0.8977443566662937,0.406,0.9999999912201476,3.740532743797044,5.793648896945102,2026-03-17 14:06:02.124000
XRPUSDT,1590709420.0,1.4985,3.6,,,True,99.23565482723797,0.9480401011514327,32.38801296600744,-0.8972835763631077,0.406,0.9999999912024458,3.7621755804084027,5.79861925206357,2026-03-17 14:06:02.124000
XRPUSDT,1590709421.0,1.4985,3.6,,,True,99.36309664811981,0.9481623059706875,32.4060621012236,-0.8968211719498507,0.406,0.9999999911847215,3.7838476099111227,5.803589603352861,2026-03-17 14:06:02.124000
XRPUSDT,1590709422.0,1.4985,3.6,,,True,99.4905929117575,0.9482842390541468,32.42409957393121,-0.8963571496481852,0.406,0.999999991166976,3.8055488182602843,5.80855995080965,2026-03-17 14:06:02.124000
XRPUSDT,1590709423.0,1.4985,3.5,,,True,99.61814359471643,0.9484059009323593,32.44212539571803,-0.8958915156727388,0.406,0.9999999911492088,3.827279196143286,5.813530294430565,2026-03-17 14:06:02.124000
XRPUSDT,1590709424.0,1.4985,3.4,,,True,99.74574867359209,0.9485272921351855,32.46013957817707,-0.8954242762319338,0.406,0.999999991131421,3.84903872708257,5.818500634212563,2026-03-17 14:06:02.124000
XRPUSDT,1590709425.0,1.4985,3.6,,,True,99.87340812501024,0.9486484131917958,32.47814213290651,-0.8949554375270601,0.406,0.9999999911136122,3.8708274018945708,5.823470970152053,2026-03-17 14:06:02.124000
XRPUSDT,1590709426.0,1.4985,3.6,,,True,100.00112192562665,0.9487692646306719,32.4961330715096,-0.894485005753071,0.406,0.999999991095783,3.8926452044271223,5.828441302246109,2026-03-17 14:06:02.124000
XRPUSDT,1590709427.0,1.4985,26.6,,,False,100.12889005212708,0.9488898469796033,32.51411240559453,-0.8940129870969029,0.055,0.9999999910779334,3.914492132148965,5.833407414744314,2026-03-17 14:06:02.179000
XRPUSDT,1590709428.0,1.4984,5.0,,,True,100.22924350151791,0.9489714716345012,32.53075163628902,-0.7019837118569252,1.296,0.9999999910569689,2352.589122491719,5.838388422315544,2026-03-17 14:06:03.475000
XRPUSDT,1590709429.0,1.4984,3.4,,,True,100.35729188036112,0.9490916035840552,32.54871904564382,-0.8946589509877306,0.817,0.999999991038533,-1603.8634172357529,5.843363670204882,2026-03-17 14:06:04.292000
XRPUSDT,1590709430.0,1.4984,6.7,,,True,100.48529580020504,0.9492114678537781,32.56667008784525,-0.8934922549931988,0.817,0.9999999910200665,9.733476016073217,5.848338907405335,2026-03-17 14:06:04.292000
XRPUSDT,1590709431.0,1.4984,3.6,,,True,100.61335391246307,0.9493310649689111,32.58460954859624,-0.893012775658649,0.817,0.9999999910014026,4.009121240229599,5.853314133933743,2026-03-17 14:06:04.292000
XRPUSDT,1590709432.0,1.4984,3.6,,,True,100.74146619411117,0.9494503954540013,32.60253743960225,-0.8925317390282435,0.817,0.9999999909825434,4.031129430519316,5.8582893497911686,2026-03-17 14:06:04.292000
XRPUSDT,1590709433.0,1.4984,3.6,,,True,100.86963262188586,0.9495694598329023,32.62045377256012,-0.8920491493944203,0.817,0.9999999909634889,4.053182305890058,5.863264554978892,2026-03-17 14:06:04.292000
XRPUSDT,1590709434.0,1.4984,3.6,,,True,100.99785317255345,0.9496882586287685,32.638358559170925,-0.89156501292261,0.817,0.9999999909442393,4.075264132774295,5.868239749498116,2026-03-17 14:06:04.292000
XRPUSDT,1590709435.0,1.4984,3.6,,,True,101.12612782291014,0.94980679236406,32.65625181113989,-0.8910793357702125,0.817,0.9999999909247967,4.097374905154996,5.873214933349912,2026-03-17 14:06:04.292000
XRPUSDT,1590709436.0,1.4984,3.6,,,True,101.25445654978182,0.9499250615605389,32.67413354017639,-0.8905921240880817,0.817,0.9999999909051589,4.1195146042735695,5.878190106535648,2026-03-17 14:06:04.292000
XRPUSDT,1590709437.0,1.4984,350.7,,,True,101.38283933002417,0.9500430667392689,32.692003757993675,-0.8901033840187169,0.817,0.9999999908853294,4.1416832263208425,5.883165269056495,2026-03-17 14:06:04.292000
XRPUSDT,1590709438.0,1.4984,3.4,,,True,101.5112761405224,0.9501608084206145,32.70986247630897,-0.8896131216982812,0.001,0.999999990865307,4.163880750069113,5.888130676561745,2026-03-17 14:06:04.293000
XRPUSDT,1590709439.0,1.4984,0.3,,,True,101.63959905186967,0.9502782871242411,32.72770178079048,-0.8879617067132416,0.001,0.9999999908457371,14.057143414586028,5.893096086993166,2026-03-17 14:06:04.293000
XRPUSDT,1590709440.0,1.4984,3.3,,,True,101.76797604006067,0.9503955033691135,32.745529649037366,-0.8874713230611664,0.001,0.9999999908263316,4.183580975564751,5.898061500343279,2026-03-17 14:06:04.293000
XRPUSDT,1590709441.0,1.4984,0.4,,,True,101.89640708230476,0.9505124576734955,32.7633460926545,-0.8869794376590674,0.001,0.9999999908070893,4.2057913532837485,5.903026916604698,2026-03-17 14:06:04.293000
XRPUSDT,1590709442.0,1.4984,3.2,,,True,102.02489215583965,0.9506291505549491,32.78115112325046,-0.8864860565639081,0.001,0.9999999907880092,4.2280307848530105,5.9079923357700075,2026-03-17 14:06:04.293000
XRPUSDT,1590709443.0,1.4984,0.5,,,True,102.15343123793176,0.9507455825303344,32.798944752437414,-0.8859911858282481,0.001,0.9999999907690893,4.250299232857702,5.912957757831924,2026-03-17 14:06:04.293000
XRPUSDT,1590709444.0,1.4984,2.9,,,True,102.28202430587623,0.9508617541158082,32.816726991831054,-0.8854948314978286,0.001,0.9999999907503307,4.2725966801175925,5.917923182783147,2026-03-17 14:06:04.293000
XRPUSDT,1590709445.0,1.4984,0.8,,,True,102.41067133699681,0.9509776658268232,32.834497853050536,-0.8849969996104399,0.001,0.9999999907317312,4.294923118892857,5.922888610616301,2026-03-17 14:06:04.293000
XRPUSDT,1590709446.0,1.4984,2.7,,,True,102.53937230864587,0.9510933181781303,32.85225734771835,-0.8844976961966786,0.001,0.99999999071329,4.3172785344898665,5.927854041324149,2026-03-17 14:06:04.293000
XRPUSDT,1590709447.0,1.4983,3.4,,,True,102.64050821352218,0.9511716025951497,32.86872439890359,-0.6948386015080675,0.002,0.9999999906915479,2422.692815628984,5.932819486774905,2026-03-17 14:06:04.295000
XRPUSDT,1590709448.0,1.4983,6.7,,,True,102.7693056404826,0.9512868208520584,32.88646353724828,-0.8838166368937991,0.002,0.9999999906734156,-1640.1743999252342,5.937784935079958,2026-03-17 14:06:04.295000
XRPUSDT,1590709449.0,1.4983,3.6,,,True,102.89815694499552,0.951401781124371,32.904191340813966,-0.8833131959994898,0.002,0.9999999906554378,4.379259758017067,5.9427503862212605,2026-03-17 14:06:04.295000
XRPUSDT,1590709450.0,1.4983,3.7,,,True,103.02706210444546,0.9515164839242396,32.92190782123123,-0.8828083052889963,0.002,0.9999999906376149,4.401729609668526,5.9477158401919255,2026-03-17 14:06:04.295000
XRPUSDT,1590709451.0,1.4983,3.4,,,True,103.15602109632042,0.9516309297631119,32.93961299013714,-0.8823019712728222,0.002,0.9999999906199457,4.424223905065169,5.952681296984562,2026-03-17 14:06:04.295000
XRPUSDT,1590709452.0,1.4983,3.6,,,True,103.28503389813667,0.9517451191517272,32.95730685917162,-0.8817941999390697,0.002,0.9999999906024286,4.446747109428472,5.957646756592225,2026-03-17 14:06:04.295000
XRPUSDT,1590709453.0,1.4983,3.6,,,True,103.4141004874386,0.9518590526001167,32.97498943997732,-0.8812849972671032,0.002,0.9999999905850627,4.469299219538412,5.962612219007697,2026-03-17 14:06:04.295000
XRPUSDT,1590709454.0,1.4983,3.4,,,True,103.54322084179871,0.951972730617603,32.99266074419964,-0.8807743692290908,0.002,0.9999999905678483,4.491880218389102,5.967577684223839,2026-03-17 14:06:04.295000
XRPUSDT,1590709455.0,1.4983,3.4,,,True,103.67239493881758,0.9520861537127998,33.01032078348654,-0.8802623217889387,0.002,0.9999999905507836,4.514490098014536,5.972543152233773,2026-03-17 14:06:04.295000
XRPUSDT,1590709456.0,1.4983,3.4,,,True,103.80162275612383,0.9521993223936105,33.02796956948853,-0.8797488609031076,0.002,0.9999999905338673,4.537128843006573,5.977508623030488,2026-03-17 14:06:04.295000
XRPUSDT,1590709457.0,1.4982,3.4,,,True,103.90316815000534,0.9522759230216327,33.04434822293933,-0.6910681102689447,0.019,0.9999999905135981,2463.1749831026095,5.98247429741563,2026-03-17 14:06:04.314000
XRPUSDT,1590709458.0,1.4982,6.7,,,True,104.03249531175663,0.952388665896788,33.061976998531534,-0.8790642867149179,0.019,0.9999999904969608,-1667.477223612103,5.9874399743917595,2026-03-17 14:06:04.314000
XRPUSDT,1590709459.0,1.4982,5.1,,,True,104.16187613032145,0.952501155714299,33.0795945519562,-0.8785467913402104,0.019,0.9999999904804635,4.600375270911666,5.992405653849576,2026-03-17 14:06:04.314000
XRPUSDT,1590709460.0,1.4982,3.6,,,True,104.29131058269247,0.9526133929794554,33.09720089484132,-0.8780278994456797,0.019,0.9999999904641049,4.623169442057304,5.9973713357824625,2026-03-17 14:06:04.314000
XRPUSDT,1590709461.0,1.4982,3.7,,,True,104.42079864662688,0.9527253781968329,33.11479603885052,-0.8775076219545135,0.019,0.9999999904478838,4.645947950542382,6.002337020183586,2026-03-17 14:06:04.314000
XRPUSDT,1590709462.0,1.4982,3.6,,,True,104.55034029990955,0.9528371118702975,33.132379995649394,-0.8769859647788789,0.019,0.9999999904317999,4.668755259351166,6.007302707046289,2026-03-17 14:06:04.314000
XRPUSDT,1590709463.0,1.4982,3.6,,,True,104.6799355203529,0.9529485945030003,33.14995277690552,-0.8764629338227434,0.019,0.9999999904158526,4.6915913578211015,6.012268396364033,2026-03-17 14:06:04.314000
XRPUSDT,1590709464.0,1.4982,3.6,,,True,104.80958428579694,0.9530598265973789,33.16751439428839,-0.8759385349820439,0.019,0.999999990400041,4.714456233420918,6.017234088129964,2026-03-17 14:06:04.314000
XRPUSDT,1590709465.0,1.4982,3.6,,,True,104.9392865741092,0.9531708086551584,33.185064859469236,-0.8754127741442074,0.019,0.9999999903843642,4.737349877591608,6.022199782337627,2026-03-17 14:06:04.314000
XRPUSDT,1590709466.0,1.4982,3.6,,,True,105.06904236318469,0.9532815411773471,33.202604184121036,-0.8748856571887011,0.019,0.9999999903688206,4.760272276718983,6.027165478980237,2026-03-17 14:06:04.314000
XRPUSDT,1590709467.0,1.4982,3.5,,,True,105.1988516309457,0.9533920246642407,33.220132379918375,-0.8743571899864864,0.019,0.9999999903534112,4.7832234216487866,6.032131178051347,2026-03-17 14:06:04.314000
XRPUSDT,1590709468.0,1.4982,3.5,,,True,105.328714355342,0.9535022596154192,33.237649458537426,-0.8738273784003892,0.019,0.9999999903381338,4.806203299704712,6.037096879544438,2026-03-17 14:06:04.314000
XRPUSDT,1590709469.0,1.4982,3.4,,,True,105.45863051435049,0.9536122465297475,33.255155431655794,-0.8732962282847492,0.019,0.9999999903229884,4.8292119011050225,6.042062583452842,2026-03-17 14:06:04.314000
XRPUSDT,1590709470.0,1.4982,3.6,,,True,105.5886000859754,0.9537219859053734,33.27265031095251,-0.8727637454856805,0.019,0.9999999903079737,4.852249213482997,6.047028289770133,2026-03-17 14:06:04.314000
XRPUSDT,1590709471.0,1.4982,3.6,,,True,105.71862304824805,0.9538314782397294,33.290134108107885,-0.8722299358404401,0.019,0.9999999902930888,4.87531522987643,6.051993998489809,2026-03-17 14:06:04.314000
XRPUSDT,1590709472.0,1.4982,3.4,,,True,105.84869937922694,0.9539407240295307,33.30760683480348,-0.8716948051786992,0.019,0.9999999902783343,4.898409931532023,6.056959709605356,2026-03-17 14:06:04.314000
XRPUSDT,1590709473.0,1.4982,333.5,,,False,105.97882905699755,0.9540497237707756,33.32506850272201,-0.8711583593206184,0.17,0.9999999902637082,4.92153331699761,6.06192719058457,2026-03-17 14:06:04.484000
XRPUSDT,1590709474.0,1.4981,3.4,,,True,106.08110996526318,0.954123499823624,33.34129935871231,-0.6844841948743757,0.072,0.9999999902455456,2530.2812666027075,6.066893524793553,2026-03-17 14:06:04.556000
XRPUSDT,1590709475.0,1.4981,6.7,,,True,106.21134565638295,0.954232087776433,33.35874166571853,-0.870480080898727,0.072,0.9999999902310772,-1712.8593109359156,6.071859860881304,2026-03-17 14:06:04.556000
XRPUSDT,1590709476.0,1.4981,3.7,,,True,106.3416346296476,0.9543404310054977,33.37617294362446,-0.8699397475408203,0.072,0.9999999902167157,4.987236974300649,6.0768261984522,2026-03-17 14:06:04.556000
XRPUSDT,1590709477.0,1.4981,3.6,,,True,106.4719768603041,0.9544485300041752,33.393593203996126,-0.8693981008562536,0.072,0.9999999902024597,5.0106540411419465,6.08179253750065,2026-03-17 14:06:04.556000
XRPUSDT,1590709478.0,1.4981,3.6,,,True,106.60237232655308,0.9545563852651058,33.41100245852826,-0.868855166174323,0.072,0.9999999901883098,5.033919321561087,6.086758878020901,2026-03-17 14:06:04.556000
XRPUSDT,1590709479.0,1.4981,3.6,,,True,106.73282100662207,0.9546639972802087,33.428400718916336,-0.8683109492698703,0.072,0.9999999901742646,5.057213211111637,6.0917252200072,2026-03-17 14:06:04.556000
XRPUSDT,1590709480.0,1.4981,3.6,,,True,106.86332287876522,0.9547713665406844,33.44578799685646,-0.8677654559097894,0.072,0.9999999901603237,5.080535692096632,6.096691563453975,2026-03-17 14:06:04.556000
XRPUSDT,1590709481.0,1.4981,3.6,,,True,106.99387792126326,0.9548784935370146,33.46316430404525,-0.867218691851626,0.072,0.9999999901464875,5.103886759580633,6.101657908355537,2026-03-17 14:06:04.556000
XRPUSDT,1590709482.0,1.4981,3.6,,,True,107.12448611242378,0.9549853787589582,33.48052965217983,-0.8666706628449172,0.072,0.9999999901327536,5.127266396079603,6.106624254706093,2026-03-17 14:06:04.556000
XRPUSDT,1590709483.0,1.4981,4.1,,,True,107.2551474305807,0.9550920226955567,33.497884052957694,-0.8661213746297358,0.072,0.9999999901191232,5.150674597180408,6.111590602500254,2026-03-17 14:06:04.556000
XRPUSDT,1590709484.0,1.4981,3.5,,,True,107.38586185409456,0.9551984258351303,33.515227518076664,-0.8655708329377553,0.072,0.999999990105595,5.174111348471793,6.116556951732406,2026-03-17 14:06:04.556000
XRPUSDT,1590709485.0,1.4981,3.5,,,True,107.5166293613523,0.9553045886652781,33.532560059234804,-0.8650190434916472,0.072,0.9999999900921682,5.197576640897812,6.121523302396843,2026-03-17 14:06:04.556000
XRPUSDT,1590709486.0,1.4981,3.5,,,True,107.64744993076724,0.9554105116728783,33.54988168813035,-0.8644660120054297,0.072,0.9999999900788433,5.221070461906437,6.126489654488109,2026-03-17 14:06:04.556000
XRPUSDT,1590709487.0,1.4981,3.4,,,True,107.77832354077911,0.955516195344088,33.56719241646163,-0.8639117441839324,0.072,0.9999999900656186,5.244592803718653,6.131456008000668,2026-03-17 14:06:04.556000
XRPUSDT,1590709488.0,1.4981,3.6,,,True,107.90925016985386,0.9556216401643423,33.584492255926996,-0.863356245723364,0.072,0.9999999900524945,5.268143653041891,6.136422362928932,2026-03-17 14:06:04.556000
XRPUSDT,1590709489.0,1.4981,3.6,,,True,108.04022979648373,0.9557268466183544,33.60178121822476,-0.8627995223107886,0.072,0.9999999900394699,5.291723001244874,6.1413887192674705,2026-03-17 14:06:04.556000
XRPUSDT,1590709490.0,1.4981,3.4,,,True,108.1712623991871,0.9558318151901163,33.61905931505308,-0.8622415796244924,0.072,0.9999999900265444,5.315330835993004,6.1463550770108535,2026-03-17 14:06:04.556000
XRPUSDT,1590709491.0,1.498,6.7,,,True,108.27421944881186,0.9559028601430865,33.63514238379928,-0.6772434321570717,0.296,0.9999999900101094,2603.9590390763406,6.151324028085117,2026-03-17 14:06:04.852000
XRPUSDT,1590709492.0,1.498,3.7,,,True,108.40539219326116,0.9560074306082561,33.65240290306045,-0.8617508698593781,0.296,0.9999999899972336,-1764.4316433226977,6.156292978388362,2026-03-17 14:06:04.852000
XRPUSDT,1590709493.0,1.498,333.7,,,True,108.53661783713314,0.956111764483798,33.66965257946043,-0.8611887287413817,0.296,0.9999999899843742,5.387906037965031,6.161261926307309,2026-03-17 14:06:04.852000
XRPUSDT,1590709494.0,1.498,3.6,,,True,108.66789634634318,0.9562158622510476,33.68689142419624,-0.8606253062150849,0.296,0.9999999899715305,5.412436223975432,6.1662308718394465,2026-03-17 14:06:04.852000
XRPUSDT,1590709495.0,1.498,3.6,,,True,108.79922769948058,0.9563197243906153,33.704119448997055,-0.8600606909434995,0.296,0.9999999899587025,5.436199118711892,6.171199814982242,2026-03-17 14:06:04.852000
XRPUSDT,1590709496.0,1.498,3.6,,,True,108.93061187516084,0.9564233513823883,33.72133666559145,-0.8594948885650151,0.296,0.9999999899458905,5.459990382849921,6.1761687557330704,2026-03-17 14:06:04.852000
XRPUSDT,1590709497.0,1.498,3.4,,,True,109.06204885202536,0.9565267437055319,33.738543085707335,-0.8589279047080389,0.296,0.9999999899330937,5.483810013521859,6.181137694089435,2026-03-17 14:06:04.852000
XRPUSDT,1590709498.0,1.498,3.5,,,True,109.19353860874149,0.9566299018384853,33.75573872107185,-0.8583597449927116,0.296,0.9999999899203148,5.507657991291609,6.186106630048781,2026-03-17 14:06:04.852000
XRPUSDT,1590709499.0,1.498,3.6,,,True,109.32508112400252,0.956732826258966,33.772923583411405,-0.8577904150285893,0.296,0.9999999899075508,5.531534318706077,6.191075563608518,2026-03-17 14:06:04.852000
XRPUSDT,1590709500.0,1.498,3.6,,,True,109.45667637652757,0.9568355174439677,33.79009768445145,-0.8572199204175575,0.296,0.9999999898948028,5.555438969984683,6.1960444947662605,2026-03-17 14:06:04.852000
XRPUSDT,1590709501.0,1.498,3.6,,,True,109.58832434506151,0.9569379758697594,33.80726103591655,-0.8566482667508063,0.296,0.9999999898820714,5.579371948514052,6.2010134235194645,2026-03-17 14:06:04.852000
XRPUSDT,1590709502.0,1.498,3.5,,,True,109.72002500837502,0.9570402020118859,33.8244136495302,-0.8560754596114764,0.296,0.999999989869356,5.603333231738655,6.205982349865743,2026-03-17 14:06:04.852000
XRPUSDT,1590709503.0,1.498,3.6,,,True,109.85177834526428,0.9571421963451683,33.84155553701484,-0.8555015045719006,0.296,0.9999999898566576,5.627322823775606,6.210951273802668,2026-03-17 14:06:04.852000
XRPUSDT,1590709504.0,1.498,3.4,,,True,109.98358433455138,0.9572439593437028,33.85868671009177,-0.8549264071970168,0.296,0.999999989843975,5.651340695202013,6.215920195327756,2026-03-17 14:06:04.852000
XRPUSDT,1590709505.0,1.498,3.6,,,True,110.11544295508378,0.9573454914808615,33.875807180481026,-0.8543501730404324,0.296,0.9999999898313088,5.6753868549408875,6.220889114438625,2026-03-17 14:06:04.852000
XRPUSDT,1590709506.0,1.4979,3.4,,,True,110.21905402841799,0.9574142081260993,33.891764592348615,-0.6710661717781629,0.296,0.999999989815012,2667.243149425676,6.225858030261181,2026-03-17 14:06:04.852000
XRPUSDT,1590709507.0,1.4979,3.7,,,True,110.3510065419517,0.957515353919174,33.908865849986796,-0.8535265027567902,0.296,0.9999999898023767,-1803.9339594084604,6.230826945276646,2026-03-17 14:06:04.852000
XRPUSDT,1590709508.0,1.4979,3.4,,,True,110.483011641036,0.9576162701150353,33.925956437521855,-0.8529471205852833,0.296,0.9999999897897576,5.741220886916056,6.235795857871654,2026-03-17 14:06:04.852000
XRPUSDT,1590709509.0,1.4979,3.4,,,True,110.61506929155433,0.9577169571843888,33.943036366136624,-0.8523665377306805,0.296,0.9999999897771554,5.766210679589943,6.240764768043935,2026-03-17 14:06:04.852000
XRPUSDT,1590709510.0,1.4979,3.6,,,True,110.74717947247585,0.9578174155972173,33.960105647544474,-0.8517848441073113,0.296,0.9999999897645697,5.7903923324157995,6.2457336757911515,2026-03-17 14:06:04.852000
XRPUSDT,1590709511.0,1.4979,3.6,,,True,110.87934216279507,0.9579176458227763,33.97716429345708,-0.8512020452167477,0.296,0.9999999897520011,5.814602205208587,6.250702581110911,2026-03-17 14:06:04.852000
XRPUSDT,1590709512.0,1.4979,3.6,,,True,111.01155734153178,0.9580176483295971,33.994212315584505,-0.8506181465514469,0.296,0.9999999897394485,5.8388402837427265,6.25567148400113,2026-03-17 14:06:04.852000
XRPUSDT,1590709513.0,1.4979,3.5,,,True,111.1438249877309,0.9581174235854862,34.01124972563505,-0.8500331535935985,0.296,0.9999999897269132,5.863106565203462,6.260640384459442,2026-03-17 14:06:04.852000
XRPUSDT,1590709514.0,1.4979,6674.7,,,True,111.2761450804625,0.9582169720575233,34.02827653531521,-0.8494470718160904,0.296,0.9999999897143943,5.8874010370533325,6.265609282483582,2026-03-17 14:06:04.852000
XRPUSDT,1590709515.0,1.4979,6.7,,,True,111.40851759882175,0.9583162942120647,34.04529275632963,-0.8488599066824085,0.296,0.9999999897018925,5.911723687361929,6.270578178071316,2026-03-17 14:06:04.852000
XRPUSDT,1590709516.0,1.4979,3.4,,,True,111.54094252192893,0.9584153905147407,34.06229840038099,-0.8482716636463583,0.296,0.9999999896894078,5.936074506971257,6.275547071220683,2026-03-17 14:06:04.852000
XRPUSDT,1590709517.0,1.4979,3.6,,,True,111.67341982892918,0.958514261430456,34.07929347917,-0.8476823481519249,0.296,0.9999999896769403,5.960453487959676,6.280515961929308,2026-03-17 14:06:04.852000
XRPUSDT,1590709518.0,1.4978,3.4,,,True,111.77751238473418,0.9585811746734177,34.0951504327966,-0.6657904533173482,0.296,0.9999999896608128,2718.324307471789,6.285484849338208,2026-03-17 14:06:04.852000
XRPUSDT,1590709519.0,1.4978,6.7,,,True,111.91008314407493,0.9586796684170563,34.11212653796566,-0.8468343850446893,0.296,0.9999999896483773,-1838.1262102463136,6.290453735915263,2026-03-17 14:06:04.852000
XRPUSDT,1590709520.0,1.4978,3.4,,,True,112.04270624278611,0.9587779380152099,34.12909211039862,-0.8462420962444928,0.296,0.9999999896359586,6.02718247886457,6.295422620046009,2026-03-17 14:06:04.852000
XRPUSDT,1590709521.0,1.4978,3.7,,,True,112.17538164669918,0.9588759839301154,34.14604716125632,-0.8456486695175195,0.296,0.9999999896235571,6.0525390328131365,6.3003915017281775,2026-03-17 14:06:04.852000
XRPUSDT,1590709522.0,1.4978,1092.2,,,True,112.30810933507826,0.9589738066232848,34.16299170222914,-0.8450541958320429,0.296,0.999999989611173,6.077052943607578,6.305360380959825,2026-03-17 14:06:04.852000
XRPUSDT,1590709523.0,1.4978,3.4,,,True,112.44088928721216,0.9590714065555047,34.17992574500513,-0.8444586805778789,0.296,0.9999999895988055,6.101594956256474,6.310329257738773,2026-03-17 14:06:04.852000
XRPUSDT,1590709524.0,1.4978,3.6,,,True,112.57372148241443,0.9591687841868362,34.196849301269836,-0.8438621291354477,0.296,0.9999999895864563,6.1261650573604545,6.31529813206297,2026-03-17 14:06:04.852000
XRPUSDT,1590709525.0,1.4978,3.6,,,True,112.7066059000231,0.9592659399766146,34.2137623827064,-0.8432645468746622,0.296,0.9999999895741243,6.150763244766895,6.320267003930467,2026-03-17 14:06:04.852000
XRPUSDT,1590709526.0,1.4978,3.6,,,True,112.83954251940096,0.9593628743834516,34.23066500099538,-0.8426659391563914,0.296,0.999999989561809,6.175389501040474,6.3252358733392215,2026-03-17 14:06:04.852000
XRPUSDT,1590709527.0,1.4978,3.4,,,True,112.97253131993517,0.9594595878652323,34.247557167814705,-0.8420663113311226,0.296,0.9999999895495121,6.2000438225162195,6.330204740286928,2026-03-17 14:06:04.852000
XRPUSDT,1590709528.0,1.4978,3.6,,,True,113.10557228103742,0.9595560808791169,34.26443889483967,-0.8414656687401799,0.296,0.9999999895372321,6.224726192728453,6.335173604772022,2026-03-17 14:06:04.852000
XRPUSDT,1590709529.0,1.4977,3.4,,,True,113.21010312367328,0.9596213826144461,34.28020491773679,-0.6608710882154546,0.005,0.9999999895212663,2765.5402971215367,6.340139182438007,2026-03-17 14:06:04.857000
XRPUSDT,1590709530.0,1.4977,6.7,,,True,113.3431785217416,0.9597175066977618,34.297065625504516,-0.8402272153290862,0.005,0.9999999895091926,-1865.8812747741738,6.345104762583401,2026-03-17 14:06:04.857000
XRPUSDT,1590709531.0,1.4977,3.7,,,True,113.47630606524791,0.9598134115339075,34.31391593735393,-0.8396247551072656,0.005,0.9999999894972365,6.2818544510622205,6.350070345174578,2026-03-17 14:06:04.857000
XRPUSDT,1590709532.0,1.4977,3.6,,,True,113.60948573352532,0.9599090975773763,34.330755864900055,-0.8390212980612619,0.005,0.9999999894853971,6.306635995464689,6.35503593020614,2026-03-17 14:06:04.857000
XRPUSDT,1590709533.0,1.4977,3.6,,,True,113.74271750616137,0.960004565281937,34.34758541976392,-0.838416850929342,0.005,0.999999989473674,6.3314304528557415,6.360001517671984,2026-03-17 14:06:04.857000
XRPUSDT,1590709534.0,1.4977,3.6,,,True,113.87600136276782,0.9600998151006335,34.36440461356365,-0.8378114189855673,0.005,0.9999999894620654,6.356252978329228,6.364967107566335,2026-03-17 14:06:04.857000
XRPUSDT,1590709535.0,1.4977,66.8,,,True,114.00933728298018,0.9601948474857845,34.38121345791435,-0.8372050074932813,0.005,0.9999999894505728,6.381103571398411,6.36993269988347,2026-03-17 14:06:04.857000
XRPUSDT,1590709536.0,1.4977,108.8,,,True,114.14272524645797,0.9602896628889848,34.39801196442812,-0.83659762170708,0.005,0.9999999894391933,6.4059822107039714,6.374898294617512,2026-03-17 14:06:04.857000
XRPUSDT,1590709537.0,1.4978,3.4,,,False,114.30481866627794,0.9604146739076989,34.415888868786006,-1.0148235232061722,2.037,0.9999999894316485,-1425.6815385746363,6.379886705009029,2026-03-17 14:06:06.894000
XRPUSDT,1590709538.0,1.4978,3.6,,,False,114.43873024857392,0.9605089872226285,34.432680148594585,-0.8375935014655006,2.037,0.9999999894193184,1879.1622569196527,6.384875072377983,2026-03-17 14:06:06.894000
XRPUSDT,1590709539.0,1.4978,1.6,,,False,114.57269341617602,0.9606030850505903,34.44946104271413,-0.8369749410461307,2.037,0.9999999894064079,6.573588708344012,6.389863407693287,2026-03-17 14:06:06.894000
XRPUSDT,1590709540.0,1.4978,2.0,,,False,114.70670824157342,0.9606969678400483,34.46623156656505,-0.8363560137454488,0.58,0.9999999893929126,6.592553376983732,6.394835397166772,2026-03-17 14:06:07.474000
XRPUSDT,1590709541.0,1.4978,3.6,,,False,114.84048221472098,0.9607906360387413,34.48298072422659,-0.8339165552651152,0.58,0.9999999893797008,26.043614741972902,6.399807379353847,2026-03-17 14:06:07.474000
XRPUSDT,1590709542.0,1.4978,3.6,,,False,114.97430802053643,0.9608840900936867,34.49971959397105,-0.8333012020879315,0.58,0.9999999893664132,6.584552992837737,6.4047793542890945,2026-03-17 14:06:07.474000
XRPUSDT,1590709543.0,1.4978,3.6,,,False,115.10818563931562,0.9609773304511762,34.516448187487384,-0.8326849171265769,0.58,0.9999999893530502,6.609637478321851,6.409751321974388,2026-03-17 14:06:07.474000
XRPUSDT,1590709544.0,1.4978,3.6,,,False,115.24211505080014,0.961070357556778,34.53316651643899,-0.8320677019727367,0.58,0.9999999893396121,6.634788321605784,6.414723282412163,2026-03-17 14:06:07.474000
XRPUSDT,1590709545.0,1.4978,149.8,,,False,115.37609623475527,0.9611631718553382,34.54987459248553,-0.8314495618086271,0.58,0.9999999893260995,6.659966984605047,6.419695235604505,2026-03-17 14:06:07.474000
XRPUSDT,1590709546.0,1.4978,184.1,,,False,115.51012917097033,0.9612557737909769,34.566572427282864,-0.830830501807588,0.729,0.9999999893125132,6.685173444473381,6.424668842494892,2026-03-17 14:06:08.203000
XRPUSDT,1590709547.0,1.4978,3.4,,,False,115.64424368758468,0.9613481638070935,34.583261140477894,-0.8303949602367581,0.729,0.9999999892987647,4.714162732477759,6.429642439625041,2026-03-17 14:06:08.203000
XRPUSDT,1590709548.0,1.4978,3.6,,,False,115.77840989390842,0.9614403423463641,34.599939629821435,-0.8297735199117556,0.729,0.9999999892848924,6.741702894405101,6.434616026994878,2026-03-17 14:06:08.203000
XRPUSDT,1590709549.0,1.4978,3.6,,,False,115.91262776969991,0.961532309850741,34.61660790697543,-0.8291511750119542,0.729,0.9999999892708954,6.767008673530091,6.439589604609005,2026-03-17 14:06:08.203000
XRPUSDT,1590709550.0,1.4978,3.6,,,False,116.0468972948154,0.9616240667614552,34.63326598360048,-0.828527931133762,0.729,0.9999999892567751,6.7923372020849335,6.444563172471768,2026-03-17 14:06:08.203000
XRPUSDT,1590709551.0,1.4978,3.6,,,False,116.18121844913493,0.9617156135190144,34.64991387135304,-0.8279037934046785,0.729,0.9999999892425319,6.817693446762105,6.449536730587424,2026-03-17 14:06:08.203000
XRPUSDT,1590709552.0,1.4978,3.6,,,False,116.31559121256232,0.9618069505632039,34.6665515818854,-0.8272787669425707,0.729,0.9999999892281662,6.843077391588039,6.454510278960514,2026-03-17 14:06:08.203000
XRPUSDT,1590709553.0,1.4978,3.6,,,False,116.45001556502487,0.9618980783330878,34.683179126845594,-0.8266528568538141,0.729,0.9999999892136786,6.868489040757888,6.4594838175954346,2026-03-17 14:06:08.203000
XRPUSDT,1590709554.0,1.4978,3.5,,,False,116.58449148647365,0.9619889972670079,34.69979651787735,-0.8260260682358084,0.729,0.9999999891990697,6.893928370920995,6.4644573464966335,2026-03-17 14:06:08.203000
XRPUSDT,1590709555.0,1.4978,3.5,,,False,116.71901895688316,0.9620797078025843,34.71640376662007,-0.8253984061746743,0.729,0.9999999891843403,6.919395383851056,6.469430865668516,2026-03-17 14:06:08.203000
XRPUSDT,1590709556.0,1.4978,3.4,,,False,116.85359795625155,0.9621702103767164,34.73300088470874,-0.8247698757470444,0.729,0.9999999891694901,6.944890061503478,6.474404375115605,2026-03-17 14:06:08.203000
XRPUSDT,1590709557.0,1.4978,3.6,,,False,116.98822846460037,0.9622605054255803,34.749587883773884,-0.8241404820188052,0.729,0.9999999891545198,6.9704123997726875,6.479377874842433,2026-03-17 14:06:08.203000
XRPUSDT,1590709558.0,1.4978,3.5,,,False,117.1229104619746,0.9623505933846349,34.76616477544151,-0.8235102300459376,0.729,0.9999999891394312,6.995962384777762,6.484351364853444,2026-03-17 14:06:08.203000
XRPUSDT,1590709559.0,1.4979,3.4,,,False,117.28653999946485,0.9624693682188746,34.78377466499104,-0.9986842738051169,0.008,0.999999989128005,-1474.841407950348,6.489316886518616,2026-03-17 14:06:08.211000
XRPUSDT,1590709560.0,1.4979,0.3,,,False,117.42119223550681,0.9625589770008243,34.800324203353625,-0.8210344090474452,0.008,0.9999999891131094,1982.5050725220292,6.494282410617558,2026-03-17 14:06:08.211000
XRPUSDT,1590709561.0,1.4979,3.7,,,False,117.55589600626989,0.9626483801343585,34.816863699947575,-0.820404232307511,0.008,0.9999999890983434,7.048709760188603,6.49924793718819,2026-03-17 14:06:08.211000
XRPUSDT,1590709562.0,1.4979,3.7,,,False,117.6906512924216,0.9627375780518191,34.83339316629551,-0.8197732197163229,0.008,0.9999999890837064,7.074297350793262,6.504213466224639,2026-03-17 14:06:08.211000
XRPUSDT,1590709563.0,1.4979,3.7,,,False,117.82545807425511,0.9628265711848313,34.8499126139011,-0.8191413738304779,0.008,0.9999999890691987,7.099939787025927,6.509178997721185,2026-03-17 14:06:08.211000
XRPUSDT,1590709564.0,1.4979,3.7,,,False,117.9603163320864,0.9629153599642997,34.866422054263495,-0.8185086996153496,0.008,0.9999999890548184,7.125610002935509,6.514144531671866,2026-03-17 14:06:08.211000
XRPUSDT,1590709565.0,1.4979,3.7,,,False,118.0952260462539,0.9630039448204096,34.88292149887711,-0.8178752020249196,0.008,0.9999999890405653,7.151308002844004,6.519110068071079,2026-03-17 14:06:08.211000
XRPUSDT,1590709566.0,1.4979,3.7,,,False,118.23018719711858,0.963092326182628,34.899410959231666,-0.8172408860032594,0.008,0.9999999890264382,7.177033774306219,6.524075606912733,2026-03-17 14:06:08.211000
XRPUSDT,1590709567.0,1.4979,3.7,,,False,118.36519976506398,0.9631805044797028,34.915890446812114,-0.816605756484609,0.008,0.9999999890124377,7.202787303901081,6.529041148191299,2026-03-17 14:06:08.211000
XRPUSDT,1590709568.0,1.4979,3.7,,,False,118.50026373049599,0.9632684801396642,34.9323599730986,-0.8159698183924137,0.008,0.9999999889985614,7.228568589026432,6.534006691900997,2026-03-17 14:06:08.211000
XRPUSDT,1590709569.0,1.4979,3.7,,,False,118.63537907384303,0.9633562535898237,34.948819549566394,-0.8153330766402481,0.008,0.9999999889848094,7.2543776165597755,6.538972238036123,2026-03-17 14:06:08.211000
XRPUSDT,1590709570.0,1.4979,3.7,,,False,118.7705457755557,0.963443825256776,34.96526918768585,-0.8146955361312285,0.008,0.9999999889711818,7.280214379921143,6.543937786590828,2026-03-17 14:06:08.211000
XRPUSDT,1590709571.0,1.4979,3.7,,,False,118.90576381610711,0.9635311955663977,34.98170889892237,-0.8140572017580918,0.008,0.9999999889576773,7.3060788716509535,6.548903337559595,2026-03-17 14:06:08.211000
XRPUSDT,1590709572.0,1.4979,3.7,,,False,119.04103317599258,0.9636183649438487,34.99813869473633,-0.8134180784038346,0.008,0.9999999889442948,7.331971076842553,6.5538688909364256,2026-03-17 14:06:08.211000
XRPUSDT,1590709573.0,1.4979,3.7,,,False,119.17635383572959,0.9637053338135713,35.01455858658306,-0.812778170940448,0.008,0.9999999889310346,7.35789099510822,6.5588344467162205,2026-03-17 14:06:08.211000
XRPUSDT,1590709574.0,1.4979,3.7,,,False,119.31172577585792,0.9637921025992934,35.030968585912746,-0.8121374842302059,0.008,0.9999999889178953,7.383838610971912,6.563800004892742,2026-03-17 14:06:08.211000
XRPUSDT,1590709575.0,1.4979,6163.7,,,False,119.44714897693949,0.9638786717240245,35.04736870417048,-0.811496023124627,0.115,0.9999999889048755,7.409813921199597,6.568766731687169,2026-03-17 14:06:08.326000
XRPUSDT,1590709576.0,1.4979,5784.2,,,False,119.58264461660352,0.9639650416100595,35.06375968835066,-0.8109803989117828,0.115,0.9999999888919178,5.969953609011692,6.5737334590652265,2026-03-17 14:06:08.326000
XRPUSDT,1590709577.0,1.4979,3.6,,,False,119.71819146167795,0.9640512126789781,35.08014081036697,-0.8103370067696534,0.115,0.999999988879044,7.466451910176812,6.578700187022464,2026-03-17 14:06:08.326000
XRPUSDT,1590709578.0,1.4979,3.4,,,False,119.85378949276513,0.964137185351643,35.096512081662624,-0.8096928549605933,0.115,0.9999999888662533,7.492518135048984,6.5836669155546685,2026-03-17 14:06:08.326000
XRPUSDT,1590709579.0,1.4979,3.6,,,False,119.9894386904978,0.9642229600482036,35.112873513675666,-0.8090479483477029,0.115,0.999999988853548,7.518611417461202,6.588633644658221,2026-03-17 14:06:08.326000
XRPUSDT,1590709580.0,1.4979,6.7,,,False,120.1251390355308,0.9643085371880952,35.12922511783877,-0.8084022917352256,0.115,0.9999999888409256,7.5447323116376745,6.593600374328903,2026-03-17 14:06:08.326000
XRPUSDT,1590709581.0,1.4979,3.6,,,False,120.26089050854078,0.9643939171900381,35.14556690557913,-0.8077558899157773,0.115,0.9999999888283864,7.570880823831516,6.598567104563058,2026-03-17 14:06:08.326000
XRPUSDT,1590709582.0,1.4979,3.6,,,False,120.39669309022656,0.9644791004720391,35.16189888831841,-0.8071087476729454,0.115,0.9999999888159297,7.597056929834472,6.603533835356454,2026-03-17 14:06:08.326000
XRPUSDT,1590709583.0,1.4979,3.6,,,False,120.53254676130867,0.9645640874513914,35.17822107747272,-0.8064608697787037,0.115,0.9999999888035551,7.623260635676812,6.608500566705467,2026-03-17 14:06:08.326000
XRPUSDT,1590709584.0,1.4979,3.6,,,False,120.66845150252958,0.964648878544676,35.19453348445254,-0.8058122609956125,0.115,0.9999999887912633,7.6494919214534844,6.6134672986059595,2026-03-17 14:06:08.326000
XRPUSDT,1590709585.0,1.4979,3.5,,,False,120.80440729465356,0.9647334741677599,35.210836120662734,-0.8051629260752127,0.115,0.9999999887790529,7.6757507862502345,6.618434031054308,2026-03-17 14:06:08.326000
XRPUSDT,1590709586.0,1.4979,3.5,,,False,120.94041411846663,0.964817874735799,35.227128997502426,-0.8045128697590322,0.115,0.9999999887669233,7.702037217081835,6.623400764046287,2026-03-17 14:06:08.326000
XRPUSDT,1590709587.0,1.4979,3.4,,,False,121.07647195477662,0.9649020806632366,35.24341212636502,-0.8038620967779876,0.115,0.999999988754875,7.72835120814419,6.628367497578626,2026-03-17 14:06:08.326000
XRPUSDT,1590709588.0,1.4979,333.9,,,False,121.21258078441299,0.9649860923638046,35.25968551863813,-0.8032106118527772,0.115,0.9999999887429075,7.754692748812244,6.63333423164697,2026-03-17 14:06:08.326000
XRPUSDT,1590709589.0,1.4979,3.5,,,False,121.34874058822679,0.9650699102505232,35.27594918570351,-0.8025584196935034,0.115,0.9999999887310205,7.781061833056915,6.6383009662476615,2026-03-17 14:06:08.326000
XRPUSDT,1590709590.0,1.4979,3.4,,,False,121.48495134709084,0.965153534735704,35.29220313893709,-0.8019055250001004,0.001,0.9999999887192129,7.807458449423623,6.643266473704881,2026-03-17 14:06:08.327000
XRPUSDT,1590709591.0,1.4979,3.6,,,False,121.62119060173983,0.9652369662309457,35.308446637511366,-0.8011202550677028,0.001,0.9999999887075448,9.412152210896245,6.64823198360259,2026-03-17 14:06:08.327000
XRPUSDT,1590709592.0,1.4979,3.6,,,False,121.757480791495,0.9653202051471382,35.3246804490711,-0.8004663901210916,0.001,0.9999999886959915,7.855279435627081,6.653197495935468,2026-03-17 14:06:08.327000
XRPUSDT,1590709593.0,1.4979,3.4,,,False,121.89382189731074,0.9654032518944623,35.34090458495954,-0.7998118363258854,0.001,0.999999988684552,7.881751137729274,6.658163010698182,2026-03-17 14:06:08.327000
XRPUSDT,1590709594.0,1.4979,3.4,,,False,122.0302139001628,0.9654861068823875,35.357119056513945,-0.7991565983364602,0.001,0.9999999886732248,7.908250376151734,6.663128527884816,2026-03-17 14:06:08.327000
XRPUSDT,1590709595.0,1.498,6.7,,,False,122.19594658857325,0.9655953419145056,35.374296279166686,-0.9692485839855773,0.008,0.9999999886658828,-1557.1193814927392,6.668094122587309,2026-03-17 14:06:08.335000
XRPUSDT,1590709596.0,1.498,3.6,,,False,122.33245261445396,0.9656777532254572,35.390489617132005,-0.7975130530406125,0.008,0.9999999886547801,2083.8830126814073,6.673059719542204,2026-03-17 14:06:08.335000
XRPUSDT,1590709597.0,1.498,3.6,,,False,122.46900947481967,0.9657599741321599,35.40667332746373,-0.796855747227528,0.008,0.9999999886437863,7.99438779557336,6.678025318787707,2026-03-17 14:06:08.335000
XRPUSDT,1590709598.0,1.498,3.6,,,False,122.60561715115071,0.9658420050410251,35.42284742148744,-0.7961977794771763,0.008,0.9999999886329008,8.02097355074312,6.682990920318393,2026-03-17 14:06:08.335000
XRPUSDT,1590709599.0,1.498,3.7,,,False,122.7422756245325,0.9659238463577565,35.43901191050862,-0.7955391519599727,0.008,0.9999999886221242,8.047616332533462,6.687956524129222,2026-03-17 14:06:08.335000
XRPUSDT,1590709600.0,1.498,225.0,,,False,122.87898487607166,0.9660054984873518,35.455166805826515,-0.7948798692651468,0.008,0.9999999886114547,8.07428658742207,6.692922130214785,2026-03-17 14:06:08.335000
XRPUSDT,1590709601.0,1.498,3.6,,,False,123.01574488689586,0.9660869618341027,35.47131211873402,-0.7942199359705588,0.008,0.9999999886008915,8.100984318827928,6.697887738569988,2026-03-17 14:06:08.335000
XRPUSDT,1590709602.0,1.498,3.4,,,False,123.15255563815383,0.966168236801595,35.487447860517655,-0.7935593566443733,0.008,0.999999988590436,8.127709509670668,6.702853349189271,2026-03-17 14:06:08.335000
XRPUSDT,1590709603.0,1.498,3.6,,,False,123.28941711101527,0.9662493237927098,35.503574042457586,-0.7928981358436722,0.008,0.9999999885800851,8.154462159846618,6.70781896206791,2026-03-17 14:06:08.335000
XRPUSDT,1590709604.0,1.498,3.6,,,False,123.42632928667092,0.9663302232096234,35.519690675827455,-0.7922362781156632,0.008,0.9999999885698404,8.181242254390757,6.712784577200356,2026-03-17 14:06:08.335000
XRPUSDT,1590709605.0,1.498,3.5,,,False,123.56329214633244,0.966410935453807,35.535797771894494,-0.7915737879968971,0.008,0.9999999885596997,8.20804978807262,6.717750194581501,2026-03-17 14:06:08.335000
XRPUSDT,1590709606.0,1.498,3.5,,,False,123.70030567123231,0.9664914609260301,35.55189534191937,-0.7909106700132174,0.008,0.9999999885496637,8.234884755996235,6.72271581420628,2026-03-17 14:06:08.335000
XRPUSDT,1590709607.0,1.498,3.5,,,False,123.83736984262393,0.9665718000263573,35.567983397156176,-0.7902469286807527,0.018,0.9999999885397309,8.261747141318539,6.72768154223027,2026-03-17 14:06:08.353000
XRPUSDT,1590709608.0,1.498,3.6,,,False,123.97448659501947,0.9666519531541505,35.58406201175294,-0.7895937926569875,0.018,0.9999999885298958,8.148603076981114,6.73264727231994,2026-03-17 14:06:08.353000
XRPUSDT,1590709609.0,1.498,3.4,,,False,124.111653954837,0.9667319207080706,35.600131133706064,-0.788928781502291,0.018,0.9999999885201607,8.316012208670479,6.737613004470953,2026-03-17 14:06:08.353000
XRPUSDT,1590709610.0,1.498,3.6,,,False,124.24887190339071,0.9668117030860739,35.61619077425097,-0.7882631605171732,0.018,0.9999999885105251,8.342957452209188,6.742578738677712,2026-03-17 14:06:08.353000
XRPUSDT,1590709611.0,1.498,3.6,,,False,124.38614042201567,0.9668913006854178,35.63224094461638,-0.787596934176795,0.018,0.999999988500987,8.369930071625944,6.747544474935698,2026-03-17 14:06:08.353000
XRPUSDT,1590709612.0,1.498,3.5,,,False,124.52345949206769,0.9669707139026579,35.64828165602423,-0.7869301069451113,0.018,0.9999999884915475,8.396930068556749,6.752510213239721,2026-03-17 14:06:08.353000
XRPUSDT,1590709613.0,1.498,3.6,,,False,124.66082909492306,0.9670499431336498,35.66431291968967,-0.7862626832747591,0.018,0.9999999884822053,8.423957445963344,6.757475953585124,2026-03-17 14:06:08.353000
XRPUSDT,1590709614.0,1.498,3.6,,,False,124.79824921197878,0.9671289887735487,35.680334746821,-0.7855946676089244,0.018,0.9999999884729598,8.451012183455571,6.762441695966956,2026-03-17 14:06:08.353000
XRPUSDT,1590709615.0,1.498,3.6,,,False,124.93571982465237,0.9672078512168107,35.69634714861964,-0.7849260643797538,0.018,0.9999999884638116,8.478094280555363,6.767407440380497,2026-03-17 14:06:08.353000
XRPUSDT,1590709616.0,1.498,3.5,,,False,125.07324091438188,0.9672865308571932,35.71235013628011,-0.7842568780094057,0.018,0.9999999884547585,8.505203723547114,6.77237318682052,2026-03-17 14:06:08.353000
XRPUSDT,1590709617.0,1.498,3.6,,,False,125.2108124626258,0.967365028087754,35.728343720989955,-0.7835871129089788,0.015,0.9999999884458008,8.532340512416736,6.777338903702775,2026-03-17 14:06:08.368000
XRPUSDT,1590709618.0,1.498,3.5,,,False,125.34843386768928,0.967443343300855,35.74432789558026,-0.7829134628679736,0.015,0.9999999884369395,8.60177753888749,6.782304622652263,2026-03-17 14:06:08.368000
XRPUSDT,1590709619.0,1.498,3.6,,,False,125.48610569474344,0.9675214768881589,35.76030268967481,-0.782242564432369,0.015,0.9999999884281734,8.586556163038004,6.7872703436639545,2026-03-17 14:06:08.368000
XRPUSDT,1590709620.0,1.498,3.4,,,False,125.62382792530848,0.9675994292406327,35.7762681144397,-0.7815711004273063,0.015,0.9999999884195019,8.613774745138942,6.792236066733241,2026-03-17 14:06:08.368000
XRPUSDT,1590709621.0,1.498,3.6,,,False,125.76160054092473,0.9676772007485456,35.79222418103392,-0.7808990752217829,0.015,0.9999999884109245,8.641020645711585,6.79720179185508,2026-03-17 14:06:08.368000
XRPUSDT,1590709622.0,1.498,3.6,,,False,125.89942352315298,0.9677547918014736,35.808170900609355,-0.7802264931751454,0.015,0.9999999884024416,8.668293846474034,6.802167519024779,2026-03-17 14:06:08.368000
XRPUSDT,1590709623.0,1.498,3.6,,,False,126.0372968535742,0.967832202788295,35.824108284310725,-0.7795533586357231,0.015,0.9999999883940512,8.695594347295943,6.8071332482374975,2026-03-17 14:06:08.368000
XRPUSDT,1590709624.0,1.498,3.6,,,False,126.17522051378953,0.967909434097194,35.840036343275486,-0.7788796759420208,0.015,0.999999988385754,8.722922132305674,6.812098979488558,2026-03-17 14:06:08.368000
XRPUSDT,1590709625.0,1.498,391.3,,,False,126.31319448542038,0.9679864861156615,35.8559550886339,-0.7782054494213534,0.015,0.9999999883775486,8.750277203335617,6.817064712773104,2026-03-17 14:06:08.368000
XRPUSDT,1590709626.0,1.498,3.5,,,False,126.45121875010823,0.9680633592304928,35.87186453150895,-0.777530683391234,0.008,0.9999999883694349,8.777659544566301,6.822030374968813,2026-03-17 14:06:08.376000
XRPUSDT,1590709627.0,1.498,3.6,,,False,126.58929193482497,0.9681400538277917,35.887764641273094,-0.7768477763313827,0.008,0.9999999883614163,8.904239462789443,6.826996039305016,2026-03-17 14:06:08.376000
XRPUSDT,1590709628.0,1.498,3.4,,,False,126.72741537711653,0.9682165702929688,35.90365547100786,-0.7761719695687574,0.008,0.9999999883534899,8.8321743700609,6.831961705777215,2026-03-17 14:06:08.376000
XRPUSDT,1590709629.0,1.498,3.6,,,False,126.86558905868542,0.968292909010743,35.91953703181333,-0.7754956361578351,0.008,0.9999999883456562,8.85963807936222,6.836927374380287,2026-03-17 14:06:08.376000
XRPUSDT,1590709630.0,1.498,3.6,,,False,127.00381296125418,0.9683690703651411,35.93540933478215,-0.774818780373687,0.008,0.999999988337914,8.88712903673913,6.841893045109613,2026-03-17 14:06:08.376000
XRPUSDT,1590709631.0,1.498,3.5,,,False,127.14208706656527,0.9684450547394995,35.95127239099954,-0.7741414064808804,0.008,0.9999999883302629,8.914647235385202,6.846858717960341,2026-03-17 14:06:08.376000
XRPUSDT,1590709632.0,1.498,3.6,,,False,127.28041135638112,0.9685208625164637,35.96712621154324,-0.7734635187343201,0.008,0.9999999883227025,8.942192657620724,6.851824392927687,2026-03-17 14:06:08.376000
XRPUSDT,1590709633.0,1.498,3.6,,,False,127.41878581248399,0.9685964940779902,35.982970807483454,-0.7727851213774075,0.008,0.9999999883152322,8.969765309886405,6.856790070006881,2026-03-17 14:06:08.376000
XRPUSDT,1590709634.0,1.498,3.6,,,False,127.55721041667596,0.9686719498053452,35.998806189882835,-0.7721062186437715,0.008,0.9999999883078524,8.99736517603035,6.861755749193091,2026-03-17 14:06:08.376000
XRPUSDT,1590709635.0,1.498,3.5,,,False,127.69568515077898,0.9687472300791069,36.01463236979647,-0.7714268147563905,0.008,0.9999999883005611,9.024992251379256,6.866721430481888,2026-03-17 14:06:08.376000
XRPUSDT,1590709636.0,1.498,3.6,,,False,127.83420999663478,0.9688223352791651,36.03044935827183,-0.7707469139282155,0.008,0.9999999882933588,9.052646523124494,6.871687113868237,2026-03-17 14:06:08.376000
XRPUSDT,1590709637.0,1.498,334.9,,,True,127.97278493610476,0.9688972657847218,36.046257166348745,-0.7700665203609749,0.118,0.9999999882862447,9.080327994389494,6.876653937336484,2026-03-17 14:06:08.494000
XRPUSDT,1590709638.0,1.4981,3.6,,,False,128.14118462905316,0.9689960498405725,36.06294975787459,-0.9339912308395248,0.183,0.9999999882830952,-1659.4247833501597,6.881621433360761,2026-03-17 14:06:08.677000
XRPUSDT,1590709639.0,1.4981,3.4,,,False,128.27990410077894,0.969070576179535,36.07873848805845,-0.7685517370327248,0.183,0.9999999882760526,2219.879523267532,6.886588927585983,2026-03-17 14:06:08.677000
XRPUSDT,1590709640.0,1.4981,6.7,,,False,128.41867356812412,0.9691449290787447,36.09451806793142,-0.7678692430768482,0.183,0.9999999882690501,9.179116929269656,6.891556420988923,2026-03-17 14:06:08.677000
XRPUSDT,1590709641.0,1.4981,3.7,,,False,128.55749302304687,0.9692191089144403,36.11028850882203,-0.7671863305040072,0.183,0.9999999882620886,9.206175322949143,6.896523913567996,2026-03-17 14:06:08.677000
XRPUSDT,1590709642.0,1.4981,3.6,,,False,128.69636244749245,0.9692931160621734,36.12604982174985,-0.7665029479289558,0.183,0.9999999882551673,9.234007740928607,6.90149140532144,2026-03-17 14:06:08.677000
XRPUSDT,1590709643.0,1.4981,3.6,,,False,128.83528182342556,0.969366950896814,36.14180201772655,-0.7658190994913057,0.183,0.9999999882482866,9.26186726060361,6.906458896247314,2026-03-17 14:06:08.677000
XRPUSDT,1590709644.0,1.4981,3.6,,,False,128.97425113283057,0.9694406137925484,36.15754510775582,-0.7651347893205257,0.183,0.9999999882414463,9.289753870758423,6.911426386343967,2026-03-17 14:06:08.677000
XRPUSDT,1590709645.0,1.4981,3.5,,,False,129.11327035771146,0.9695141051228795,36.17327910283341,-0.7644500215359125,0.183,0.9999999882346456,9.317667560627543,6.916393875609661,2026-03-17 14:06:08.677000
XRPUSDT,1590709646.0,1.4981,3.6,,,False,129.2523394800917,0.9695874252606292,36.1890040139471,-0.7637648002463312,0.183,0.9999999882278852,9.34560832277835,6.921361364042603,2026-03-17 14:06:08.677000
XRPUSDT,1590709647.0,1.4981,3.5,,,False,129.39145848201423,0.9696605745779373,36.20471985207659,-0.7630791295492838,0.183,0.9999999882211642,9.37357616284697,6.926328851640962,2026-03-17 14:06:08.677000
XRPUSDT,1590709648.0,1.4981,3.6,,,False,129.5306273455416,0.9697335534462631,36.22042662819354,-0.7623930135335675,0.183,0.9999999882144833,9.401571050037195,6.93129633840319,2026-03-17 14:06:08.677000
XRPUSDT,1590709649.0,1.4981,3.5,,,False,129.66984605275556,0.9698063622363854,36.23612435326151,-0.7617064562757037,0.029,0.999999988207843,9.429593002586099,6.936262248555249,2026-03-17 14:06:08.706000
XRPUSDT,1590709650.0,1.4981,3.4,,,False,129.80908514031265,0.9698790013184037,36.25181217888937,-0.7608589033011726,0.029,0.9999999882013046,11.668002278965506,6.941228160414477,2026-03-17 14:06:08.706000
XRPUSDT,1590709651.0,1.4981,3.6,,,False,129.94837406229982,0.9699514710617382,36.26749098015088,-0.7601720255272056,0.029,0.9999999881948463,9.47813173280128,6.946194073976869,2026-03-17 14:06:08.706000
XRPUSDT,1590709652.0,1.4981,3.6,,,False,130.08771280087495,0.9700237718351314,36.283160767967196,-0.7594847180051539,0.029,0.9999999881884671,9.506226417707236,6.951159989237878,2026-03-17 14:06:08.706000
XRPUSDT,1590709653.0,1.4981,3.6,,,False,130.2271013382123,0.9700959040066469,36.29882155325123,-0.7587969847515301,0.029,0.9999999881821654,9.534348393716474,6.9561259061937015,2026-03-17 14:06:08.706000
XRPUSDT,1590709654.0,1.4981,3.6,,,False,130.3665396565052,0.9701678679436732,36.314473346907675,-0.7581088297886569,0.029,0.999999988175942,9.562497430098595,6.961091824840017,2026-03-17 14:06:08.706000
XRPUSDT,1590709655.0,1.4981,3.6,,,False,130.50602773796612,0.9702396640129205,36.330116159833025,-0.7574202571281842,0.029,0.999999988169796,9.590673524208478,6.966057745172572,2026-03-17 14:06:08.706000
XRPUSDT,1590709656.0,1.4981,3.5,,,False,130.64556556482668,0.9703112925804241,36.34575000291553,-0.7567312707713892,0.029,0.9999999881637259,9.618876669003111,6.971023667187461,2026-03-17 14:06:08.706000
XRPUSDT,1590709657.0,1.4981,3.6,,,False,130.78515311933742,0.9703827540115444,36.36137488703515,-0.7560418747091378,0.029,0.9999999881577336,9.6471068581242,6.975989590880342,2026-03-17 14:06:08.706000
XRPUSDT,1590709658.0,1.4981,3.4,,,False,130.924790383768,0.9704540486709653,36.376990823063544,-0.755352072922296,0.029,0.9999999881518178,9.675364079787894,6.980955516247142,2026-03-17 14:06:08.706000
XRPUSDT,1590709659.0,1.4981,3.5,,,False,131.0644773404071,0.9705251769226989,36.392597821864044,-0.7546618693806417,0.029,0.9999999881459765,9.703648337080377,6.985921443283754,2026-03-17 14:06:08.706000
XRPUSDT,1590709660.0,1.4981,3.4,,,False,131.20421397156218,0.9705961391300836,36.40819589429163,-0.7539712680445873,0.012,0.9999999881402118,9.731959609300981,6.990887199765321,2026-03-17 14:06:08.718000
XRPUSDT,1590709661.0,1.4981,3.6,,,False,131.343997028732,0.9706669356557849,36.42378495929468,-0.7532628998310701,0.012,0.9999999881345291,10.005691755353423,6.995852958188315,2026-03-17 14:06:08.718000
XRPUSDT,1590709662.0,1.4981,3.4,,,False,131.48382972804686,0.970737566861796,36.439365120122694,-0.7525715749009436,0.012,0.9999999881289242,9.78781149535278,7.0008187185486115,2026-03-17 14:06:08.718000
XRPUSDT,1590709663.0,1.4981,3.5,,,False,131.62371205187253,0.9708080331094399,36.45493638760345,-0.7518798639145777,0.012,0.9999999881233985,9.816202926853968,7.005784480841671,2026-03-17 14:06:08.718000
XRPUSDT,1590709664.0,1.4981,3.6,,,False,131.76364398259358,0.9708783347593676,36.47049877255627,-0.7511877707895467,0.012,0.9999999881179504,9.844621367245843,7.010750245063423,2026-03-17 14:06:08.718000
XRPUSDT,1590709665.0,1.4981,3.6,,,False,131.90362550261315,0.9709484721715611,36.48605228579195,-0.7504952994333363,0.012,0.9999999881125804,9.873066806338896,7.0157160112093,2026-03-17 14:06:08.718000
XRPUSDT,1590709666.0,1.4981,3.6,,,False,132.04365659435345,0.9710184457053325,36.50159693811278,-0.7498024537441573,0.012,0.999999988107287,9.901539222569603,7.020681779274993,2026-03-17 14:06:08.718000
XRPUSDT,1590709667.0,1.4981,3.6,,,False,132.18373724025494,0.9710882557193259,36.517132740312526,-0.7491092376084216,0.012,0.9999999881020715,9.930038630289152,7.025647549256345,2026-03-17 14:06:08.718000
XRPUSDT,1590709668.0,1.4981,3.6,,,False,132.32386742277714,0.9711579025715165,36.53265970317637,-0.7484156549036405,0.012,0.9999999880969312,9.958565002813023,7.0306133211490955,2026-03-17 14:06:08.718000
XRPUSDT,1590709669.0,1.4981,120.1,,,False,132.46404712439806,0.971227386619212,36.54817783748088,-0.747721709496183,0.012,0.9999999880918673,9.987118345462282,7.035579094948955,2026-03-17 14:06:08.718000
XRPUSDT,1590709670.0,1.4981,3.5,,,False,132.60427632761417,0.9712967082190559,36.563687153994024,-0.7470274052423628,0.017,0.9999999880868794,10.015698647811787,7.040544920839876,2026-03-17 14:06:08.735000
XRPUSDT,1590709671.0,1.4981,3.5,,,False,132.7445559598027,0.9713658677270226,36.57918768972955,-0.7463377622082223,0.017,0.9999999880819646,9.971774733741528,7.045510748547582,2026-03-17 14:06:08.735000
XRPUSDT,1590709672.0,1.4981,3.6,,,False,132.88488505775786,0.9714348654984225,36.59467942903652,-0.7456427342429954,0.017,0.9999999880771233,10.073194410854338,7.0504765780676335,2026-03-17 14:06:08.735000
XRPUSDT,1590709673.0,1.4981,0.8,,,False,133.02526360403135,0.9715037018879022,36.61016238265743,-0.7449473589626333,0.017,0.999999988072355,10.101855800655493,7.05544240939593,2026-03-17 14:06:08.735000
XRPUSDT,1590709674.0,1.4981,2.8,,,False,133.1656915811934,0.9715723772494422,36.625636561326026,-0.7442516401826964,0.02,0.9999999880676593,10.130544118531631,7.060408272529581,2026-03-17 14:06:08.755000
XRPUSDT,1590709675.0,1.4981,3.5,,,False,133.30616953743828,0.9716408919363615,36.64110199133706,-0.7435585690646748,0.02,0.9999999880630349,10.115657666776515,7.065374137414348,2026-03-17 14:06:08.755000
XRPUSDT,1590709676.0,1.4981,3.4,,,False,133.44669688923926,0.9717092463013162,36.656558667749664,-0.7428621641989729,0.02,0.9999999880584824,10.188155009028451,7.070340004045948,2026-03-17 14:06:08.755000
XRPUSDT,1590709677.0,1.4981,3.6,,,False,133.58727361922152,0.9717774406963,36.672006601271605,-0.742165427232458,0.02,0.999999988054,10.21692423079492,7.075305872420406,2026-03-17 14:06:08.755000
XRPUSDT,1590709678.0,1.4981,0.1,,,False,133.72789971002868,0.9718454754726457,36.687445802601836,-0.7414683619397763,0.02,0.999999988049589,10.24572035249063,7.080271742533788,2026-03-17 14:06:08.755000
XRPUSDT,1590709679.0,1.4981,3.5,,,False,133.86857514432262,0.9719133509810259,36.702876282430445,-0.7407709720847965,0.013,0.999999988045248,10.274543375389925,7.085237544706853,2026-03-17 14:06:08.768000
XRPUSDT,1590709680.0,1.4981,3.6,,,False,134.00929858890007,0.9719810675714526,36.71829801563755,-0.7400663560527674,0.013,0.9999999880409791,10.4053678365832,7.090203348725248,2026-03-17 14:06:08.768000
XRPUSDT,1590709681.0,1.4981,1.7,,,False,134.15007134358086,0.9720486255932795,36.733711048897845,-0.7393683526960617,0.013,0.9999999880367819,10.331909340006355,7.095169154584768,2026-03-17 14:06:08.768000
XRPUSDT,1590709682.0,1.4981,1.9,,,False,134.2908933910823,0.9721160253952013,36.74911539287394,-0.7386700359730703,0.05,0.9999999880326548,10.360812689070183,7.100135329524495,2026-03-17 14:06:08.818000
XRPUSDT,1590709683.0,1.4981,3.5,,,False,134.43177165717213,0.972183267325255,36.76451124579395,-0.7380077032542041,0.05,0.9999999880285849,9.849995655053005,7.105101505693549,2026-03-17 14:06:08.818000
XRPUSDT,1590709684.0,1.4981,3.5,,,False,134.57269917501247,0.9722503517308209,36.779898429672436,-0.7373086424872988,0.05,0.9999999880245765,10.420615059612864,7.11006768308848,2026-03-17 14:06:08.818000
XRPUSDT,1590709685.0,1.4981,3.4,,,False,134.71367592737113,0.9723172789586223,36.79527695514916,-0.7366092796738926,0.05,0.9999999880206288,10.449600803444271,7.1150338617058395,2026-03-17 14:06:08.818000
XRPUSDT,1590709686.0,1.4981,3.6,,,False,134.8547018970352,0.9723840493547284,36.81064683285488,-0.7359096185130268,0.05,0.9999999880167424,10.47861330272042,7.1200000415422515,2026-03-17 14:06:08.818000
XRPUSDT,1590709687.0,1.4981,3.6,,,False,134.9957770668098,0.972450663264552,36.826008073411316,-0.7352096626874285,0.05,0.9999999880129157,10.507652642706168,7.124966222594278,2026-03-17 14:06:08.818000
XRPUSDT,1590709688.0,1.4981,3.5,,,False,135.13690141951818,0.972517121032852,36.84136068743109,-0.7345094158699991,0.05,0.9999999880091492,10.53671881167944,7.129932404858518,2026-03-17 14:06:08.818000
XRPUSDT,1590709689.0,1.4981,3.6,,,False,135.27807493800142,0.9725834230037346,36.85670468551774,-0.7338088817230815,0.05,0.9999999880054441,10.56581180910543,7.134898588331638,2026-03-17 14:06:08.818000
XRPUSDT,1590709690.0,1.4981,3.6,,,False,135.4192976051188,0.972649569520652,36.87204007826573,-0.7331080638993482,0.05,0.9999999880017981,10.59493162139577,7.13986477301031,2026-03-17 14:06:08.818000
XRPUSDT,1590709691.0,1.4981,3.1,,,False,135.56056940374748,0.972715560926405,36.88736687626031,-0.7324069660405697,0.05,0.9999999879982109,10.624078253498931,7.14483095889103,2026-03-17 14:06:08.818000
XRPUSDT,1590709692.0,1.4981,0.5,,,False,135.70189031678245,0.9727813975631432,36.90268509007764,-0.7317055917792357,0.004,0.9999999879946833,10.65325168603267,7.149796693720138,2026-03-17 14:06:08.822000
XRPUSDT,1590709693.0,1.4981,3.4,,,False,135.8432517471249,0.972847079772366,36.917994503861635,-0.73095967445301,0.004,0.9999999879912298,11.356459154652665,7.15476243049191,2026-03-17 14:06:08.822000
XRPUSDT,1590709694.0,1.4981,3.6,,,False,135.98466226593558,0.9729126078949216,36.933295355871856,-0.7302579164599219,0.004,0.999999987987845,10.709264445840953,7.159728169202095,2026-03-17 14:06:08.822000
XRPUSDT,1590709695.0,1.4981,3.6,,,False,136.12612185616618,0.9729779822710102,36.94858765665186,-0.7295558926599146,0.004,0.999999987984529,10.73851625071446,7.1646939098466795,2026-03-17 14:06:08.822000
XRPUSDT,1590709696.0,1.4981,3.5,,,False,136.26763050078617,0.9730432032401835,36.96387141673596,-0.728853606643776,0.004,0.9999999879812806,10.767794852493866,7.169659652421435,2026-03-17 14:06:08.822000
XRPUSDT,1590709697.0,1.4981,2184.9,,,False,136.4091881827825,0.9731082711413449,36.97914664664924,-0.7281510619917012,0.004,0.9999999879781,10.797100252727232,7.174625396922362,2026-03-17 14:06:08.822000
XRPUSDT,1590709698.0,1.4981,3.6,,,False,136.55079488516,0.9731731863127514,36.994413356907486,-0.727448262274575,0.298,0.9999999879749877,10.82643243326334,7.179594017188446,2026-03-17 14:06:09.120000
XRPUSDT,1590709699.0,1.4981,3.6,,,False,136.69250522647224,0.9732379490920132,37.009672979646304,-0.7270249052552535,0.298,0.9999999879718401,6.537042173715066,7.184562634611794,2026-03-17 14:06:09.120000
XRPUSDT,1590709700.0,1.4981,3.6,,,False,136.83426450148346,0.9733025598160959,37.02492409568683,-0.7263206006471425,0.298,0.9999999879686955,10.90073850912844,7.18953124919058,2026-03-17 14:06:09.120000
XRPUSDT,1590709701.0,1.4981,3.5,,,False,136.97607269318075,0.9733670188213187,37.04016671554691,-0.7256160529131646,0.298,0.9999999879655513,10.930167655286175,7.194499860925821,2026-03-17 14:06:09.120000
XRPUSDT,1590709702.0,1.4981,3.4,,,False,137.11792978462208,0.9734313264433592,37.055400849736294,-0.7249112658613681,0.298,0.999999987962411,10.959619240049186,7.199468469818539,2026-03-17 14:06:09.120000
XRPUSDT,1590709703.0,1.4981,3.6,,,False,137.25983575888327,0.9734954830172501,37.07062650875531,-0.724206243015744,0.298,0.9999999879592723,10.989097497987553,7.2044370758697935,2026-03-17 14:06:09.120000
XRPUSDT,1590709704.0,1.4981,3.6,,,False,137.40179059905782,0.9735594888773814,37.08584370309479,-0.7235009878914109,0.298,0.9999999879561353,11.018602404310355,7.20940567908068,2026-03-17 14:06:09.120000
XRPUSDT,1590709705.0,1.4981,3.5,,,False,137.54379428825686,0.9736233443575026,37.10105244323604,-0.7227955039920131,0.298,0.999999987953001,11.048133974696654,7.214374279452142,2026-03-17 14:06:09.120000
XRPUSDT,1590709706.0,1.4981,3.6,,,False,137.68584680960925,0.9736870497907201,37.11625273965086,-0.7220897948124894,0.298,0.9999999879498686,11.07769218231497,7.219342876985254,2026-03-17 14:06:09.120000
XRPUSDT,1590709707.0,1.4981,3.6,,,False,137.82794814626138,0.9737506055095021,37.1314446028015,-0.7213838638366922,0.059,0.9999999879467387,11.107277036992928,7.224309155807138,2026-03-17 14:06:09.179000
XRPUSDT,1590709708.0,1.4981,3.4,,,False,137.9700541167374,0.9738140118456763,37.14662691804588,-0.720454292889891,0.059,0.9999999879436905,14.66053714643665,7.229275435647807,2026-03-17 14:06:09.179000
XRPUSDT,1590709709.0,1.4981,3.6,,,False,138.11220891204187,0.9738772691304315,37.16180082731088,-0.7197487388134561,0.059,0.9999999879406982,11.15372054246894,7.234241716505332,2026-03-17 14:06:09.179000
XRPUSDT,1590709710.0,1.4981,3.6,,,False,138.25441251539505,0.973940377694319,37.1769663410052,-0.7190429720785859,0.059,0.9999999879377586,11.183374987405427,7.239207998376179,2026-03-17 14:06:09.179000
XRPUSDT,1590709711.0,1.4981,3.6,,,False,138.3966649100258,0.9740033378672522,37.19212346952774,-0.7183369960830075,0.059,0.9999999879348731,11.213056805396047,7.244174281257585,2026-03-17 14:06:09.179000
XRPUSDT,1590709712.0,1.4981,3.6,,,False,138.53896607918063,0.9740661499785085,37.20727222326787,-0.7176308142581701,0.059,0.9999999879320406,11.242765299775364,7.249140565146403,2026-03-17 14:06:09.179000
XRPUSDT,1590709713.0,1.4981,3.6,,,False,138.68131600612296,0.974128814356729,37.22241261260534,-0.7169244300245469,0.059,0.9999999879292618,11.272500480847638,7.254106850039725,2026-03-17 14:06:09.179000
XRPUSDT,1590709714.0,1.4981,3.5,,,False,138.82371467413373,0.9741913313299206,37.23754464791032,-0.7162178467937625,0.059,0.9999999879265359,11.302262325126623,7.259073135934472,2026-03-17 14:06:09.179000
XRPUSDT,1590709715.0,1.4981,3.5,,,False,138.966162066511,0.9742537012254551,37.252668339543355,-0.7155110679662903,0.059,0.9999999879238622,11.332050846262891,7.264039422827934,2026-03-17 14:06:09.179000
XRPUSDT,1590709716.0,1.4981,3.6,,,False,139.10865816657008,0.9743159243700711,37.26778369785537,-0.7148040969341879,0.025,0.9999999879212411,11.361866014088124,7.269005384162532,2026-03-17 14:06:09.204000
XRPUSDT,1590709717.0,1.4981,3.6,,,False,139.25119671089178,0.9743780010898743,37.28289057738829,-0.7140657111934111,0.025,0.9999999879186828,11.894728702126335,7.273971347035607,2026-03-17 14:06:09.204000
XRPUSDT,1590709718.0,1.4981,3.6,,,False,139.39378393575075,0.9744399317103396,37.29798914516004,-0.7133584799709969,0.025,0.9999999879161839,11.419734165429679,7.27893731144333,2026-03-17 14:06:09.204000
XRPUSDT,1590709719.0,1.4981,3.5,,,False,139.5364198245158,0.9745017165563092,37.31307941148902,-0.7126510664719217,0.025,0.9999999879137438,11.449627946355365,7.283903277382442,2026-03-17 14:06:09.204000
XRPUSDT,1590709720.0,1.4981,3.6,,,False,139.67910436057232,0.9745633559519957,37.32816138668396,-0.7119434740451671,0.025,0.9999999879113615,11.479548410136218,7.288869244848978,2026-03-17 14:06:09.204000
XRPUSDT,1590709721.0,1.4981,3.6,,,False,139.8218375273226,0.9746248502209824,37.34323508104382,-0.7112357060316103,0.025,0.9999999879090378,11.509495522414362,7.293835213839842,2026-03-17 14:06:09.204000
XRPUSDT,1590709722.0,1.4981,3.4,,,False,139.96461930818606,0.9746861996862222,37.35830050485786,-0.7105277657629661,0.025,0.9999999879067716,11.539469266406876,7.298801184351523,2026-03-17 14:06:09.204000
XRPUSDT,1590709723.0,1.4981,3.6,,,False,140.107449686599,0.9747474046700408,37.373357668405596,-0.7098196565603966,0.025,0.9999999879045625,11.569469647558648,7.303767156380292,2026-03-17 14:06:09.204000
XRPUSDT,1590709724.0,1.4981,3.5,,,False,140.25032864601474,0.9748084654941374,37.38840658195676,-0.7091113817360557,0.025,0.9999999879024115,11.599496646513607,7.308733129922948,2026-03-17 14:06:09.204000
XRPUSDT,1590709725.0,1.4981,3.6,,,False,140.3932561699035,0.9748693824795835,37.40344725577131,-0.7084029445914408,0.025,0.9999999879003163,11.629550271174459,7.313699104975703,2026-03-17 14:06:09.229000
XRPUSDT,1590709726.0,1.4981,3.6,,,False,140.53623224175232,0.9749301559468256,37.418479700099425,-0.7076943484189313,0.025,0.9999999878982782,11.659630504325277,7.318665081535382,2026-03-17 14:06:09.229000
XRPUSDT,1590709727.0,1.4981,3.4,,,False,140.67925684506514,0.9749907862156847,37.433503925181434,-0.7069855965003337,0.025,0.9999999878962965,11.689737352893715,7.323631059598633,2026-03-17 14:06:09.229000
XRPUSDT,1590709728.0,1.4981,3.6,,,False,140.82232996336276,0.9750512736053578,37.44851994124788,-0.7062766921084627,0.025,0.9999999878943705,11.7198707978956,7.328597039161639,2026-03-17 14:06:09.229000
XRPUSDT,1590709729.0,1.4981,3.6,,,False,140.96545158018273,0.9751116184344182,37.46352775851942,-0.7055676385056301,0.025,0.9999999878925006,11.750030845613564,7.333563020221347,2026-03-17 14:06:09.229000
XRPUSDT,1590709730.0,1.4981,3.6,,,False,141.10862167907942,0.9751718210208171,37.47852738720688,-0.704858438945011,0.025,0.9999999878906858,11.780217479686286,7.338529002774154,2026-03-17 14:06:09.229000
XRPUSDT,1590709731.0,1.4981,3.5,,,False,141.2518402436239,0.9752318816818834,37.49351883751119,-0.7041490966692527,0.025,0.9999999878889259,11.810430707315126,7.343494986816817,2026-03-17 14:06:09.229000
XRPUSDT,1590709732.0,1.4981,3.6,,,False,141.39510725740394,0.975291800734325,37.508502119623394,-0.7034396149120028,0.025,0.9999999878872212,11.84067051028767,7.348460972345576,2026-03-17 14:06:09.229000
XRPUSDT,1590709733.0,1.4981,3.5,,,False,141.53842270402404,0.9753515784942294,37.52347724372464,-0.702729996896713,0.025,0.9999999878855708,11.87093689065383,7.353426959357536,2026-03-17 14:06:09.229000
XRPUSDT,1590709734.0,1.4981,3.6,,,False,141.68178656710535,0.9754112152770655,37.53844421998614,-0.7020202458372743,0.033,0.9999999878839745,11.901229839789046,7.358393023315778,2026-03-17 14:06:09.262000
XRPUSDT,1590709735.0,1.4981,3.5,,,False,141.82520028276068,0.9754707113976825,37.553403093289354,-0.7013174522798592,0.033,0.9999999878824299,11.81242659399269,7.3633590886230085,2026-03-17 14:06:09.262000
XRPUSDT,1590709736.0,1.4981,3.6,,,False,141.968662380702,0.9755300671703119,37.56835383886662,-0.7006074184331932,0.033,0.9999999878809379,11.962338542864217,7.368325155276366,2026-03-17 14:06:09.262000
XRPUSDT,1590709737.0,1.4981,3.6,,,False,142.11217284459997,0.9755892829085684,37.583296466860084,-0.699897261170632,0.033,0.9999999878794967,11.992711455946047,7.3732912232722265,2026-03-17 14:06:09.262000
XRPUSDT,1590709738.0,1.4981,3.6,,,False,142.25573165814168,0.9756483589254498,37.598230987401905,-0.6991869836679034,0.033,0.9999999878781084,12.02311090395256,7.378257292607645,2026-03-17 14:06:09.262000
XRPUSDT,1590709739.0,1.4981,3.6,,,False,142.399338805031,0.9757072955333385,37.61315741061426,-0.6984765890902995,0.033,0.9999999878767705,12.053536894175384,7.383223363279448,2026-03-17 14:06:09.262000
XRPUSDT,1590709740.0,1.4981,3.6,,,False,142.5429942689881,0.9757660930440026,37.628075746609305,-0.6977660805935484,0.033,0.9999999878754836,12.083989419368809,7.388189435284391,2026-03-17 14:06:09.262000
XRPUSDT,1590709741.0,1.4981,3.4,,,False,142.68669803374968,0.9758247517685964,37.64298600548917,-0.6970554613235254,0.033,0.9999999878742473,12.11446847752609,7.393155508619348,2026-03-17 14:06:09.262000
XRPUSDT,1590709742.0,1.4981,3.5,,,False,142.830450083069,0.9758832720176603,37.65788819734594,-0.6963447344172097,0.033,0.9999999878730617,12.144974050590664,7.398121583281124,2026-03-17 14:06:09.262000
XRPUSDT,1590709743.0,1.4981,3.6,,,False,142.97425040071545,0.9759416541011232,37.672782332261654,-0.6956339030005331,0.1,0.9999999878719266,12.175506157272833,7.403088285549977,2026-03-17 14:06:09.362000
XRPUSDT,1590709744.0,1.4981,3.6,,,False,143.118111060827,0.9759998983283015,37.68766870323728,-0.6949812500858763,0.1,0.999999987870822,11.205452390316252,7.408054988080232,2026-03-17 14:06:09.362000
XRPUSDT,1590709745.0,1.4981,3.4,,,False,143.26201994450963,0.9760580050079017,37.70254703578102,-0.6942700010568414,0.1,0.9999999878697539,12.240400482831664,7.4130216908695195,2026-03-17 14:06:09.362000
XRPUSDT,1590709746.0,1.4981,3.6,,,False,143.40597703557623,0.9761159744480199,37.71741733995108,-0.693558657211236,0.1,0.9999999878687232,12.271014592439842,7.41798839391608,2026-03-17 14:06:09.362000
XRPUSDT,1590709747.0,1.4981,3.6,,,False,143.5499823178599,0.9761738069561434,37.73227962579561,-0.692847221656629,0.1,0.9999999878677283,12.301654859709956,7.422955097218038,2026-03-17 14:06:09.362000
XRPUSDT,1590709748.0,1.4981,3.5,,,False,143.69403577521018,0.9762315028391512,37.74713390335263,-0.6921356974725605,0.1,0.9999999878667697,12.33232159689741,7.4279218007734,2026-03-17 14:06:09.362000
XRPUSDT,1590709749.0,1.4981,3.6,,,False,143.8381373914928,0.9762890624033138,37.761980182650014,-0.691424087728592,0.1,0.9999999878658472,12.363014805980155,7.432888504580285,2026-03-17 14:06:09.362000
XRPUSDT,1590709750.0,1.4981,3.6,,,False,143.9822871505897,0.9763464859542967,37.776818473705454,-0.6907123954850495,0.1,0.9999999878649616,12.39373447584434,7.437855208636626,2026-03-17 14:06:09.362000
XRPUSDT,1590709751.0,1.4981,3.5,,,False,144.12648503639912,0.9764037737971586,37.79164878652647,-0.6900006237923431,0.1,0.9999999878641116,12.424480607915829,7.442821912940922,2026-03-17 14:06:09.362000
XRPUSDT,1590709752.0,1.4981,3.6,,,False,144.2707310328356,0.9764609262363525,37.80647113111039,-0.6892887756921067,0.045,0.9999999878632976,12.455253183879233,7.447788108105505,2026-03-17 14:06:09.407000
XRPUSDT,1590709753.0,1.4981,3.4,,,False,144.41501526054182,0.9765179435757286,37.821285291493446,-0.6885298894633676,0.045,0.9999999878625333,13.309744667896407,7.452754304379015,2026-03-17 14:06:09.407000
XRPUSDT,1590709754.0,1.4981,3.5,,,False,144.55934757692995,0.9765748261185319,37.83609150490455,-0.6878180745705906,0.045,0.9999999878618155,12.513767101434102,7.457720501758967,2026-03-17 14:06:09.407000
XRPUSDT,1590709755.0,1.4981,3.6,,,False,144.70372796596544,0.9766315741674055,37.8508897813052,-0.6871061920189699,0.045,0.9999999878611439,12.544617229137671,7.462686700242252,2026-03-17 14:06:09.407000
XRPUSDT,1590709756.0,1.4981,3.6,,,False,144.84815641162845,0.9766881880243915,37.86568013064662,-0.6863942448043789,0.045,0.9999999878605164,12.57549392487947,7.467652899826162,2026-03-17 14:06:09.407000
XRPUSDT,1590709757.0,1.4981,3.6,,,False,144.9926328979151,0.9767446679909297,37.88046256286982,-0.6856822359201148,0.045,0.9999999878599343,12.606397062613759,7.472619100507924,2026-03-17 14:06:09.407000
XRPUSDT,1590709758.0,1.4981,3.6,,,False,145.13715740883757,0.9768010143678606,37.895237087905564,-0.6849701683499239,0.045,0.9999999878593967,12.637326638848027,7.4775853022846945,2026-03-17 14:06:09.407000
XRPUSDT,1590709759.0,1.4981,3.6,,,False,145.2817299284239,0.9768572274554246,37.910003715674335,-0.6842580450676706,0.045,0.9999999878589039,12.668282656466289,7.482551505153606,2026-03-17 14:06:09.407000
XRPUSDT,1590709760.0,1.4981,3.5,,,False,145.42635044071835,0.9769133075532641,37.92476245608635,-0.683545869038882,0.045,0.9999999878584556,12.699265090914531,7.487517709112028,2026-03-17 14:06:09.407000
XRPUSDT,1590709761.0,1.4981,3.4,,,False,145.57101892978088,0.9769692549604232,37.939513319041566,-0.6828336432183908,0.636,0.9999999878580513,12.730273960079105,7.492489336892302,2026-03-17 14:06:10.043000
XRPUSDT,1590709762.0,1.4981,3.6,,,False,145.7158406953,0.9770250699753498,37.95425867615546,-0.6826166839503893,0.636,0.9999999878575314,3.887112962110353,7.497460956513492,2026-03-17 14:06:10.043000
XRPUSDT,1590709763.0,1.4981,3.6,,,False,145.86071029599833,0.9770807528958946,37.96899616194026,-0.6819024869956345,0.636,0.9999999878569464,12.826140363455115,7.502432567972407,2026-03-17 14:06:10.043000
XRPUSDT,1590709764.0,1.4981,3.6,,,False,146.0056277157636,0.9771363040193141,37.98372578631532,-0.6811882515966872,0.636,0.9999999878562978,12.857262913549249,7.507404171276946,2026-03-17 14:06:10.043000
XRPUSDT,1590709765.0,1.4981,3.6,,,False,146.15059293871133,0.9771917236422694,37.998447559194275,-0.6804739816720594,0.636,0.999999987855585,12.88839379517019,7.512375766434781,2026-03-17 14:06:10.043000
XRPUSDT,1590709766.0,1.4981,3.6,,,False,146.29560594897302,0.9772470120608289,38.01316149048026,-0.6797596801343262,0.636,0.9999999878548084,12.919550899514608,7.517347353453934,2026-03-17 14:06:10.043000
XRPUSDT,1590709767.0,1.4981,3.6,,,False,146.44066673069636,0.9773021695704677,38.02786759006587,-0.6790453498865165,0.636,0.999999987853968,12.95073422435869,7.52231893234197,2026-03-17 14:06:10.043000
XRPUSDT,1590709768.0,1.4981,3.5,,,False,146.5857752680451,0.9773571964660682,38.04256586783319,-0.678330993822913,0.636,0.9999999878530659,12.981943753273105,7.527290503106841,2026-03-17 14:06:10.043000
XRPUSDT,1590709769.0,1.4981,3.5,,,False,146.73093154519907,0.9774120930419232,38.05725633365378,-0.6776166148275178,0.636,0.9999999878521,13.013179497425575,7.532262065756361,2026-03-17 14:06:10.043000
XRPUSDT,1590709770.0,1.4981,3.6,,,False,146.87613554635402,0.9774668595917332,38.07193899738863,-0.676902215775737,1.714,0.9999999878510722,13.044441438429297,7.5372434185729835,2026-03-17 14:06:11.757000
XRPUSDT,1590709771.0,1.4981,3.5,,,False,147.0215781159589,0.9775214964086103,38.08661805851814,-0.6770743384524041,1.714,0.9999999878496909,-3.1503057188383234,7.542224746507958,2026-03-17 14:06:11.757000
XRPUSDT,1590709772.0,1.4981,3.6,,,False,147.1670681767718,0.9775760037850783,38.10128931295137,-0.6763565120889081,1.714,0.9999999878480479,13.169343490931336,7.547206049536022,2026-03-17 14:06:11.757000
XRPUSDT,1590709773.0,1.4981,1.0,,,False,147.31260571200318,0.9776303820130718,38.11595277059398,-0.6756386760339564,1.714,0.9999999878461425,13.200798949099594,7.552187327684516,2026-03-17 14:06:11.757000
XRPUSDT,1590709774.0,1.4981,2.6,,,False,147.45819070590736,0.9776846313839398,38.130608441363314,-0.6749208379101539,0.021,0.9999999878439756,13.232192600902458,7.557153257836407,2026-03-17 14:06:11.778000
XRPUSDT,1590709775.0,1.4981,3.6,,,False,147.6035242707222,0.977738752188444,38.1452498366718,-0.6728224530568921,0.021,0.9999999878420136,38.77224059187483,7.562119189502221,2026-03-17 14:06:11.778000
XRPUSDT,1590709776.0,1.4981,3.6,,,False,147.7489055802448,0.977792744716761,38.15988350264954,-0.6721099256571246,0.021,0.9999999878401069,13.196777813096793,7.567085122680276,2026-03-17 14:06:11.778000
XRPUSDT,1590709777.0,1.4981,3.4,,,False,147.89433461880523,0.9778466092584833,38.174509449027944,-0.6713973944252318,0.021,0.9999999878382543,13.228205589612413,7.572051057366701,2026-03-17 14:06:11.778000
XRPUSDT,1590709778.0,1.4981,3.6,,,False,148.0398113707294,0.9779003461026189,38.189127685527545,-0.6706848620673227,0.021,0.999999987836456,13.259661399385118,7.577016993558495,2026-03-17 14:06:11.778000
XRPUSDT,1590709779.0,1.4981,3.5,,,False,148.18533582035857,0.9779539555375935,38.20373822185843,-0.6699723313709722,0.021,0.9999999878347113,13.291143558750585,7.5819829312524885,2026-03-17 14:06:11.778000
XRPUSDT,1590709780.0,1.4981,67.3,,,False,148.33090795204959,0.9780074378512505,38.21834106772021,-0.6692598051152928,0.021,0.999999987833021,13.32265204994369,7.586948870445423,2026-03-17 14:06:11.778000
XRPUSDT,1590709781.0,1.4981,266.5,,,False,148.47652775017457,0.9780607933308514,38.23293623280205,-0.6685472860694108,1.759,0.9999999878313837,13.354186884130655,7.59193042509775,2026-03-17 14:06:13.537000
XRPUSDT,1590709782.0,1.4981,3.5,,,False,148.6225004431311,0.9781140222630793,38.247530254466064,-0.6692310933322918,1.759,0.9999999878293339,-12.846533534675554,7.596911954410064,2026-03-17 14:06:13.537000
XRPUSDT,1590709783.0,1.4981,3.6,,,False,148.76852044627486,0.9781671249340353,38.262116576744916,-0.6685132084894302,1.759,0.9999999878270187,13.51880856343181,7.601893458325195,2026-03-17 14:06:13.537000
XRPUSDT,1590709784.0,1.4981,3.6,,,False,148.9145877423513,0.9782201016292436,38.27669520941558,-0.6677953421205002,1.759,0.9999999878244387,13.550606849081131,7.60687493687118,2026-03-17 14:06:13.537000
XRPUSDT,1590709785.0,1.4981,3.6,,,False,149.0607023157957,0.9782729526336497,38.29126616227994,-0.6670775046341478,1.759,0.9999999878215924,13.582286551008272,7.611856390076557,2026-03-17 14:06:13.537000
XRPUSDT,1590709786.0,1.4981,3.4,,,False,149.20686415105953,0.9783256782316211,38.30582944512887,-0.666359698763124,1.759,0.9999999878184812,13.613992038798466,7.616837817969351,2026-03-17 14:06:13.537000
XRPUSDT,1590709787.0,1.4981,3.5,,,False,149.35307323261068,0.9783782787069512,38.32038506774224,-0.6656419272304126,1.759,0.9999999878151046,13.645723317277122,7.621819220578027,2026-03-17 14:06:13.537000
XRPUSDT,1590709788.0,1.4981,3.6,,,False,149.49932954493292,0.9784307543428562,38.33493303988887,-0.6649241927504956,1.759,0.9999999878114623,13.67748036852152,7.626800597930457,2026-03-17 14:06:13.537000
XRPUSDT,1590709789.0,1.4981,3.6,,,False,149.6456330725263,0.9784831054219787,38.34947337132661,-0.6642064980274739,1.759,0.9999999878075542,13.709263210075658,7.631781950055265,2026-03-17 14:06:13.537000
XRPUSDT,1590709790.0,1.4981,3.6,,,False,149.79198379990694,0.9785353322263873,38.36400607180224,-0.6634888457575585,1.759,0.9999999878033807,13.741071812478475,7.636763276980368,2026-03-17 14:06:13.537000
XRPUSDT,1590709791.0,1.4981,3.6,,,False,149.938381711607,0.9785874350375777,38.37853115105152,-0.6627712386265535,0.006,0.9999999877989412,13.772906194691815,7.641728998447761,2026-03-17 14:06:13.543000
XRPUSDT,1590709792.0,1.4981,3.6,,,False,150.08452121197365,0.9786394141364737,38.39304223781924,-0.6606753174879059,0.006,0.9999999877947318,40.322383095595626,7.646694721736639,2026-03-17 14:06:13.543000
XRPUSDT,1590709793.0,1.4981,3.4,,,False,150.23070819620042,0.9786912698034277,38.40754576003512,-0.6599631751090107,0.006,0.9999999877905893,13.733164005529861,7.651660446843914,2026-03-17 14:06:13.543000
XRPUSDT,1590709794.0,1.4981,3.6,,,False,150.37694264886153,0.9787430023182216,38.42204172724907,-0.6592510750434986,0.006,0.9999999877865138,13.765038648291986,7.656626173765648,2026-03-17 14:06:13.543000
XRPUSDT,1590709795.0,1.4981,3.5,,,False,150.5232245545405,0.9787946119600687,38.436530149000305,-0.6585390199075974,0.006,0.9999999877825045,13.796940075880755,7.661591902498616,2026-03-17 14:06:13.543000
XRPUSDT,1590709796.0,1.4981,3.6,,,False,150.6695538978359,0.9788460990076124,38.451011034817434,-0.6578270123355044,0.006,0.9999999877785615,13.828867765000506,7.666557633038944,2026-03-17 14:06:13.543000
XRPUSDT,1590709797.0,1.4981,3.6,,,False,150.81593066336137,0.9788974637389283,38.465484394218514,-0.6571150549515552,0.006,0.9999999877746838,13.86082172943635,7.671523365383157,2026-03-17 14:06:13.543000
XRPUSDT,1590709798.0,1.4981,3.6,,,False,150.9623548357455,0.9789487064315269,38.479950236711,-0.6564031503715735,0.006,0.9999999877708722,13.89280195633618,7.676489099527663,2026-03-17 14:06:13.543000
XRPUSDT,1590709799.0,1.4981,3.5,,,False,151.10882639963168,0.9789998273623503,38.494408571791716,-0.6556913012020211,0.006,0.9999999877671254,13.924808450999851,7.681454835469006,2026-03-17 14:06:13.543000
XRPUSDT,1590709800.0,1.4981,3.6,,,False,151.25534533967854,0.979050826807776,38.50885940894693,-0.6549795100415456,0.006,0.9999999877634437,13.956841187847989,7.686420573203478,2026-03-17 14:06:13.543000
XRPUSDT,1590709801.0,1.4981,3.4,,,False,151.4019116405593,0.979101705043618,38.52330275765225,-0.6542677794784477,0.006,0.9999999877598259,13.988900191184818,7.691386312727686,2026-03-17 14:06:13.543000
XRPUSDT,1590709802.0,1.4981,3.6,,,False,151.54852528696222,0.9791524623451248,38.5377386273727,-0.6535561120935132,0.006,0.9999999877562722,14.020985430841364,7.696352054038097,2026-03-17 14:06:13.543000
XRPUSDT,1590709803.0,1.4982,3.4,,,False,151.72666028373072,0.9792193728783438,38.55280704007232,-0.7923719980773762,0.001,0.999999987756638,-2074.6492264439075,7.701317753267598,2026-03-17 14:06:13.544000
XRPUSDT,1590709804.0,1.4982,3.6,,,False,151.87337786292392,0.9792698504418023,38.56722664725302,-0.6518098954610255,0.001,0.999999987753213,2784.645156893937,7.706283454347451,2026-03-17 14:06:13.544000
XRPUSDT,1590709805.0,1.4982,3.4,,,False,152.02014273940085,0.9793202079812401,38.58163880629228,-0.6510986276367714,0.001,0.9999999877498519,14.124356197590942,7.7112491572786865,2026-03-17 14:06:13.544000
XRPUSDT,1590709806.0,1.4982,3.6,,,False,152.16695489797294,0.9793704457694804,38.59604352661015,-0.6503874340666629,0.001,0.9999999877465543,14.1565461979832,7.716214862057959,2026-03-17 14:06:13.544000
XRPUSDT,1590709807.0,1.4982,3.6,,,False,152.31381432340535,0.9794205640787875,38.61044081761483,-0.6496763170143753,0.001,0.9999999877433206,14.18876778005109,7.721180568681582,2026-03-17 14:06:13.544000
XRPUSDT,1590709808.0,1.4982,223.0,,,False,152.46072100047843,0.9794705631808676,38.62483068870384,-0.6489652790051819,0.001,0.99999998774015,14.221015570545914,7.726146277145939,2026-03-17 14:06:13.544000
XRPUSDT,1590709809.0,1.4982,3.4,,,False,152.60767491398678,0.9795204433468687,38.63921314926407,-0.648254322553955,0.001,0.9999999877370417,14.253289598321476,7.731111987447831,2026-03-17 14:06:13.544000
XRPUSDT,1590709810.0,1.4982,3.4,,,False,152.75467604873998,0.9795702048473831,38.65358820867173,-0.6475434501685522,0.001,0.9999999877339966,14.285589824551932,7.736077699583016,2026-03-17 14:06:13.544000
XRPUSDT,1590709811.0,1.4982,3.6,,,False,152.90172438956216,0.9796198479524469,38.667955876292346,-0.6468326643465832,0.001,0.9999999877310126,14.317916275685437,7.7410434135486055,2026-03-17 14:06:13.544000
XRPUSDT,1590709812.0,1.4983,3.4,,,False,153.08038322716118,0.9796852885389957,38.6829439013557,-0.7841944633849716,0.009,0.9999999877319415,-2099.0306823731494,7.746009198828829,2026-03-17 14:06:13.553000
XRPUSDT,1590709813.0,1.4983,6.7,,,False,153.2275374284038,0.9797346577833114,38.697295547887144,-0.6450998837049846,0.009,0.9999999877290792,2817.4338418202065,7.750974985767581,2026-03-17 14:06:13.553000
XRPUSDT,1590709814.0,1.4983,5.1,,,False,153.37473878497624,0.9797839095252237,38.71163983287432,-0.6443895317741899,0.009,0.9999999877262761,14.422879338153493,7.755940774405276,2026-03-17 14:06:13.553000
XRPUSDT,1590709815.0,1.4983,3.6,,,False,153.52198728231141,0.9798330440323759,38.72597676564835,-0.643679279339204,0.009,0.9999999877235323,14.455267309078465,7.760906564738554,2026-03-17 14:06:13.553000
XRPUSDT,1590709816.0,1.4983,3.6,,,False,153.66928290530961,0.9798820615718611,38.740306355518776,-0.6429691264562044,0.009,0.9999999877208477,14.487730115758502,7.765872356763761,2026-03-17 14:06:13.553000
XRPUSDT,1590709817.0,1.4983,3.6,,,False,153.81662563888568,0.9799309624102217,38.75462861178442,-0.6422590755685122,0.009,0.999999987718222,14.520219110679779,7.770838150477948,2026-03-17 14:06:13.553000
XRPUSDT,1590709818.0,1.4983,3.7,,,False,153.96401546796898,0.9799797468134501,38.76894354373343,-0.6415491291111839,0.009,0.9999999877156548,14.552734282804222,7.775803945877745,2026-03-17 14:06:13.553000
XRPUSDT,1590709819.0,1.4983,3.6,,,False,154.11145237750316,0.9800284150469908,38.78325116064321,-0.6408392895105548,0.009,0.9999999877131465,14.585275630274186,7.780769742959622,2026-03-17 14:06:13.553000
XRPUSDT,1590709820.0,1.4983,3.6,,,False,154.25893635244674,0.9800769673757399,38.79755147178044,-0.640129559184435,0.009,0.9999999877106953,14.617843147897352,7.785735541720336,2026-03-17 14:06:13.553000
XRPUSDT,1590709821.0,1.4983,3.6,,,False,154.40646737777217,0.9801254040640466,38.81184448640113,-0.6394199405419085,0.009,0.9999999877083021,14.65043683485511,7.790701342156599,2026-03-17 14:06:13.553000
XRPUSDT,1590709822.0,1.4983,3.5,,,False,154.55404543846666,0.9801737253757142,38.8261302137505,-0.6387104359837936,0.009,0.9999999877059663,14.683056680968653,7.795667144265149,2026-03-17 14:06:13.553000
XRPUSDT,1590709823.0,1.4983,3.5,,,False,154.7016705195316,0.9802219315740003,38.84040866306308,-0.6380010479017788,0.009,0.9999999877036871,14.71570269460786,7.800632948042744,2026-03-17 14:06:13.553000
XRPUSDT,1590709824.0,1.4983,3.4,,,False,154.84934260598277,0.9802700229216185,38.85467984356264,-0.6372917786796698,0.01,0.9999999877014654,14.748374858200496,7.80559876205241,2026-03-17 14:06:13.563000
XRPUSDT,1590709825.0,1.4983,3.6,,,False,154.99706185272888,0.9803179996807385,38.86894376773648,-0.6365833611106946,0.01,0.999999987699299,14.765848756115037,7.810564577709673,2026-03-17 14:06:13.563000
XRPUSDT,1590709826.0,1.4983,3.6,,,False,155.14482807474687,0.9803658621129873,38.88320044149341,-0.6358743338203074,0.01,0.9999999876971898,14.81385832425393,7.815530395011076,2026-03-17 14:06:13.563000
XRPUSDT,1590709827.0,1.4983,3.6,,,False,155.2926412570955,0.9804136104794497,38.89744987402506,-0.6351654324954812,0.01,0.9999999876951353,14.846608949087772,7.820496213953495,2026-03-17 14:06:13.563000
XRPUSDT,1590709828.0,1.4983,3.6,,,False,155.44050138484772,0.9804612450406702,38.91169207451234,-0.6344566594857863,0.01,0.9999999876931365,14.87938571354275,7.825462034533562,2026-03-17 14:06:13.563000
XRPUSDT,1590709829.0,1.4983,3.6,,,False,155.5884084430909,0.980508766056652,38.92592705212535,-0.6337480171328782,0.01,0.9999999876911934,14.912188602600702,7.830427856748294,2026-03-17 14:06:13.563000
XRPUSDT,1590709830.0,1.4983,3.6,,,False,155.73636241692643,0.9805561737868602,38.94015481602349,-0.6330395077686589,0.01,0.9999999876893046,14.945017639700744,7.835393680594282,2026-03-17 14:06:13.563000
XRPUSDT,1590709831.0,1.4983,3.5,,,False,155.88436329147,0.9806034684902208,38.95437537535537,-0.6323311337178734,0.01,0.9999999876874702,14.97787279442547,7.8403595060682045,2026-03-17 14:06:13.563000
XRPUSDT,1590709832.0,1.4983,3.5,,,False,156.03241105185145,0.9806506504251217,38.96858873925884,-0.631622897296146,0.01,0.999999987685691,15.010754078145924,7.845325333167166,2026-03-17 14:06:13.563000
XRPUSDT,1590709833.0,1.4983,3.4,,,False,156.1805056832148,0.9806977198494149,38.98279491686099,-0.6309148008109112,0.023,0.999999987683965,15.043661482315882,7.850291272138458,2026-03-17 14:06:13.586000
XRPUSDT,1590709834.0,1.4983,3.6,,,False,156.3286493632974,0.9807446770204149,38.99699395864,-0.6302161528209438,0.023,0.9999999876822899,14.87840887960111,7.85525721253505,2026-03-17 14:06:13.586000
XRPUSDT,1590709835.0,1.4983,3.6,,,False,156.47683988223272,0.9807915221949032,39.011185832095954,-0.6295083058607317,0.023,0.9999999876806667,15.110349527874236,7.8602231543539,2026-03-17 14:06:13.586000
XRPUSDT,1590709836.0,1.4983,3.5,,,False,156.62507722520735,0.9808382556291252,39.025370546324645,-0.6288006057902167,0.023,0.9999999876790945,15.143335436317459,7.865189097591964,2026-03-17 14:06:13.586000
XRPUSDT,1590709837.0,1.4983,3.6,,,False,156.7733613774221,0.980884877578794,39.0395481104111,-0.6280930548836366,0.023,0.9999999876775726,15.176347441646982,7.870155042246613,2026-03-17 14:06:13.586000
XRPUSDT,1590709838.0,1.4983,3.6,,,False,156.9216923240917,0.9809313882990897,39.0537185334295,-0.6273856554067622,0.023,0.9999999876761019,15.20938554330895,7.875120988314775,2026-03-17 14:06:13.586000
XRPUSDT,1590709839.0,1.4983,3.6,,,False,157.07007005044503,0.9809777880446607,39.06788182444332,-0.626678409617149,0.023,0.9999999876746813,15.24244973562824,7.880086935793625,2026-03-17 14:06:13.586000
XRPUSDT,1590709840.0,1.4983,3.6,,,False,157.21849454172488,0.981024077069625,39.08203799250519,-0.6259713197635374,0.023,0.9999999876733108,15.275540026112733,7.885052884680154,2026-03-17 14:06:13.586000
XRPUSDT,1590709841.0,1.4983,225.0,,,False,157.36696578318802,0.9810702556275696,39.09618704665697,-0.6252643880869062,0.023,0.9999999876719903,15.308656400234634,7.890018834971502,2026-03-17 14:06:13.586000
XRPUSDT,1590709842.0,1.4983,3.5,,,False,157.51548376010527,0.9811163239715534,39.110328995929734,-0.6245576168198637,0.023,0.9999999876707191,15.341798856306761,7.89498478666489,2026-03-17 14:06:13.586000
XRPUSDT,1590709843.0,1.4983,98.1,,,False,157.66404845776123,0.9811622823541064,39.12446384934374,-0.6238510081864417,0.023,0.9999999876694978,15.374967398085067,7.8999507397571795,2026-03-17 14:06:13.586000
XRPUSDT,1590709844.0,1.4983,235.7,,,False,157.81265986145453,0.981208131027231,39.13859161590847,-0.6231445644031318,0.009,0.9999999876683259,15.408162006991908,7.904916576977486,2026-03-17 14:06:13.595000
XRPUSDT,1590709845.0,1.4983,3.6,,,False,157.96131561626243,0.9812538702424032,39.15271226162019,-0.6224285112771618,0.009,0.9999999876672052,15.655124891737303,7.909882415797735,2026-03-17 14:06:13.595000
XRPUSDT,1590709846.0,1.4983,3.6,,,False,158.11001805039808,0.981299500250574,39.16682583872313,-0.6217224432138555,0.009,0.9999999876661357,15.473765874929075,7.914848256214741,2026-03-17 14:06:13.595000
XRPUSDT,1590709847.0,1.4983,3.5,,,False,158.25876714920125,0.9813450213021683,39.1809323561933,-0.6210165465116104,0.009,0.9999999876651166,15.50703855738303,7.919814098225255,2026-03-17 14:06:13.595000
XRPUSDT,1590709848.0,1.4983,3.6,,,False,158.40756289802545,0.9813904336470874,39.195031822995915,-0.6203108233534881,0.009,0.9999999876641481,15.54033731088862,7.9247799418266425,2026-03-17 14:06:13.595000
XRPUSDT,1590709849.0,1.4983,3.6,,,False,158.55640528223807,0.9814357375347099,39.20912424808537,-0.6196052759148705,0.009,0.9999999876632292,15.573662121385869,7.929745787015257,2026-03-17 14:06:13.595000
XRPUSDT,1590709850.0,1.4983,3.4,,,False,158.70529428722023,0.9814809332138906,39.22320964040526,-0.6188999063621925,0.009,0.9999999876623599,15.607013003558016,7.9347116337884716,2026-03-17 14:06:13.595000
XRPUSDT,1590709851.0,1.4983,3.6,,,False,158.8542298983667,0.9815260209329641,39.23728800888838,-0.6181947168548583,0.009,0.9999999876615411,15.640389929335523,7.939677482142978,2026-03-17 14:06:13.595000
XRPUSDT,1590709852.0,1.4983,3.6,,,False,159.00321210108615,0.9815710009397441,39.251359362456725,-0.6174897095433872,0.009,0.9999999876607706,15.673792912468668,7.9446433320758745,2026-03-17 14:06:13.595000
XRPUSDT,1590709853.0,1.4983,3.5,,,False,159.1522408808009,0.9816158734815242,39.26542371002147,-0.6167848865705006,0.009,0.9999999876600496,15.707221943003821,7.949609183583834,2026-03-17 14:06:13.595000
XRPUSDT,1590709854.0,1.4983,3.6,,,False,159.30131622294684,0.9816606388050793,39.279481060482986,-0.616080250070611,0.009,0.9999999876593776,15.740677022552635,7.954575036664307,2026-03-17 14:06:13.595000
XRPUSDT,1590709855.0,1.4983,3.4,,,False,159.45043811297373,0.9817052971566658,39.29353142273084,-0.6153758021704199,0.009,0.9999999876587535,15.77415813985918,7.959540891313926,2026-03-17 14:06:13.595000
XRPUSDT,1590709856.0,1.4984,3.4,,,False,159.63161016673803,0.9817641651407264,39.30814739417157,-0.7460012881560592,3.134,0.9999999876619966,-2218.9563320379157,7.964532573380444,2026-03-17 14:06:16.729000
XRPUSDT,1590709857.0,1.4984,6.7,,,False,159.78135241426725,0.9818085760660524,39.32219184635373,-0.6157813279909747,3.134,0.9999999876608004,2932.1604809875967,7.969524196616138,2026-03-17 14:06:16.729000
XRPUSDT,1590709858.0,1.4984,3.6,,,False,159.93114037912588,0.9818528808337296,39.33622928097128,-0.6150682403965746,3.134,0.9999999876591674,16.095053236631436,7.974515775592172,2026-03-17 14:06:16.729000
XRPUSDT,1590709859.0,1.4984,3.7,,,False,160.08097423367659,0.981897079687785,39.35025971043861,-0.6143561373802753,3.134,0.9999999876570975,16.111345678942545,7.979507310363471,2026-03-17 14:06:16.729000
XRPUSDT,1590709860.0,1.4984,3.6,,,False,160.23085396358826,0.9819411728717323,39.36428314381935,-0.6136442538558915,3.134,0.9999999876545871,16.144978898174582,7.984498800984323,2026-03-17 14:06:16.729000
XRPUSDT,1590709861.0,1.4984,3.6,,,False,160.3807795545428,0.9819851606285722,39.37829959016551,-0.6129325918881333,3.134,0.9999999876516354,16.178637395594336,7.989490247509549,2026-03-17 14:06:16.729000
XRPUSDT,1590709862.0,1.4984,3.6,,,False,160.5307509922371,0.9820290432007938,39.39230905851747,-0.612221153540183,3.134,0.9999999876482392,16.21232101797866,7.994481649993398,2026-03-17 14:06:16.729000
XRPUSDT,1590709863.0,1.4984,3.6,,,False,160.68076826238286,0.9820728208303746,39.40631155790405,-0.611509940868338,3.134,0.9999999876443975,16.24602973378163,7.9994730084904555,2026-03-17 14:06:16.729000
XRPUSDT,1590709864.0,1.4984,3.6,,,False,160.83083135070657,0.9821164937587826,39.42030709734243,-0.6107989559189364,3.134,0.9999999876401083,16.27976358166891,8.004464323055409,2026-03-17 14:06:16.729000
XRPUSDT,1590709865.0,1.4984,3.5,,,False,160.98094024294954,0.9821600622269762,39.434295685838244,-0.6100882007316513,3.134,0.9999999876353697,16.313522525692868,8.00945559374239,2026-03-17 14:06:16.729000
XRPUSDT,1590709866.0,1.4984,333.8,,,False,161.13109492486794,0.9822035264754042,39.448277332385516,-0.6093776773374231,3.134,0.9999999876301798,16.347306577827386,8.01444682060591,2026-03-17 14:06:16.729000
XRPUSDT,1590709867.0,1.4984,3.5,,,False,161.28129538223249,0.9822468867440093,39.46225204596667,-0.6086673877590647,3.134,0.9999999876245372,16.381115735875746,8.01943800370031,2026-03-17 14:06:16.729000
XRPUSDT,1590709868.0,1.4984,3.4,,,False,161.43154160082872,0.9822901432722263,39.47621983555257,-0.6079573340112883,3.134,0.9999999876184394,16.414949998162445,8.024429143079848,2026-03-17 14:06:16.729000
XRPUSDT,1590709869.0,1.4984,3.6,,,False,161.58183356645705,0.9823332962989847,39.49018071010246,-0.607247518101486,3.134,0.9999999876118859,16.448809344855736,8.029420238798844,2026-03-17 14:06:16.729000
XRPUSDT,1590709870.0,1.4984,3.6,,,False,161.73217126493225,0.9823763460627087,39.50413467856402,-0.6065379420276795,3.134,0.9999999876048746,16.48269380419778,8.034411290911747,2026-03-17 14:06:16.729000
XRPUSDT,1590709871.0,1.4984,3.4,,,False,161.88255468208396,0.9824192928013177,39.51808174987336,-0.6058286077811227,3.134,0.9999999875974037,16.516603344803904,8.039402299472437,2026-03-17 14:06:16.729000
XRPUSDT,1590709872.0,1.4985,3.4,,,False,162.0651447612052,0.982475903475595,39.53257517539285,-0.7339441852224786,0.043,0.9999999875932924,-2263.099301975609,8.044368204464007,2026-03-17 14:06:16.772000
XRPUSDT,1590709873.0,1.4985,0.3,,,False,162.2151249232186,0.9825186119219227,39.54649866308819,-0.6020835488841354,0.043,0.9999999875856819,3087.460389605002,8.049334110589026,2026-03-17 14:06:16.772000
XRPUSDT,1590709874.0,1.4985,3.3,,,False,162.36515134629641,0.982561218129856,39.56041533420052,-0.6013834919014538,0.043,0.999999987578143,16.430868097387055,8.054300018047925,2026-03-17 14:06:16.772000
XRPUSDT,1590709875.0,1.4985,0.4,,,False,162.515224018852,0.9826037223351447,39.5743251974426,-0.600683676188293,0.043,0.9999999875706765,16.464622933354075,8.059265926837504,2026-03-17 14:06:16.772000
XRPUSDT,1590709876.0,1.4985,3.2,,,False,162.665342926621,0.9826461247730394,39.588228261470086,-0.599984092906527,0.043,0.9999999875632816,16.498657070235915,8.064231836955155,2026-03-17 14:06:16.772000
XRPUSDT,1590709877.0,1.4985,0.5,,,False,162.81550805535227,0.9826884256782907,39.60212453492783,-0.5992847440043509,0.043,0.9999999875559584,16.532717161021314,8.069197748397809,2026-03-17 14:06:16.772000
XRPUSDT,1590709878.0,1.4985,3.1,,,False,162.96571939080775,0.9827306252851529,39.6160140264499,-0.5985856314217356,0.043,0.9999999875487062,16.566803214525237,8.074163661163059,2026-03-17 14:06:16.772000
XRPUSDT,1590709879.0,1.4985,0.6,,,False,163.11597691876273,0.9827727238273809,39.62989674465949,-0.5978867570913571,0.043,0.9999999875415246,16.600915219177914,8.079129575247666,2026-03-17 14:06:16.772000
XRPUSDT,1590709880.0,1.4985,3.7,,,False,163.26628062500544,0.9828147215382347,39.64377269816903,-0.5971881229380316,0.043,0.9999999875344139,16.635053176061493,8.084095490649116,2026-03-17 14:06:16.772000
XRPUSDT,1590709881.0,1.4985,3.7,,,False,163.41663049533747,0.982856618650478,39.657641895580134,-0.5964897308790087,0.043,0.9999999875273725,16.669217080323442,8.089061407364596,2026-03-17 14:06:16.772000
XRPUSDT,1590709882.0,1.4985,3.7,,,False,163.5670265155735,0.98289841539638,39.67150434548357,-0.5957915828242903,0.043,0.9999999875204013,16.703406919654867,8.094027325391346,2026-03-17 14:06:16.772000
XRPUSDT,1590709883.0,1.4985,3.7,,,False,163.71746867154107,0.982940112007716,39.685360056459345,-0.5950936806751671,0.043,0.9999999875134996,16.737622717086303,8.098993244726437,2026-03-17 14:06:16.772000
XRPUSDT,1590709884.0,1.4985,3.7,,,False,163.86795694908105,0.9829817087157678,39.69920903707664,-0.5943960263263747,0.043,0.9999999875066675,16.77186444473857,8.103959165367513,2026-03-17 14:06:16.772000
XRPUSDT,1590709885.0,1.4985,3.7,,,False,164.01849133404733,0.9830232057513258,39.71305129589383,-0.5936986216650217,0.043,0.9999999874999034,16.8061321001625,8.108925087311214,2026-03-17 14:06:16.772000
XRPUSDT,1590709886.0,1.4985,3.7,,,False,164.1690718123068,0.9830646033446886,39.726886841458466,-0.5930014685700566,0.043,0.9999999874932085,16.84042569470871,8.1138910105553,2026-03-17 14:06:16.772000
XRPUSDT,1590709887.0,1.4985,3.7,,,False,164.31969836973926,0.9831059017256638,39.74071568230733,-0.5923045689128632,0.043,0.999999987486582,16.874745225766027,8.118856935096755,2026-03-17 14:06:16.772000
XRPUSDT,1590709888.0,1.4985,3.7,,,False,164.47037099223772,0.9831471011235704,39.754537826966384,-0.5916079245580008,0.001,0.9999999874800233,16.909090672681483,8.123822526858863,2026-03-17 14:06:16.773000
XRPUSDT,1590709889.0,1.4985,3.7,,,False,164.6210829047386,0.9831882017672373,39.76835317233537,-0.5908850925195459,0.001,0.9999999874735415,17.586878792285134,8.128788120509663,2026-03-17 14:06:16.773000
XRPUSDT,1590709890.0,1.4985,3.7,,,False,164.7718408620887,0.9832292038850066,39.782161839200256,-0.5901890739402191,0.001,0.9999999874671347,16.975186092674065,8.133753716046348,2026-03-17 14:06:16.773000
XRPUSDT,1590709891.0,1.4985,129.7,,,False,164.92264485021738,0.983270107704732,39.79596383605179,-0.5894933159480094,0.002,0.9999999874608014,17.00960929517139,8.138719321391616,2026-03-17 14:06:16.775000
XRPUSDT,1590709892.0,1.4985,6.7,,,False,165.07349501562118,0.9833109134537819,39.80975917400148,-0.5887984455772916,0.002,0.9999999874545409,17.02873705047884,8.143684928601337,2026-03-17 14:06:16.775000
XRPUSDT,1590709893.0,1.4985,3.6,,,False,165.22439118351156,0.9833516213590384,39.82354785887121,-0.5881032116587657,0.002,0.9999999874483533,17.07859724405154,8.148650537672397,2026-03-17 14:06:16.775000
XRPUSDT,1590709894.0,1.4985,3.6,,,False,165.37533333985664,0.9833922316468998,39.83732989911941,-0.5874082438140434,0.002,0.9999999874422391,17.113098215263566,8.15361614860104,2026-03-17 14:06:16.775000
XRPUSDT,1590709895.0,1.4985,3.6,,,False,165.5263214706373,0.9834327445432799,39.85110530319378,-0.5867135438548441,0.002,0.9999999874361964,17.14762510885394,8.158581761384173,2026-03-17 14:06:16.775000
XRPUSDT,1590709896.0,1.4985,3.5,,,False,165.67735556184726,0.9834731602736095,39.864874079531205,-0.5860191135857453,0.002,0.9999999874302259,17.182177915250605,8.163547376018299,2026-03-17 14:06:16.775000
XRPUSDT,1590709897.0,1.4985,3.5,,,False,165.8284355994931,0.9835134790628376,39.8786362365578,-0.5853249548039576,0.002,0.999999987424327,17.21675663079354,8.168512992499988,2026-03-17 14:06:16.775000
XRPUSDT,1590709898.0,1.4985,3.4,,,False,165.9795615695943,0.9835537011354316,39.8923917826889,-0.5846310692993683,0.002,0.9999999874184985,17.25136125114868,8.173478610825947,2026-03-17 14:06:16.775000
XRPUSDT,1590709899.0,1.4985,3.6,,,False,166.1307334581827,0.9835938267153786,39.906140726329085,-0.583937458853846,0.002,0.9999999874127417,17.285991789721624,8.178444230992705,2026-03-17 14:06:16.775000
XRPUSDT,1590709900.0,1.4985,3.6,,,False,166.28195125130333,0.9836338560261858,39.91988307587216,-0.5832441252427054,0.002,0.9999999874070551,17.320648224016388,8.183409852997041,2026-03-17 14:06:16.777000
XRPUSDT,1590709901.0,1.4985,3.6,,,False,166.43321493501375,0.9836737892908821,39.93361883970114,-0.5825510702337567,0.002,0.9999999874014387,17.355330555096646,8.188375476835274,2026-03-17 14:06:16.777000
XRPUSDT,1590709902.0,1.4985,3.4,,,False,166.58452449538416,0.9837136267320179,39.94734802618833,-0.5818582955870075,0.002,0.9999999873958919,17.39003879260141,8.193341102504581,2026-03-17 14:06:16.777000
XRPUSDT,1590709903.0,1.4985,3.5,,,False,166.73587991849766,0.9837533685716666,39.961070643695216,-0.5811658030559022,0.002,0.999999987390415,17.424772915051733,8.198306730001052,2026-03-17 14:06:16.777000
XRPUSDT,1590709904.0,1.4985,3.6,,,False,166.88728119044976,0.9837930150314252,39.974786700572565,-0.5804735943857902,0.002,0.9999999873850072,17.459532940048103,8.20327235932172,2026-03-17 14:06:16.777000
XRPUSDT,1590709905.0,1.4986,3.4,,,False,167.07121335397687,0.9838452742082522,39.98901208378297,-0.7036169189176787,0.008,0.9999999873835141,-2356.3961778365615,8.208238037248622,2026-03-17 14:06:16.785000
XRPUSDT,1590709906.0,1.4986,6.7,,,False,167.22271706423476,0.9838847000657569,40.00271397717617,-0.5787959984942566,0.008,0.9999999873782429,3165.965899625452,8.213203716872759,2026-03-17 14:06:16.785000
XRPUSDT,1590709907.0,1.4986,3.6,,,False,167.37426657709784,0.9839240312760671,40.016409336905426,-0.5781048632719146,0.008,0.9999999873730391,17.572182927788926,8.218169398227195,2026-03-17 14:06:16.785000
XRPUSDT,1590709908.0,1.4986,3.7,,,False,167.52586187920298,0.9839632680587309,40.03009817128343,-0.5774140210701069,0.008,0.9999999873679021,17.6070043185451,8.223135081308568,2026-03-17 14:06:16.785000
XRPUSDT,1590709909.0,1.4986,3.6,,,False,167.67750295671212,0.984002410632825,40.043780488604376,-0.5767234717348448,0.008,0.9999999873628318,17.64189891042844,8.228100766113927,2026-03-17 14:06:16.785000
XRPUSDT,1590709910.0,1.4986,3.6,,,False,167.8291897957996,0.9840414592169543,40.05745629715174,-0.5760332169661355,0.008,0.9999999873578275,17.67681938028652,8.233066452639843,2026-03-17 14:06:16.785000
XRPUSDT,1590709911.0,1.4986,4.0,,,False,167.98092238265227,0.9840804140292537,40.07112560519823,-0.575343258456644,0.008,0.9999999873528894,17.711765729688626,8.238032140883137,2026-03-17 14:06:16.785000
XRPUSDT,1590709912.0,1.4986,517.6,,,False,168.13270070346942,0.9841192752873892,40.08478842100584,-0.5746535978921767,0.008,0.9999999873480174,17.74673794819866,8.242997830840709,2026-03-17 14:06:16.785000
XRPUSDT,1590709913.0,1.4986,3.6,,,False,168.28452474446308,0.9841580432085574,40.09844475282583,-0.5739642369521696,0.011,0.9999999873432103,17.781736013556227,8.24796354566464,2026-03-17 14:06:16.796000
XRPUSDT,1590709914.0,1.4986,3.5,,,False,168.43639496411825,0.9841967180094877,40.11209461623509,-0.5732769557804528,0.011,0.9999999873384674,17.770774643539408,8.25292926215495,2026-03-17 14:06:16.796000
XRPUSDT,1590709915.0,1.4986,0.2,,,False,168.58831087584386,0.9842352999064425,40.125738012083005,-0.5725881916152291,0.011,0.9999999873337897,17.852003649020364,8.25789498030842,2026-03-17 14:06:16.796000
XRPUSDT,1590709916.0,1.4986,3.4,,,False,168.74027246588952,0.984273789115218,40.139374948588845,-0.5718997320860635,0.012,0.9999999873291754,17.887079289724664,8.262860707812282,2026-03-17 14:06:16.808000
XRPUSDT,1590709917.0,1.4986,3.6,,,False,168.89227987751204,0.9843121858511452,40.15300543638248,-0.5712121674046797,0.012,0.9999999873246248,17.906852360765793,8.26782643695948,2026-03-17 14:06:16.808000
XRPUSDT,1590709918.0,1.4986,0.6,,,False,169.04433293980182,0.9843504903290908,40.166629481225854,-0.5705243196113621,0.012,0.9999999873201376,17.957372876723113,8.272792167747044,2026-03-17 14:06:16.808000
XRPUSDT,1590709919.0,1.4986,2.9,,,False,169.1964316390456,0.9843887027634576,40.18024709130616,-0.5698367813899475,0.011,0.9999999873157133,17.99252606666828,8.27775789250876,2026-03-17 14:06:16.819000
XRPUSDT,1590709920.0,1.4986,3.4,,,False,169.34857580497302,0.9844268233681859,40.19385827240246,-0.5691489700493494,0.011,0.9999999873113515,18.043033301818664,8.28272361891847,2026-03-17 14:06:16.819000
XRPUSDT,1590709921.0,1.4986,0.5,,,False,169.50076558065382,0.9844648523567537,40.20746303509232,-0.5684620583175841,0.011,0.9999999873070531,18.062845151390015,8.287689346973204,2026-03-17 14:06:16.819000
XRPUSDT,1590709922.0,1.4986,3.1,,,False,169.6530009524118,0.9845027899421782,40.22106138753073,-0.5677754610179795,0.01,0.9999999873028165,18.098075877061152,8.292655069034415,2026-03-17 14:06:16.829000
XRPUSDT,1590709923.0,1.4986,3.6,,,False,169.80528175043943,0.9845406363370164,40.23465333548832,-0.5670885996591166,0.01,0.999999987298642,18.14866017753767,8.297620792748502,2026-03-17 14:06:16.829000
XRPUSDT,1590709924.0,1.4986,0.6,,,False,169.95760811741727,0.9845783917533649,40.24823888948663,-0.5664026384928051,0.01,0.9999999872945294,18.168549910270404,8.30258651811226,2026-03-17 14:06:16.829000
XRPUSDT,1590709925.0,1.4986,3.0,,,False,170.10998003970587,0.9846160564028629,40.26181805764853,-0.5657169965558972,0.037,0.9999999872904781,18.2038581547201,8.307552450522994,2026-03-17 14:06:16.866000
XRPUSDT,1590709926.0,1.4986,3.6,,,False,170.2624017080404,0.984653630496691,40.27539091154086,-0.5650472247229971,0.037,0.9999999872864824,17.825362228678593,8.312518384205891,2026-03-17 14:06:16.866000
XRPUSDT,1590709927.0,1.4986,3.5,,,False,170.41486889934916,0.9846911142455728,40.28895739542857,-0.5643621601581283,0.037,0.9999999872825442,18.2763086752362,8.317484319158291,2026-03-17 14:06:16.866000
XRPUSDT,1590709928.0,1.4986,3.6,,,False,170.56738160003098,0.9847285078597757,40.3025175174041,-0.5636774197277203,0.037,0.999999987278663,18.311694255907135,8.32245025537781,2026-03-17 14:06:16.866000
XRPUSDT,1590709929.0,1.4986,3.6,,,False,170.71993979649733,0.984765811549112,40.316071285549214,-0.5629930050001599,0.037,0.9999999872748381,18.347105601012096,8.327416192861806,2026-03-17 14:06:16.866000
XRPUSDT,1590709930.0,1.4986,3.4,,,False,170.87254347517177,0.9848030255229392,40.32961870793504,-0.5623089175345367,0.037,0.9999999872710695,18.38254277278572,8.332382131607833,2026-03-17 14:06:16.866000
XRPUSDT,1590709931.0,1.4986,3.5,,,False,171.02519262249015,0.9848401499901608,40.34315979262196,-0.5616251588840215,0.037,0.9999999872673573,18.41800574359363,8.337348071613377,2026-03-17 14:06:16.866000
XRPUSDT,1590709932.0,1.4986,0.6,,,False,171.17788722490036,0.984877185159228,40.35669454765976,-0.560941730594046,0.037,0.9999999872637004,18.453494534778695,8.342314012876233,2026-03-17 14:06:16.866000
XRPUSDT,1590709933.0,1.4986,2.9,,,False,171.33062726886257,0.9849141312381392,40.37022298108751,-0.5602586342039257,0.011,0.9999999872600994,18.489009124923218,8.3472797595135,2026-03-17 14:06:16.877000
XRPUSDT,1590709934.0,1.4986,3.6,,,False,171.4834087218071,0.9849509884344422,40.383745041433066,-0.5595611863530174,0.011,0.9999999872565589,18.922976266971443,8.352245507758099,2026-03-17 14:06:16.877000
XRPUSDT,1590709935.0,1.4986,0.3,,,False,171.6362355941589,0.9849877569552336,40.397260796573455,-0.5588788208071298,0.011,0.9999999872530765,18.55841712424016,8.357211257606885,2026-03-17 14:06:16.877000
XRPUSDT,1590709936.0,1.4986,3.3,,,False,171.7891078724124,0.9850244370071607,40.410770254514254,-0.5581967915785131,0.023,0.9999999872496527,18.59400935340717,8.362177099132694,2026-03-17 14:06:16.900000
XRPUSDT,1590709937.0,1.4986,3.6,,,False,171.94202739288605,0.9850610287964219,40.424273450439074,-0.5575218283581048,0.023,0.9999999872462846,18.44575611185586,8.367142942093698,2026-03-17 14:06:16.900000
XRPUSDT,1590709938.0,1.4986,3.6,,,False,172.0949922900268,0.9850975325287675,40.437770364979556,-0.5568404476315989,0.023,0.9999999872429728,18.66605639264513,8.37210878648687,2026-03-17 14:06:16.900000
XRPUSDT,1590709939.0,1.4986,3.6,,,False,172.24800255036595,0.9851339484095009,40.451261006110066,-0.5561594078104755,0.023,0.9999999872397172,18.701725934094615,8.377074632309652,2026-03-17 14:06:16.900000
XRPUSDT,1590709940.0,1.4986,1.5,,,False,172.40105816044695,0.9851702766434784,40.464745381794366,-0.5554787103867613,0.023,0.9999999872365173,18.737421261216365,8.382040479559464,2026-03-17 14:06:16.900000
XRPUSDT,1590709941.0,1.4986,2.0,,,False,172.55415910682524,0.9852065174351113,40.47822349998559,-0.5547983568455894,0.018,0.9999999872333724,18.77314237679176,8.387006290930593,2026-03-17 14:06:16.918000
XRPUSDT,1590709942.0,1.4986,3.4,,,False,172.70730460887904,0.9852426709883659,40.49169535748504,-0.5541155793716179,0.018,0.999999987230283,18.885487386631187,8.391972103791137,2026-03-17 14:06:16.918000
XRPUSDT,1590709943.0,1.4986,3.6,,,False,172.86049542131735,0.9852787375067643,40.505160973433064,-0.5534359298520966,0.018,0.9999999872272501,18.84433401677837,8.396937918138269,2026-03-17 14:06:16.918000
XRPUSDT,1590709944.0,1.4986,3.3,,,False,173.0137315307311,0.985314717193386,40.518620355750684,-0.5527566285994296,0.018,0.9999999872242719,18.88013255392755,8.401903733969089,2026-03-17 14:06:16.918000
XRPUSDT,1590709945.0,1.4986,0.2,,,False,173.167012923723,0.9853506102508675,40.53207351234827,-0.5520776770722917,0.1,0.9999999872213495,18.91595686685181,8.406870160049722,2026-03-17 14:06:17.018000
XRPUSDT,1590709946.0,1.4986,3.4,,,False,173.32035212198141,0.9853864168814038,40.54552063141458,-0.5514440490239738,0.1,0.9999999872184664,17.695830041150106,8.411836586501234,2026-03-17 14:06:17.018000
XRPUSDT,1590709947.0,1.4986,3.6,,,False,173.47373656164837,0.9854221372867499,40.558961539460405,-0.5507656087865299,0.1,0.9999999872156267,18.99307219140773,8.416803013322086,2026-03-17 14:06:17.018000
XRPUSDT,1590709948.0,1.4986,3.5,,,False,173.6271662293657,0.9854577716682198,40.572396244369024,-0.5500875230949145,0.1,0.9999999872128307,19.02897324562402,8.421769440511309,2026-03-17 14:06:17.018000
XRPUSDT,1590709949.0,1.4986,3.6,,,False,173.7806411117905,0.9854933202266892,40.5858247540132,-0.5494097933927721,0.1,0.9999999872100779,19.06489971246397,8.42673586806765,2026-03-17 14:06:17.018000
XRPUSDT,1590709950.0,1.4986,3.6,,,False,173.9341611955916,0.9855287831625951,40.59924707625509,-0.5487324211049505,0.1,0.9999999872073679,19.10085193228688,8.43170229598989,2026-03-17 14:06:17.018000
XRPUSDT,1590709951.0,1.4986,3.6,,,False,174.0877264674497,0.9855641606759366,40.612663218946246,-0.5480554076496202,0.1,0.9999999872047014,19.1368299064807,8.436668724276203,2026-03-17 14:06:17.018000
XRPUSDT,1590709952.0,1.4986,3.4,,,False,174.24133691405743,0.9855994529662769,40.626073189927645,-0.5473787544387382,0.1,0.9999999872020772,19.172833623319868,8.441635152926137,2026-03-17 14:06:17.018000
XRPUSDT,1590709953.0,1.4986,3.6,,,False,174.39499252211908,0.9856346602327428,40.63947699702971,-0.5467024628776072,0.1,0.9999999871994957,19.20886308473589,8.446601581937944,2026-03-17 14:06:17.018000
XRPUSDT,1590709954.0,1.4986,3.6,,,False,174.5486932783508,0.9856697826740259,40.652874648072256,-0.5460265343649313,0.1,0.9999999871969563,19.24491829104996,8.451568011310886,2026-03-17 14:06:17.018000
XRPUSDT,1590709955.0,1.4986,3.5,,,False,174.70243916948047,0.9857048204883841,40.666266150864544,-0.5453509702927833,0.1,0.9999999871944593,19.2809992438847,8.456534441043187,2026-03-17 14:06:17.018000
XRPUSDT,1590709956.0,1.4986,3.4,,,False,174.8562301822478,0.9857397738736406,40.67965151320528,-0.5446757720474502,0.02,0.9999999871920042,19.317105922025558,8.461500285221668,2026-03-17 14:06:17.038000
XRPUSDT,1590709957.0,1.4986,3.6,,,False,175.0100541998966,0.985774643027187,40.693030573358186,-0.5439582416954167,0.02,0.9999999871896047,20.577796678660484,8.466466130826877,2026-03-17 14:06:17.038000
XRPUSDT,1590709958.0,1.4986,3.6,,,False,175.16392332769584,0.9858094281459828,40.706403509651985,-0.5432839630800113,0.02,0.9999999871872577,19.38411133113749,8.471431977855667,2026-03-17 14:06:17.038000
XRPUSDT,1590709959.0,1.4986,3.5,,,False,175.3178375524142,0.9858441294265557,40.71977032984926,-0.5426100539308689,0.02,0.9999999871849617,19.420296254662134,8.476397826306073,2026-03-17 14:06:17.038000
XRPUSDT,1590709960.0,1.4986,3.6,,,False,175.471796860831,0.9858787470650039,40.73313104170206,-0.5419365156062428,0.02,0.9999999871827179,19.45650699527362,8.481363676175459,2026-03-17 14:06:17.038000
XRPUSDT,1590709961.0,1.4986,3.6,,,False,175.6258012397375,0.9859132812569957,40.74648565295191,-0.5412633494603787,0.02,0.999999987180525,19.492743482260323,8.486329527460441,2026-03-17 14:06:17.038000
XRPUSDT,1590709962.0,1.4986,3.6,,,False,175.7798506759366,0.9859477321977708,40.75983417132983,-0.540590556841172,0.02,0.9999999871783835,19.52900571279339,8.491295380159185,2026-03-17 14:06:17.038000
XRPUSDT,1590709963.0,1.4986,3.6,,,False,175.9339451562426,0.9859821000821408,40.77317660455633,-0.5399181390896637,0.02,0.999999987176292,19.565293698850102,8.496261234268971,2026-03-17 14:06:17.038000
XRPUSDT,1590709964.0,1.4986,3.5,,,False,176.0880846674814,0.9860163851044902,40.78651296034143,-0.539246097540875,0.02,0.9999999871742518,19.60160742905388,8.501227089787086,2026-03-17 14:06:17.038000
XRPUSDT,1590709965.0,1.4986,3.5,,,False,176.2422691964907,0.9860505874587775,40.79984324638464,-0.5385744335239027,0.02,0.9999999871722617,19.63794688898624,8.506192946711067,2026-03-17 14:06:17.038000
XRPUSDT,1590709966.0,1.4986,3.4,,,False,176.39649873011956,0.9860847073385351,40.81316747037499,-0.5379031483609764,0.02,0.9999999871703211,19.674312092956537,8.511158805038228,2026-03-17 14:06:17.038000
XRPUSDT,1590709967.0,1.4986,3.6,,,False,176.55077325522862,0.9861187449368712,40.82648563999104,-0.5372322433680373,0.015,0.9999999871684305,19.71070303828515,8.516124628643976,2026-03-17 14:06:17.053000
XRPUSDT,1590709968.0,1.4986,3.6,,,False,176.70509201009654,0.9861527004464697,40.83979775269055,-0.536559123212957,0.015,0.9999999871665911,19.823591606765678,8.521090453714018,2026-03-17 14:06:17.053000
XRPUSDT,1590709969.0,1.4986,3.4,,,False,176.85945573113497,0.9861865740595914,40.853103826403405,-0.5358889937253156,0.015,0.999999987164801,19.783230245739357,8.526056280245536,2026-03-17 14:06:17.053000
XRPUSDT,1590709970.0,1.4986,3.5,,,False,177.01386440523865,0.986220365968075,40.866403868776466,-0.5352192482887592,0.015,0.9999999871630605,19.81969846068065,8.531022108236062,2026-03-17 14:06:17.053000
XRPUSDT,1590709971.0,1.4986,1.0,,,False,177.16831801931377,0.9862540763633372,40.87969788744612,-0.5345498881940043,0.015,0.9999999871613695,19.856192416321733,8.535987937683077,2026-03-17 14:06:17.053000
XRPUSDT,1590709972.0,1.4986,2.6,,,False,177.32281656027786,0.9862877054363742,40.89298589003835,-0.5338809147257247,0.015,0.999999987159728,19.89271210486241,8.540953768583654,2026-03-17 14:06:17.053000
XRPUSDT,1590709973.0,1.4986,3.6,,,False,177.47736001506,0.9863212533777621,40.90626788416868,-0.5332123291629713,0.015,0.9999999871581355,19.929257507137454,8.545919600935255,2026-03-17 14:06:17.053000
XRPUSDT,1590709974.0,1.4986,3.6,,,False,177.6319483706006,0.9863547203776576,40.919543877442166,-0.5325441327779037,0.015,0.999999987156592,19.965828641779897,8.550885434735521,2026-03-17 14:06:17.053000
XRPUSDT,1590709975.0,1.4986,3.6,,,False,177.7865816138516,0.9863881066257996,40.93281387745347,-0.5318763268366957,0.015,0.9999999871550967,20.002425500706483,8.55585126998165,2026-03-17 14:06:17.053000
XRPUSDT,1590709976.0,1.4986,3.5,,,False,177.94125973177623,0.9864214123115084,40.946077891786814,-0.5312089125993994,0.015,0.9999999871536492,20.039048081206502,8.560817106670982,2026-03-17 14:06:17.053000
XRPUSDT,1590709977.0,1.4986,3.5,,,False,178.09598271134902,0.9864546376236881,40.95933592801599,-0.5305418913200965,0.015,0.9999999871522509,20.075696375528384,8.565782944801217,2026-03-17 14:06:17.053000
XRPUSDT,1590709978.0,1.4986,3.4,,,False,178.25075053955604,0.9864877827508268,40.9725879937044,-0.5298752642465975,0.015,0.9999999871509,20.112370385832943,8.570748784369432,2026-03-17 14:06:17.053000
XRPUSDT,1590709979.0,1.4986,3.4,,,False,178.40556320339448,0.986520847880997,40.98583409640502,-0.5292090326201255,0.015,0.9999999871495968,20.14907012440113,8.575714625373315,2026-03-17 14:06:17.053000
XRPUSDT,1590709980.0,1.4986,3.6,,,False,178.5604206898731,0.9865538332018569,40.999074243660466,-0.5285431976767052,0.015,0.9999999871483407,20.18579556190708,8.580680467810165,2026-03-17 14:06:17.053000
XRPUSDT,1590709981.0,1.4986,3.4,,,False,178.7153229860116,0.9865867389006509,41.01230844300289,-0.5278777606454155,0.015,0.999999987147132,20.22254672224689,8.585646311677289,2026-03-17 14:06:17.053000
XRPUSDT,1590709982.0,1.4987,3.7,,,False,178.9035015192828,0.9866301115277648,41.02597471499172,-0.6398008907014124,0.226,0.9999999871498007,-2580.5015168190894,8.590613653207306,2026-03-17 14:06:17.279000
XRPUSDT,1590709983.0,1.4987,3.3,,,False,179.05853414750217,0.9866628330804583,41.039196519489316,-0.5263745080720565,0.226,0.999999987148652,3466.411991257193,8.595580992464637,2026-03-17 14:06:17.279000
XRPUSDT,1590709984.0,1.4987,0.3,,,False,179.2136114909148,0.9866954756301131,41.05241239777338,-0.5257100155351239,0.049,0.9999999871475252,20.356637087514887,8.600547079185262,2026-03-17 14:06:17.328000
XRPUSDT,1590709985.0,1.4987,3.6,,,False,179.36870748718994,0.9867280393621941,41.06562201660881,-0.5249579670834665,0.049,0.9999999871464469,23.094664020252768,8.605513166885935,2026-03-17 14:06:17.328000
XRPUSDT,1590709986.0,1.4987,3.6,,,False,179.52384821931034,0.9867605244617574,41.07882572647226,-0.5242947145045124,0.049,0.9999999871454109,20.417132404386745,8.610479255564702,2026-03-17 14:06:17.328000
XRPUSDT,1590709987.0,1.4987,6.7,,,False,179.6790336743722,0.98679293111345,41.09202353483244,-0.5236318674918037,0.049,0.9999999871444171,20.454041935489094,8.61544534521994,2026-03-17 14:06:17.328000
XRPUSDT,1590709988.0,1.4987,3.4,,,False,179.83426383947977,0.9868252595015106,41.10521544914772,-0.5229694272198222,0.049,0.9999999871434653,20.490977488288856,8.620411435849444,2026-03-17 14:06:17.328000
XRPUSDT,1590709989.0,1.4987,3.6,,,False,179.98953870174853,0.9868575098097712,41.1184014768661,-0.5223073948672834,0.049,0.9999999871425543,20.527938746796746,8.625377527451644,2026-03-17 14:06:17.328000
XRPUSDT,1590709990.0,1.4987,3.6,,,False,180.14485824830504,0.9868896822216565,41.13158162542521,-0.5216457716082055,0.049,0.9999999871416856,20.56492567096208,8.630343620024364,2026-03-17 14:06:17.328000
XRPUSDT,1590709991.0,1.4987,3.5,,,False,180.30022246628693,0.9869217769201867,41.14475590225242,-0.5209845586093058,0.049,0.999999987140858,20.601938300753424,8.635309713565796,2026-03-17 14:06:17.328000
XRPUSDT,1590709992.0,1.4987,3.5,,,False,180.45563134284313,0.9869537940879758,41.157924314764735,-0.5203237570324147,0.049,0.9999999871400713,20.638976602915267,8.640275808073886,2026-03-17 14:06:17.328000
XRPUSDT,1590709993.0,1.4987,3.6,,,False,180.61108486513353,0.9869857339072348,41.17108687036886,-0.5196633680330303,0.049,0.9999999871393261,20.676040588392247,8.645241903547051,2026-03-17 14:06:17.328000
XRPUSDT,1590709994.0,1.4987,3.6,,,False,180.76658302032928,0.9870175965597706,41.18424357646117,-0.5190033927608999,0.049,0.9999999871386209,20.713130251404518,8.650207999982998,2026-03-17 14:06:17.328000
XRPUSDT,1590709995.0,1.4987,3.4,,,False,180.92212579561243,0.9870493822269876,41.19739444042778,-0.518343832359589,0.049,0.9999999871379572,20.750245599974747,8.65517409738026,2026-03-17 14:06:17.328000
XRPUSDT,1590709996.0,1.4987,3.6,,,False,181.0777131781761,0.9870810910898885,41.2105394696445,-0.5176846879671595,0.049,0.9999999871373331,20.787386620857514,8.66014019573645,2026-03-17 14:06:17.328000
XRPUSDT,1590709997.0,1.4988,3.4,,,False,181.26671836473741,0.987122885432102,41.22410255440169,-0.6274209378811685,0.06,0.999999987140565,-2625.6245248073956,8.665106371614753,2026-03-17 14:06:17.388000
XRPUSDT,1590709998.0,1.4988,3.4,,,False,181.42240609093207,0.9871544166686506,41.23723505346475,-0.5160977707948289,0.06,0.999999987140019,3530.5677566749987,8.670072548059489,2026-03-17 14:06:17.388000
XRPUSDT,1590709999.0,1.4988,3.7,,,False,181.57813837769456,0.9871858716992582,41.250361741462925,-0.5154400984120254,0.06,0.9999999871395113,20.908337079910233,8.675038725317133,2026-03-17 14:06:17.388000
XRPUSDT,1590710000.0,1.4988,3.6,,,False,181.73391521584566,0.9872172507031994,41.26348262577392,-0.5147828586248645,0.06,0.9999999871390421,20.945208725929735,8.680004903385967,2026-03-17 14:06:17.388000
XRPUSDT,1590710001.0,1.4988,3.6,,,False,181.88973659263712,0.9872485538593515,41.27659771371975,-0.5141260406823798,0.06,0.9999999871386109,20.982483021643162,8.684971082264296,2026-03-17 14:06:17.388000
XRPUSDT,1590710002.0,1.4988,3.6,,,False,182.04560249533176,0.9872797813461943,41.28970701261217,-0.5134696456861183,0.06,0.9999999871382179,21.019782974068605,8.689937261950506,2026-03-17 14:06:17.388000
XRPUSDT,1590710003.0,1.4988,3.6,,,False,182.20151291120308,0.9873109333418119,41.302810529752676,-0.5128136747314394,0.06,0.9999999871378628,21.057108595303387,8.694903442442916,2026-03-17 14:06:17.388000
XRPUSDT,1590710004.0,1.4988,3.6,,,False,182.35746782753586,0.9873420100238925,41.315908272432566,-0.5121581289081609,0.06,0.9999999871375451,21.09445987754887,8.699869623739904,2026-03-17 14:06:17.388000
XRPUSDT,1590710005.0,1.4988,3.6,,,False,182.51346723162553,0.98737301156973,41.32900024793288,-0.5115030093005986,0.06,0.999999987137265,21.131836812174228,8.704835805839872,2026-03-17 14:06:17.388000
XRPUSDT,1590710006.0,1.4988,3.5,,,False,182.66951111077853,0.9874039381562236,41.342086463524474,-0.510848316986976,0.06,0.9999999871370225,21.169239410165233,8.70980198874113,2026-03-17 14:06:17.388000
XRPUSDT,1590710007.0,1.4988,3.5,,,False,182.8255994523123,0.9874347899598805,41.355166926467966,-0.5101940530401948,0.06,0.9999999871368167,21.20666765732029,8.714768172442001,2026-03-17 14:06:17.388000
XRPUSDT,1590710008.0,1.4988,3.4,,,False,182.98173224355497,0.9874655671568143,41.368241644013764,-0.5095402185269536,0.002,0.9999999871366485,21.24412156987145,8.719733959435874,2026-03-17 14:06:17.390000
XRPUSDT,1590710009.0,1.4988,3.4,,,False,183.137901133182,0.9874962699227476,41.381310520562096,-0.5088597087027456,0.002,0.9999999871365254,22.164446867302637,8.72469974796192,2026-03-17 14:06:17.390000
XRPUSDT,1590710010.0,1.4988,3.6,,,False,183.29411445790493,0.9875268984330122,41.39437366681207,-0.5082068560003605,0.002,0.9999999871364446,21.315196094923714,8.729665538017926,2026-03-17 14:06:17.390000
XRPUSDT,1590710011.0,1.4988,3.6,,,False,183.45037220507842,0.9875574528625494,41.407431089980776,-0.5075544355676253,0.002,0.999999987136407,21.352728315289024,8.734631329600743,2026-03-17 14:06:17.390000
XRPUSDT,1590710012.0,1.4988,3.6,,,False,183.60667436206785,0.987587933385911,41.420482797275135,-0.5069024484489162,0.002,0.9999999871364116,21.39028621568167,8.73959712270822,2026-03-17 14:06:17.390000
XRPUSDT,1590710013.0,1.4988,3.4,,,False,183.76302091624967,0.9876183401772605,41.43352879589189,-0.506250895684233,0.002,0.9999999871364591,21.42786975432014,8.74456291733739,2026-03-17 14:06:17.390000
XRPUSDT,1590710014.0,1.4989,112.7,,,False,183.95294524647684,0.9876584175763409,41.44697752227076,-0.6135459779351068,0.375,0.9999999871403457,-2677.196742124114,8.749531250690065,2026-03-17 14:06:17.765000
XRPUSDT,1590710015.0,1.4989,3.4,,,False,184.10944339178846,0.9876886538496881,41.46001190037786,-0.504849960530412,0.375,0.9999999871404261,3594.8880391630128,8.754499579334754,2026-03-17 14:06:17.765000
XRPUSDT,1590710016.0,1.4989,6.7,,,False,184.26598580291233,0.9877188169667706,41.47304058883773,-0.5041991401149942,0.375,0.9999999871405082,21.576696255829802,8.759467904795438,2026-03-17 14:06:17.765000
XRPUSDT,1590710017.0,1.4989,3.7,,,False,184.42257248949483,0.9877489071000807,41.48606359509138,-0.5035488319259308,0.375,0.9999999871405919,21.612007576072596,8.764436227076999,2026-03-17 14:06:17.765000
XRPUSDT,1590710018.0,1.4989,3.6,,,False,184.57920343900815,0.9877789244217259,41.499080926299484,-0.5028989654614194,0.375,0.9999999871406781,21.649715194200542,8.769404546182498,2026-03-17 14:06:17.765000
XRPUSDT,1590710019.0,1.4989,3.6,,,False,184.73587863893536,0.9878088691034306,41.512092589612614,-0.5022495417230712,0.375,0.9999999871407655,21.687448367378693,8.774372862116072,2026-03-17 14:06:17.765000
XRPUSDT,1590710020.0,1.4989,3.6,,,False,184.89259807676996,0.9878387413165349,41.525098592171126,-0.5016005617062875,0.375,0.9999999871408556,21.72520711862218,8.779341174882074,2026-03-17 14:06:17.765000
XRPUSDT,1590710021.0,1.4989,3.6,,,False,185.0493617400166,0.9878685412319976,41.538098941105275,-0.500952026402243,0.375,0.9999999871409476,21.76299140365747,8.78430948448395,2026-03-17 14:06:17.765000
XRPUSDT,1590710022.0,1.4989,3.5,,,False,185.20616961619044,0.9878982690203948,41.55109364353511,-0.5003039367954164,0.375,0.9999999871410423,21.800801262717393,8.789277790925826,2026-03-17 14:06:17.765000
XRPUSDT,1590710023.0,1.4989,3.6,,,False,185.36302169281734,0.9879279248519227,41.56408270657064,-0.4996562938654265,0.375,0.9999999871411382,21.838636673539256,8.79424609421145,2026-03-17 14:06:17.765000
XRPUSDT,1590710024.0,1.4989,3.6,,,False,185.51991795743393,0.9879575088963967,41.577066137311625,-0.4990090985862118,0.375,0.9999999871412372,21.876497643334297,8.799214394344789,2026-03-17 14:06:17.765000
XRPUSDT,1590710025.0,1.4989,2648.2,,,False,185.6768583975876,0.9879870213232526,41.5900439428478,-0.49836235192668094,0.375,0.9999999871413382,21.91438415718437,8.804182691329864,2026-03-17 14:06:17.765000
XRPUSDT,1590710026.0,1.4989,3.5,,,False,185.83384300083623,0.9880164623015483,41.603016130258766,-0.4977160548498619,0.375,0.9999999871414412,21.95229622899804,8.809150985170673,2026-03-17 14:06:17.765000
XRPUSDT,1590710027.0,1.4989,3.4,,,False,185.99087175474855,0.9880458319999632,41.61598270661399,-0.49707020831367066,0.375,0.9999999871415466,21.990233848052274,8.814119275870729,2026-03-17 14:06:17.765000
XRPUSDT,1590710028.0,1.4989,3.6,,,False,186.1479446469037,0.9880751305867997,41.62894367897288,-0.49642481327017285,0.375,0.9999999871416551,22.02819702870498,8.819087563433943,2026-03-17 14:06:17.765000
XRPUSDT,1590710029.0,1.4989,3.6,,,False,186.30506166489172,0.9881043582299837,41.641899054384744,-0.49577987066701323,0.375,0.999999987141766,22.06618573729328,8.824055847865267,2026-03-17 14:06:17.765000
XRPUSDT,1590710030.0,1.4989,35.0,,,True,186.4622227963131,0.9881335150970652,41.65484883988883,-0.495135381445498,0.096,0.9999999871418792,22.1042000059162,8.829022271383323,2026-03-17 14:06:17.861000
XRPUSDT,1590710031.0,1.4989,11.9,,,True,186.6193888072814,0.9881626013552194,41.66779258427077,-0.49436827056366633,0.48,0.9999999871420302,26.373653075759172,8.833991248861636,2026-03-17 14:06:18.341000
XRPUSDT,1590710032.0,1.499,6.7,,,False,186.81035513103163,0.9882009375392956,41.681124036996124,-0.5992821958622125,0.826,0.9999999871459402,-2736.6814884324117,8.838962520838573,2026-03-17 14:06:19.167000
XRPUSDT,1590710033.0,1.499,5221.7,,,False,186.9677212988858,0.9882298605050043,41.69405698980382,-0.493136583285801,0.826,0.9999999871460205,3669.9422059822186,8.843933780826662,2026-03-17 14:06:19.167000
XRPUSDT,1590710034.0,1.499,3.6,,,False,187.12513139692584,0.9882587134144145,41.70698437735881,-0.4924931377122499,0.826,0.9999999871460572,22.30089050648084,8.848905032123826,2026-03-17 14:06:19.167000
XRPUSDT,1590710035.0,1.499,3.6,,,False,187.28258546137508,0.9882874964330894,41.719906207232405,-0.4918503046884801,0.826,0.9999999871460501,22.333759743196914,8.853876274741621,2026-03-17 14:06:19.167000
XRPUSDT,1590710036.0,1.499,3.6,,,False,187.44008347995077,0.9883162097262214,41.73282248642078,-0.49120793320745987,0.826,0.9999999871460001,22.371919447515975,8.858847508691762,2026-03-17 14:06:19.167000
XRPUSDT,1590710037.0,1.499,3.7,,,False,187.5976254403811,0.988344853458632,41.74573322191004,-0.49056602416849154,0.826,0.9999999871459062,22.410104582954848,8.863818733985964,2026-03-17 14:06:19.167000
XRPUSDT,1590710038.0,1.499,3.4,,,False,187.7552113304045,0.9883734277947728,41.75863842067616,-0.48992457846542875,0.826,0.9999999871457697,22.448315156033722,8.868789950636213,2026-03-17 14:06:19.167000
XRPUSDT,1590710039.0,1.499,3.6,,,False,187.91284113777,0.9884019328987275,41.771538089685095,-0.4892835969867327,0.826,0.9999999871455908,22.486551170447544,8.87376115865404,2026-03-17 14:06:19.167000
XRPUSDT,1590710040.0,1.499,3.6,,,False,188.0705148502373,0.988430368934211,41.78443223589272,-0.48864308061636086,0.826,0.9999999871453691,22.52481260064918,8.87873235805072,2026-03-17 14:06:19.167000
XRPUSDT,1590710041.0,1.499,3.6,,,False,188.22823245557655,0.9884587360645705,41.79732086624485,-0.48800303023256913,0.826,0.9999999871451059,22.56309946338819,8.883703548838536,2026-03-17 14:06:19.167000
XRPUSDT,1590710042.0,1.499,3.5,,,False,188.38599394156856,0.9884870344527876,41.810203987677276,-0.4873634467085069,0.826,0.9999999871448004,22.601411753703122,8.888674731028805,2026-03-17 14:06:19.167000
XRPUSDT,1590710043.0,1.499,3.6,,,False,188.54379929600455,0.9885152642614772,41.823081607115725,-0.48672433091228234,0.826,0.9999999871444526,22.639749466709223,8.89364590463345,2026-03-17 14:06:19.167000
XRPUSDT,1590710044.0,1.499,3.4,,,False,188.7016485066862,0.9885434256528889,41.83595373147592,-0.486085683706481,0.826,0.9999999871440638,22.678112613990624,8.898617069663686,2026-03-17 14:06:19.167000
XRPUSDT,1590710045.0,1.499,3.6,,,False,188.85954156142583,0.9885715187889078,41.84882036766355,-0.48544750594916664,0.826,0.9999999871436339,22.71650117254359,8.903588226131887,2026-03-17 14:06:19.167000
XRPUSDT,1590710046.0,1.499,3.4,,,False,189.017478448046,0.9885995438310553,41.86168152257431,-0.4848097984924851,0.826,0.999999987143163,22.75491516927189,8.908559374048973,2026-03-17 14:06:19.167000
XRPUSDT,1590710047.0,1.4991,3.4,,,False,189.2093010870781,0.9886364806646833,41.87491708492187,-0.5874417263943634,0.297,0.9999999871464107,-2778.5794780188976,8.913527070247767,2026-03-17 14:06:19.464000
XRPUSDT,1590710048.0,1.4991,3.4,,,False,189.3672619804972,0.9886643482332813,41.88776566413825,-0.4830507761273787,0.297,0.9999999871459239,3745.9654903162905,8.918494763201052,2026-03-17 14:06:19.464000
XRPUSDT,1590710049.0,1.4991,6.7,,,False,189.5252667454682,0.988692148241934,41.9006087891956,-0.48241569485550645,0.297,0.9999999871454496,22.84464295702814,8.923462454077644,2026-03-17 14:06:19.464000
XRPUSDT,1590710050.0,1.4991,3.7,,,False,189.68331538721253,0.9887198808505983,41.91344646711961,-0.48178113766262887,0.297,0.9999999871449886,22.881265897452867,8.92843014288047,2026-03-17 14:06:19.464000
XRPUSDT,1590710051.0,1.4991,5.0,,,False,189.84140789354512,0.9887475462188722,41.92627870473068,-0.48114705216162423,0.297,0.9999999871445413,22.919828672671237,8.933397829611549,2026-03-17 14:06:19.464000
XRPUSDT,1590710052.0,1.4991,3.6,,,False,189.99954425229134,0.9887751445059938,41.93910550883932,-0.48051343917779665,0.297,0.9999999871441069,22.958416985638856,8.93836551427387,2026-03-17 14:06:19.464000
XRPUSDT,1590710053.0,1.4991,4.2,,,False,190.1577244512866,0.9888026758708433,41.951926886246206,-0.47988029953109457,0.297,0.9999999871436859,22.997030846970638,8.943333196869723,2026-03-17 14:06:19.464000
XRPUSDT,1590710054.0,1.4991,3.6,,,False,190.31594847837658,0.9888301404719421,41.96474284374217,-0.4792476340369819,0.297,0.9999999871432779,23.035670237350807,8.948300877401744,2026-03-17 14:06:19.464000
XRPUSDT,1590710055.0,1.4991,3.6,,,False,190.47421632141737,0.9888575384674555,41.977553388108205,-0.47861544350559404,0.297,0.9999999871428824,23.074335167252432,8.953268555872322,2026-03-17 14:06:19.464000
XRPUSDT,1590710056.0,1.4991,3.6,,,False,190.63252796827484,0.9888848700151917,41.99035852611545,-0.4779837287419525,0.297,0.999999987142501,23.113025641278508,8.95823623228428,2026-03-17 14:06:19.464000
XRPUSDT,1590710057.0,1.4991,3.6,,,False,190.79088340682551,0.9889121352726037,42.00315826452524,-0.4773524905465896,0.297,0.9999999871421327,23.15174164041625,8.963203906639734,2026-03-17 14:06:19.464000
XRPUSDT,1590710058.0,1.4991,3.5,,,False,190.94928262495588,0.9889393343967898,42.01595261008913,-0.4767217297147601,0.297,0.999999987141777,23.1904831755922,8.968171578941542,2026-03-17 14:06:19.464000
XRPUSDT,1590710059.0,1.4991,3.6,,,False,191.10772561056254,0.9889664675444934,42.028741569548835,-0.4760914470368142,0.297,0.9999999871414349,23.22925024522448,8.973139249192132,2026-03-17 14:06:19.464000
XRPUSDT,1590710060.0,1.4991,3.5,,,False,191.26621235155238,0.9889935348721042,42.04152514963628,-0.47546164329790835,0.297,0.9999999871411052,23.268042858214276,8.97810691739416,2026-03-17 14:06:19.464000
XRPUSDT,1590710061.0,1.4991,3.4,,,False,191.4247428358422,0.9890205365356601,42.05430335707362,-0.47483231927912384,0.297,0.9999999871407889,23.30686098211282,8.9830745835499,2026-03-17 14:06:19.464000
XRPUSDT,1590710062.0,1.4991,3.4,,,False,191.58331705135922,0.9890474726908461,42.06707619857324,-0.47420347575578636,0.297,0.9999999871404862,23.345704648454245,8.98804224766189,2026-03-17 14:06:19.464000
XRPUSDT,1590710063.0,1.4991,3.6,,,False,191.74193498604052,0.9890743434929959,42.079843680837755,-0.47357511349880693,0.297,0.999999987140196,23.384573838784092,8.993009909732633,2026-03-17 14:06:19.464000
XRPUSDT,1590710064.0,1.4991,3.6,,,False,191.90059662783335,0.9891011490970923,42.09260581056003,-0.4729472332737895,0.297,0.999999987139919,23.423468568711765,8.997977569765112,2026-03-17 14:06:19.464000
XRPUSDT,1590710065.0,1.4991,3.4,,,False,192.0593019646951,0.9891278896577689,42.10536259442318,-0.47231983584219783,0.297,0.999999987139655,23.462388810057227,9.002945227761417,2026-03-17 14:06:19.464000
XRPUSDT,1590710066.0,1.4991,59.8,,,True,192.2180509845931,0.9891545653293092,42.11811403910056,-0.47169292195991464,0.067,0.9999999871394042,23.501334590014128,9.00791142427976,2026-03-17 14:06:19.531000
XRPUSDT,1590710067.0,1.4992,3.4,,,False,192.41084048259455,0.9891897230585134,42.13122339311441,-0.5714827188263558,0.049,0.9999999871429323,-2838.3459092876733,9.012877507498363,2026-03-17 14:06:19.580000
XRPUSDT,1590710068.0,1.4992,6.7,,,False,192.56965268686122,0.9892162486704337,42.14396304048964,-0.47008500238860873,0.049,0.9999999871427575,3822.6343935982645,9.017843591453763,2026-03-17 14:06:19.580000
XRPUSDT,1590710069.0,1.4992,3.7,,,False,192.72850857729426,0.989242709903203,42.15669737239893,-0.4694602449985584,0.049,0.9999999871426193,23.610290400968395,9.02280967633199,2026-03-17 14:06:19.580000
XRPUSDT,1590710070.0,1.4992,3.6,,,False,192.88740814471063,0.9892691069096027,42.16942639549441,-0.46883598127650783,0.049,0.9999999871425173,23.649034765436046,9.027775762131741,2026-03-17 14:06:19.580000
XRPUSDT,1590710071.0,1.4992,3.6,,,False,193.0463513770998,0.9892954398420701,42.1821501163882,-0.46821220356383536,0.049,0.9999999871424516,23.68812183919938,9.032741848850945,2026-03-17 14:06:19.580000
XRPUSDT,1590710072.0,1.4992,3.6,,,False,193.20533826246128,0.9893217088526971,42.194868541682816,-0.46758891258882607,0.049,0.9999999871424223,23.727234491634896,9.037707936488138,2026-03-17 14:06:19.580000
XRPUSDT,1590710073.0,1.4992,3.6,,,False,193.36436878880443,0.989347914093231,42.20758167797113,-0.46696610907525404,0.049,0.9999999871424291,23.766372713389508,9.042674025041634,2026-03-17 14:06:19.580000
XRPUSDT,1590710074.0,1.4992,3.6,,,False,193.52344294414857,0.9893740557150766,42.220289531836414,-0.46634379374196155,0.049,0.9999999871424711,23.80553651056933,9.047640114509829,2026-03-17 14:06:19.580000
XRPUSDT,1590710075.0,1.4992,3.6,,,False,193.6825607165229,0.9894001338692949,42.23299210985229,-0.4657219673030766,0.049,0.9999999871425496,23.844725883585046,9.05260620489088,2026-03-17 14:06:19.580000
XRPUSDT,1590710076.0,1.4992,3.5,,,False,193.84172209396638,0.9894261487066053,42.245689418582835,-0.465100630467934,0.049,0.9999999871426626,23.883940834616553,9.057572296183722,2026-03-17 14:06:19.580000
XRPUSDT,1590710077.0,1.4992,3.5,,,False,194.000927064528,0.9894521003773858,42.25838146458246,-0.4644797839416279,0.049,0.9999999871428112,23.92318134564883,9.062538388386248,2026-03-17 14:06:19.580000
XRPUSDT,1590710078.0,1.4992,3.4,,,False,194.16017561626649,0.9894779890316736,42.27106825439606,-0.4638594284240146,0.003,0.9999999871429952,23.962447438084638,9.067504194361012,2026-03-17 14:06:19.583000
XRPUSDT,1590710079.0,1.4992,3.6,,,False,194.31946159095278,0.9895038148191657,42.2837497308007,-0.4632217338426735,0.003,0.9999999871432194,24.69216404479509,9.072470001783502,2026-03-17 14:06:19.583000
XRPUSDT,1590710080.0,1.4992,3.4,,,False,194.47879113118373,0.9895295778892202,42.29642596447506,-0.46260244370855247,0.003,0.9999999871434819,24.037901259836747,9.077435810650964,2026-03-17 14:06:19.583000
XRPUSDT,1590710081.0,1.4992,723.0,,,True,194.63816422504195,0.9895552783908563,42.30909696193354,-0.46198364641635203,0.099,0.9999999871437837,24.077245688140422,9.08240221780046,2026-03-17 14:06:19.682000
XRPUSDT,1590710082.0,1.4992,3.6,,,True,194.79759364674575,0.9895809164727553,42.321762861353236,-0.4614022569889922,0.099,0.9999999871441136,22.676791097394815,9.08736862526532,2026-03-17 14:06:19.682000
XRPUSDT,1590710083.0,1.4992,3.6,,,True,194.95706658114295,0.9896064922832611,42.33442353674163,-0.4607842789341591,0.099,0.9999999871444738,24.16259905784475,9.092335033044924,2026-03-17 14:06:19.682000
XRPUSDT,1590710084.0,1.4992,3.4,,,True,195.11658301635444,0.9896320059703814,42.347078994588195,-0.4601667962426139,0.099,0.9999999871448626,24.202017083435667,9.097301441137697,2026-03-17 14:06:19.682000
XRPUSDT,1590710085.0,1.4992,3.6,,,True,195.27614294051358,0.989657457681788,42.35972924137289,-0.45954980959034075,0.099,0.9999999871452832,24.241460325201757,9.102267849543319,2026-03-17 14:06:19.682000
XRPUSDT,1590710086.0,1.4992,3.6,,,True,195.4357463417638,0.9896828475648165,42.37237428356618,-0.4589333196403348,0.099,0.9999999871457309,24.28092911316967,9.107234258261581,2026-03-17 14:06:19.682000
XRPUSDT,1590710087.0,1.4992,3.6,,,True,195.59539320825806,0.9897081757664693,42.385014127629,-0.45831732705069333,0.099,0.9999999871462084,24.320423458624806,9.112200667291301,2026-03-17 14:06:19.682000
XRPUSDT,1590710088.0,1.4992,3.6,,,True,195.75508352815893,0.9897334424334143,42.3976487800128,-0.45770183247496576,0.099,0.999999987146715,24.359943362011602,9.11716707663163,2026-03-17 14:06:19.682000
XRPUSDT,1590710089.0,1.4992,4.0,,,True,195.914817289639,0.9897586477119859,42.41027824715957,-0.45708683656267357,0.099,0.9999999871472512,24.399488803385495,9.122133486281767,2026-03-17 14:06:19.682000
XRPUSDT,1590710090.0,1.4992,5233.3,,,True,196.07459448088028,0.9897837917481871,42.42290253550178,-0.45647233995841585,0.099,0.9999999871478155,24.439059796906683,9.127099896241237,2026-03-17 14:06:19.682000
XRPUSDT,1590710091.0,1.4992,1431.9,,,True,196.2344150900746,0.9898088746876886,42.43552165146245,-0.45585834330225666,0.001,0.9999999871484092,24.478656344143747,9.132065705362557,2026-03-17 14:06:19.683000
XRPUSDT,1590710092.0,1.4992,3.6,,,True,196.3942661919863,0.9898338966758292,42.44813547166722,-0.45520816294988115,0.001,0.9999999871490413,25.9843601844326,9.137031515927132,2026-03-17 14:06:19.683000
XRPUSDT,1590710093.0,1.4992,3.4,,,True,196.55416070565795,0.9898588578576184,42.46074413311335,-0.45459533621726167,0.001,0.999999987149711,24.551190636534734,9.141997327932895,2026-03-17 14:06:19.683000
XRPUSDT,1590710094.0,1.4992,3.6,,,True,196.7140986192978,0.9898837583777351,42.47334764219188,-0.4539830108255793,0.001,0.9999999871504172,24.590867532569064,9.14696314137744,2026-03-17 14:06:19.683000
XRPUSDT,1590710095.0,1.4992,3.4,,,True,196.8740799211239,0.9899085983805296,42.48594600528445,-0.4533711873979265,0.001,0.9999999871511606,24.6305700009556,9.151928956258528,2026-03-17 14:06:19.683000
XRPUSDT,1590710096.0,1.4991,3.4,,,True,196.99980786663343,0.989925413669661,42.498197729539996,-0.35601028583464295,0.012,0.999999987148234,5790.022449344623,9.15689483958344,2026-03-17 14:06:19.695000
XRPUSDT,1590710097.0,1.4991,3.6,,,True,197.15986804759848,0.9899501524280824,42.51078657154567,-0.45240215978225046,0.012,0.9999999871490504,-3896.39093061437,9.161860724258025,2026-03-17 14:06:19.695000
XRPUSDT,1590710098.0,1.4991,6.7,,,True,197.31997158272077,0.9899748310541823,42.5233702850711,-0.45179156758500183,0.012,0.9999999871499022,24.741741893453344,9.166826610235635,2026-03-17 14:06:19.695000
XRPUSDT,1590710099.0,1.4991,3.6,,,True,197.48011845957183,0.9899994496911062,42.53594887645663,-0.45118147789627744,0.012,0.9999999871507894,24.78161933211098,9.171792497513787,2026-03-17 14:06:19.695000
XRPUSDT,1590710100.0,1.4991,3.6,,,True,197.64030866641693,0.990024008481674,42.548522352040045,-0.4505718932507627,0.012,0.9999999871517112,24.82144402961664,9.176758386090775,2026-03-17 14:06:19.695000
XRPUSDT,1590710101.0,1.4991,3.6,,,True,197.80054219153078,0.9900485075683796,42.56109071814977,-0.4499628142463614,0.012,0.999999987152668,24.861294289124192,9.181724275963877,2026-03-17 14:06:19.695000
XRPUSDT,1590710102.0,1.4991,3.4,,,True,197.96081902319762,0.9900729470933922,42.57365398110492,-0.4493542414765138,0.012,0.9999999871536592,24.901170114110652,9.186690167131731,2026-03-17 14:06:19.695000
XRPUSDT,1590710103.0,1.4991,3.6,,,True,198.12113914971118,0.9900973271985578,42.586212147215186,-0.4487461755304597,0.012,0.9999999871546864,24.941071497606288,9.191656059591454,2026-03-17 14:06:19.695000
XRPUSDT,1590710104.0,1.4991,3.4,,,True,198.28150255937481,0.9901216480253985,42.59876522278102,-0.448138616993249,0.012,0.9999999871557467,24.980998433600174,9.196621953341587,2026-03-17 14:06:19.695000
XRPUSDT,1590710105.0,1.499,3.4,,,True,198.40752673665736,0.9901381113631966,42.61097801507445,-0.3518884423808727,0.189,0.9999999871531439,5846.334187665261,9.201588914047113,2026-03-17 14:06:19.884000
XRPUSDT,1590710106.0,1.499,3.6,,,True,198.5679903709399,0.9901623330199443,42.6235218765961,-0.4472357272250417,0.189,0.9999999871542571,-3936.447693794961,9.206555874713011,2026-03-17 14:06:19.884000
XRPUSDT,1590710107.0,1.499,6.7,,,True,198.72849723539437,0.9901864957758202,42.63606066365522,-0.4466291678830319,0.189,0.9999999871553884,25.10306958050475,9.211522834644907,2026-03-17 14:06:19.884000
XRPUSDT,1590710108.0,1.499,3.6,,,True,198.8890473076531,0.990210599771163,42.64859438241935,-0.4460230892352603,0.189,0.9999999871565387,25.14432313614429,9.216489793843708,2026-03-17 14:06:19.884000
XRPUSDT,1590710109.0,1.499,3.6,,,True,199.0496405760875,0.9902346451459918,42.66112303915133,-0.44541752172525656,0.189,0.999999987157708,25.18436557197037,9.221456752310207,2026-03-17 14:06:19.884000
XRPUSDT,1590710110.0,1.499,3.6,,,True,199.21027702907853,0.9902586320400054,42.67364664010472,-0.4448124659119258,0.189,0.9999999871588955,25.22443351720661,9.226423710045283,2026-03-17 14:06:19.884000
XRPUSDT,1590710111.0,1.499,3.6,,,True,199.3709566550164,0.9902825605925841,42.686165191523806,-0.4442079223495581,0.189,0.9999999871601021,25.26452698629031,9.231390667049714,2026-03-17 14:06:19.884000
XRPUSDT,1590710112.0,1.499,3.6,,,True,199.53167944230083,0.9903064309427903,42.698678699643565,-0.4436038915884152,0.189,0.9999999871613269,25.304645969875924,9.236357623324492,2026-03-17 14:06:19.884000
XRPUSDT,1590710113.0,1.499,3.4,,,True,199.692445379341,0.9903302432293686,42.711187170689726,-0.44300037417493066,0.001,0.9999999871625707,25.34479045090026,9.241323458515978,2026-03-17 14:06:19.885000
XRPUSDT,1590710114.0,1.499,3.6,,,True,199.85323025318124,0.9903539975907466,42.72369037996113,-0.4423309529416237,0.001,0.9999999871638507,28.180982121716564,9.246289295105958,2026-03-17 14:06:19.885000
XRPUSDT,1590710115.0,1.499,3.6,,,True,200.01405828658622,0.9903776941650354,42.73618856601993,-0.4417287708366257,0.001,0.9999999871651637,25.412200837933625,9.251255133092302,2026-03-17 14:06:19.885000
XRPUSDT,1590710116.0,1.499,3.4,,,True,200.1749294679686,0.9904013330900316,42.74868173505758,-0.44112710276193057,0.001,0.9999999871665114,25.45242961728891,9.256220972472251,2026-03-17 14:06:19.885000
XRPUSDT,1590710117.0,1.4989,3.6,,,True,200.3013479324557,0.9904173343436358,42.76084301814885,-0.3463678528903761,0.002,0.9999999871642101,5921.989127597094,9.261186819169227,2026-03-17 14:06:19.887000
XRPUSDT,1590710118.0,1.4989,3.4,,,True,200.46229625125383,0.9904408768253459,42.77332688056245,-0.44016946883375446,0.002,0.9999999871656254,-3984.3554769810617,9.266152667251491,2026-03-17 14:06:19.887000
XRPUSDT,1590710119.0,1.4989,6.7,,,True,200.6232876857414,0.9904643620252707,42.785805743020404,-0.43956908261499794,0.002,0.999999987167075,25.564449980381546,9.271118516709777,2026-03-17 14:06:19.887000
XRPUSDT,1590710120.0,1.4989,3.4,,,True,200.78432222425414,0.9904877900800508,42.79827961167898,-0.43896921221870944,0.002,0.9999999871685562,25.604788870315677,9.27608436754169,2026-03-17 14:06:19.887000
XRPUSDT,1590710121.0,1.4989,3.4,,,True,200.94539985524943,0.9905111611260144,42.810748492686365,-0.43836985846862847,0.002,0.999999987170071,25.64514018816436,9.281050219745305,2026-03-17 14:06:19.887000
XRPUSDT,1590710122.0,1.4989,8.9,,,False,201.10652056719402,0.9905344752991782,42.82321239218158,-0.4377710218761833,0.115,0.9999999871716189,25.685517056102412,9.28601673879679,2026-03-17 14:06:20.002000
XRPUSDT,1590710123.0,1.4989,1297.2,,,False,201.26769875607815,0.9905577327352466,42.8356714508888,-0.4372116896040988,0.072,0.9999999871731884,24.0496102166251,9.29098300506125,2026-03-17 14:06:20.074000
XRPUSDT,1590710124.0,1.4989,732.0,,,False,201.42891450669808,0.9905809335696147,42.848125488459274,-0.4365989129843403,0.072,0.9999999871747859,26.411835455375645,9.295949271908132,2026-03-17 14:06:20.074000
XRPUSDT,1590710125.0,1.4989,2109.8,,,False,201.59017329152638,0.9906040779373668,42.86057456236297,-0.4360015192901621,0.072,0.9999999871764091,25.81162296491914,9.300915539336506,2026-03-17 14:06:20.074000
XRPUSDT,1590710126.0,1.4989,125.0,,,False,201.75147509907683,0.9906271659732782,42.873018678704724,-0.4354046451018067,0.072,0.9999999871780594,25.852098924638568,9.305881807345099,2026-03-17 14:06:20.074000
XRPUSDT,1590710127.0,1.4989,580.0,,,False,201.9128199178717,0.9906501978118154,42.885457843580284,-0.43480829090749445,0.072,0.9999999871797358,25.892600512453654,9.310848075932988,2026-03-17 14:06:20.074000
XRPUSDT,1590710128.0,1.4989,1456.2,,,False,202.07420773644222,0.9906731735871369,42.89789206307628,-0.43421245719347773,0.003,0.9999999871814388,25.933127638957497,9.315813942070044,2026-03-17 14:06:20.077000
XRPUSDT,1590710129.0,1.4989,3.4,,,False,202.23562980385842,0.9906960934330943,42.910321262811486,-0.43359372664468887,0.003,0.9999999871831738,26.995406074703897,9.320779809551514,2026-03-17 14:06:20.077000
XRPUSDT,1590710130.0,1.4989,7.3,,,False,202.3970948601289,0.9907189574832316,42.922745529814954,-0.43299904417158874,0.003,0.9999999871849403,26.009498296634487,9.325745678375684,2026-03-17 14:06:20.077000
XRPUSDT,1590710131.0,1.4989,1992.2,,,False,202.55860289380337,0.9907417658707875,42.935164870143765,-0.43240488328116744,0.003,0.9999999871867381,26.050104987176788,9.330711548539854,2026-03-17 14:06:20.077000
XRPUSDT,1590710132.0,1.4989,3.4,,,False,202.7201538934408,0.990764518728695,42.947579289845976,-0.4318112444443304,0.003,0.9999999871885676,26.09073722748858,9.335677420042112,2026-03-17 14:06:20.077000
XRPUSDT,1590710133.0,1.4989,198.0,,,False,202.88174784760926,0.9907872161895823,42.95998879496055,-0.4312181281283825,0.003,0.9999999871904272,26.131395000160385,9.340643292879955,2026-03-17 14:06:20.077000
XRPUSDT,1590710134.0,1.4989,3.4,,,False,203.0433847448859,0.9908098583857731,42.972393391517464,-0.43062553479644006,0.003,0.9999999871923182,26.172078315645276,9.345609167051732,2026-03-17 14:06:20.077000
XRPUSDT,1590710135.0,1.4989,3.4,,,False,203.205064573857,0.9908324454492876,42.984793085537625,-0.43003346490770505,0.003,0.9999999871942398,26.212787171458995,9.350575042555109,2026-03-17 14:06:20.077000
XRPUSDT,1590710136.0,1.4989,3.4,,,False,203.36678732311796,0.9908549775118438,42.997187883032964,-0.42944191891733585,0.003,0.999999987196192,26.25352157148073,9.355540919388352,2026-03-17 14:06:20.077000
XRPUSDT,1590710137.0,1.499,17.7,,,False,203.56323555499645,0.990884674693528,43.00989080267156,-0.5203961661319032,0.002,0.9999999872018266,-3062.723196487765,9.360506791781454,2026-03-17 14:06:20.079000
XRPUSDT,1590710138.0,1.499,1462.5,,,False,203.72505318858535,0.9909070795648318,43.022275144725015,-0.4280214875617001,0.002,0.9999999872038378,4122.972960554647,9.3654726655036,2026-03-17 14:06:20.079000
XRPUSDT,1590710139.0,1.499,7.3,,,False,203.8869137059253,0.990929429870541,43.034654609636846,-0.4274317791936996,0.002,0.9999999872058796,26.384800980961717,9.370438540560054,2026-03-17 14:06:20.079000
XRPUSDT,1590710140.0,1.499,3.4,,,False,204.04881709576128,0.9909517257410717,43.04702920338144,-0.426842596778116,0.002,0.9999999872079516,26.425629569930937,9.375404416948577,2026-03-17 14:06:20.079000
XRPUSDT,1590710141.0,1.499,3.6,,,False,204.21076334673572,0.9909739673065399,43.05939893192319,-0.4262539404554817,0.002,0.9999999872100527,26.466496860448636,9.380370294666971,2026-03-17 14:06:20.079000
XRPUSDT,1590710142.0,1.499,15.0,,,False,204.3727524475003,0.9909961546967627,43.071763801217564,-0.4256658106570361,0.002,0.9999999872121839,26.507389672157036,9.385336173713359,2026-03-17 14:06:20.079000
XRPUSDT,1590710143.0,1.499,3.4,,,False,204.53478438671542,0.9910182880412591,43.08412381721107,-0.4250782078093948,0.002,0.9999999872143447,26.54830803978085,9.390302054085351,2026-03-17 14:06:20.079000
XRPUSDT,1590710144.0,1.499,33.3,,,False,204.69685915305084,0.9910403674692506,43.096478985841316,-0.4244911323359849,0.002,0.9999999872165347,26.58925193335421,9.395267935780838,2026-03-17 14:06:20.079000
XRPUSDT,1590710145.0,1.499,4.1,,,False,204.85897673518508,0.9910623931096613,43.10882931303696,-0.4239045846562284,0.002,0.999999987218754,26.630221361141857,9.4002338187978,2026-03-17 14:06:20.079000
XRPUSDT,1590710146.0,1.499,6.7,,,False,205.02113712180565,0.9910843650911187,43.12117480471778,-0.42331856518579203,0.002,0.9999999872210025,26.671216320221287,9.405199703134278,2026-03-17 14:06:20.079000
XRPUSDT,1590710147.0,1.499,3.4,,,False,205.1833403016091,0.9911062835419555,43.13351546679464,-0.4227330743363097,0.002,0.9999999872232803,26.712236820141733,9.410165588788166,2026-03-17 14:06:20.079000
XRPUSDT,1590710148.0,1.499,3.4,,,False,205.34558626330087,0.9911281485902079,43.14585130516951,-0.42214811251582474,0.002,0.9999999872255864,26.75328285271117,9.415131475756878,2026-03-17 14:06:20.079000
XRPUSDT,1590710149.0,1.4991,3.4,,,False,205.54266569061033,0.9911569661696641,43.15848702062503,-0.5115426444038572,0.002,0.9999999872315528,-3102.083296899217,9.420097364041306,2026-03-17 14:06:20.079000
XRPUSDT,1590710150.0,1.4991,3.6,,,False,205.705006355825,0.9911787077245691,43.1708125671311,-0.42074446629988893,0.002,0.9999999872339147,4176.250433826699,9.42506325362912,2026-03-17 14:06:20.079000
XRPUSDT,1590710151.0,1.4991,7.3,,,False,205.86738976657006,0.9912003963000807,43.18313330895079,-0.4201613553207722,0.002,0.9999999872363056,26.8856282794274,9.430029144526126,2026-03-17 14:06:20.079000
XRPUSDT,1590710152.0,1.4991,3.4,,,False,206.02981591169913,0.9912220320229673,43.19544925194907,-0.4195787752211816,0.002,0.9999999872387237,26.92676841185326,9.43499503673011,2026-03-17 14:06:20.079000
XRPUSDT,1590710153.0,1.4991,5.1,,,False,206.19228477996418,0.9912436150197047,43.20776040198114,-0.418996726103391,0.002,0.9999999872411705,26.967947262973972,9.43996093023919,2026-03-17 14:06:20.079000
XRPUSDT,1590710154.0,1.4991,6.7,,,False,206.35479636012604,0.9912651454164791,43.22006676489336,-0.41841520835179713,0.002,0.999999987243645,27.00915165131882,9.444926825050755,2026-03-17 14:06:20.079000
XRPUSDT,1590710155.0,1.4991,3.4,,,False,206.5173506409545,0.9912866233391846,43.232368346523266,-0.417834222347401,0.002,0.999999987246147,27.05038156452963,9.449892721163243,2026-03-17 14:06:20.079000
XRPUSDT,1590710156.0,1.4991,3.4,,,False,206.6799476112282,0.9913080489134258,43.24466515269961,-0.4172537684672095,0.002,0.9999999872486777,27.09163701547293,9.454858618574367,2026-03-17 14:06:20.079000
XRPUSDT,1590710157.0,1.4992,3.4,,,False,206.87744911384857,0.9913362868224974,43.25725637153862,-0.5055985286083904,0.002,0.9999999872548514,-3128.587173973448,9.45982451728392,2026-03-17 14:06:20.081000
XRPUSDT,1590710158.0,1.4992,3.6,,,False,207.04014058312222,0.9913575913424401,43.26954299350572,-0.4158613668465533,0.002,0.999999987257435,4212.118461407545,9.464790417281245,2026-03-17 14:06:20.081000
XRPUSDT,1590710159.0,1.4992,7.3,,,False,207.2028747057179,0.9913788439290636,43.28182485879465,-0.41528277256882357,0.002,0.9999999872600454,27.224652131917356,9.469756318571042,2026-03-17 14:06:20.081000
XRPUSDT,1590710160.0,1.4992,15.0,,,False,207.3656514705613,0.9914000447067264,43.29410197319748,-0.41470471212978843,0.002,0.9999999872626827,27.2660016641909,9.474722221151572,2026-03-17 14:06:20.081000
XRPUSDT,1590710161.0,1.4992,6.7,,,False,207.528470866477,0.9914211937994991,43.30637434249661,-0.4141271856071819,0.002,0.9999999872653477,27.30738991088666,9.47968812502034,2026-03-17 14:06:20.081000
XRPUSDT,1590710162.0,1.4992,3.4,,,False,207.6913328822985,0.9914422913311676,43.31864197246574,-0.41355019335509835,0.002,0.9999999872680393,27.348803696606797,9.484654030175887,2026-03-17 14:06:20.081000
XRPUSDT,1590710163.0,1.4992,4.1,,,False,207.85423750686795,0.9914633374252311,43.3309048688698,-0.4129737357242552,0.002,0.9999999872707575,27.390243011541543,9.489619936615549,2026-03-17 14:06:20.081000
XRPUSDT,1590710164.0,1.4992,3.4,,,False,208.01718472903622,0.9914843322049041,43.34316303746503,-0.4123978130618293,0.002,0.9999999872735026,27.431707852921633,9.494585844337971,2026-03-17 14:06:20.081000
XRPUSDT,1590710165.0,1.4992,3.4,,,False,208.1801745376632,0.9915052757931171,43.355416483998965,-0.41182242571144057,0.002,0.9999999872762734,27.47319821876554,9.49955175334059,2026-03-17 14:06:20.081000
XRPUSDT,1590710166.0,1.4993,3.4,,,False,208.3781489061066,0.9915328780197991,43.36795833935739,-0.4990037973108348,0.002,0.9999999872826703,-3158.490530633641,9.504517663623586,2026-03-17 14:06:20.081000
XRPUSDT,1590710167.0,1.4993,6.7,,,False,208.5412329858842,0.9915537032306541,43.38020172075054,-0.4104426433193104,0.002,0.9999999872854922,4252.593388280242,9.50948357517612,2026-03-17 14:06:20.081000
XRPUSDT,1590710168.0,1.4993,3.7,,,False,208.7043596162576,0.9915744776563493,43.392440398591425,-0.40986912448183177,0.002,0.9999999872883397,27.606964731138113,9.514449488003388,2026-03-17 14:06:20.081000
XRPUSDT,1590710169.0,1.4993,3.6,,,False,208.8675287862324,0.9915952014185924,43.40467437859131,-0.4092961425229173,0.002,0.9999999872912135,27.648549148295874,9.519415402102593,2026-03-17 14:06:20.081000
XRPUSDT,1590710170.0,1.4993,7.3,,,False,209.030740484714,0.9916158746388111,43.416903666451915,-0.4087236974928064,0.002,0.9999999872941128,27.690172312535786,9.524381317472512,2026-03-17 14:06:20.081000
XRPUSDT,1590710171.0,1.4993,248.8,,,False,209.19399470061606,0.9916364974381515,43.4291282678663,-0.40815178971289867,0.002,0.9999999872970381,27.731821003848914,9.529347234110865,2026-03-17 14:06:20.081000
XRPUSDT,1590710172.0,1.4993,3.4,,,False,209.35729142286118,0.9916570699374799,43.441348188518916,-0.4075804195012194,0.002,0.9999999872999892,27.77349521602578,9.534313152015516,2026-03-17 14:06:20.081000
XRPUSDT,1590710173.0,1.4993,5.1,,,False,209.52063064038057,0.9916775922573835,43.45356343408559,-0.4070095871719968,0.002,0.9999999873029652,27.815194963571813,9.53927907118489,2026-03-17 14:06:20.081000
XRPUSDT,1590710174.0,1.4993,3.4,,,False,209.68401234211402,0.9916980645181708,43.46577401023354,-0.4064392930364591,0.002,0.9999999873059664,27.856920223105924,9.54424499161666,2026-03-17 14:06:20.081000
XRPUSDT,1590710175.0,1.4993,3.4,,,False,209.84743651701004,0.9917184868398714,43.47797992262137,-0.4058695374020279,0.002,0.9999999873089928,27.89867101219881,9.54921091330879,2026-03-17 14:06:20.081000
XRPUSDT,1590710176.0,1.4994,3.4,,,False,210.04593417522,0.9917454016341494,43.49046773585115,-0.4917772554038815,0.004,0.9999999873156233,-3191.840038405327,9.554176847173059,2026-03-17 14:06:20.085000
XRPUSDT,1590710177.0,1.4994,3.4,,,False,210.2094526103764,0.9917657084759351,43.502663714995464,-0.4045043513511596,0.004,0.9999999873186978,4297.709361868634,9.55914278225951,2026-03-17 14:06:20.085000
XRPUSDT,1590710178.0,1.4994,6.7,,,False,210.37301348267255,0.9917859657753437,43.5148550485841,-0.40393646992891585,0.004,0.9999999873217964,28.033421967554535,9.564108718579485,2026-03-17 14:06:20.085000
XRPUSDT,1590710179.0,1.4994,3.4,,,False,210.53661678131036,0.9918061736512095,43.5270417422408,-0.40336912869225017,0.004,0.9999999873249193,28.075253452387607,9.569074656130882,2026-03-17 14:06:20.085000
XRPUSDT,1590710180.0,1.4994,3.7,,,False,210.7002624952834,0.9918263322220919,43.539223801579,-0.40280232739435495,0.004,0.999999987328067,28.117136933988558,9.574040594912564,2026-03-17 14:06:20.085000
XRPUSDT,1590710181.0,1.4994,7.3,,,False,210.863950613594,0.9918464416062771,43.55140123220362,-0.4022360663216157,0.004,0.9999999873312382,28.159045922289156,9.579006534922275,2026-03-17 14:06:20.085000
XRPUSDT,1590710182.0,1.4994,15.0,,,False,211.02768112525274,0.9918665019217752,43.563574039711014,-0.40167034575652494,0.004,0.9999999873344343,28.200980445468996,9.583972476157909,2026-03-17 14:06:20.085000
XRPUSDT,1590710183.0,1.4994,4.1,,,False,211.19145401927895,0.9918865132863245,43.57574222968908,-0.40110516597832696,0.004,0.9999999873376545,28.242940495386495,9.588938418617841,2026-03-17 14:06:20.085000
XRPUSDT,1590710184.0,1.4994,912.3,,,False,211.3552692847005,0.9919064758173903,43.587905807717185,-0.40054052726340117,0.004,0.9999999873408981,28.284926047876528,9.593904362299702,2026-03-17 14:06:20.085000
XRPUSDT,1590710185.0,1.4994,1462.5,,,False,211.51912691055378,0.9919263896321657,43.60006477936623,-0.3999764298840423,0.004,0.9999999873441646,28.326937139930106,9.59887030720237,2026-03-17 14:06:20.085000
XRPUSDT,1590710186.0,1.4994,3.5,,,False,211.68302688588358,0.9919462548475726,43.612219150198605,-0.39941287410975396,0.004,0.9999999873474554,28.368973743599312,9.603836253323108,2026-03-17 14:06:20.085000
XRPUSDT,1590710187.0,1.4994,66.7,,,False,211.8469691997432,0.9919660715802615,43.624368925768266,-0.3988498602064489,0.004,0.9999999873507694,28.411035872728338,9.60880220066023,2026-03-17 14:06:20.085000
XRPUSDT,1590710188.0,1.4994,4956.0,,,False,212.01095384119455,0.9919858399466126,43.636514111620684,-0.3982873884367126,0.004,0.9999999873541076,28.453123528099578,9.613768149212714,2026-03-17 14:06:20.085000
XRPUSDT,1590710189.0,1.4994,248.8,,,False,212.17498079930797,0.9920055600627364,43.648654713292906,-0.39772545906033296,0.004,0.9999999873574685,28.49523668374681,9.61873409897717,2026-03-17 14:06:20.085000
XRPUSDT,1590710190.0,1.4994,400.0,,,False,212.33905006316232,0.9920252320444743,43.66079073631353,-0.3971640723330005,0.004,0.9999999873608524,28.53737538046602,9.62370004995293,2026-03-17 14:06:20.085000
XRPUSDT,1590710191.0,1.4994,200.0,,,False,212.50316162184478,0.9920448560073988,43.67292218620274,-0.39660322850768204,0.004,0.9999999873642589,28.57953959035615,9.628666002137697,2026-03-17 14:06:20.085000
XRPUSDT,1590710192.0,1.4994,3663.5,,,False,212.66731546445106,0.9920644320668142,43.68504906847229,-0.3960429278338839,0.004,0.9999999873676885,28.621729323004807,9.63363195552944,2026-03-17 14:06:20.085000
XRPUSDT,1590710193.0,1.4994,4225.9,,,False,212.83151158008528,0.992083960337758,43.697171388625534,-0.39548317055798915,0.004,0.9999999873711408,28.663944570600847,9.638597910127011,2026-03-17 14:06:20.085000
XRPUSDT,1590710194.0,1.4994,133.4,,,False,212.9957499578601,0.992103440935,43.70928915215744,-0.39492395692307886,0.004,0.9999999873746159,28.706185337316004,9.643563865927392,2026-03-17 14:06:20.085000
XRPUSDT,1590710195.0,1.4994,2629.2,,,False,213.16003058689648,0.992122873973044,43.72140236455458,-0.39436528716879915,0.004,0.9999999873781132,28.748451632505233,9.648529822929511,2026-03-17 14:06:20.085000
XRPUSDT,1590710196.0,1.4994,2240.5,,,False,213.32435345632373,0.9921422595661282,43.73351103129516,-0.3938071615318455,0.004,0.9999999873816331,28.790743441719638,9.653495781131353,2026-03-17 14:06:20.085000
XRPUSDT,1590710197.0,1.4994,3.4,,,False,213.48871855527966,0.9921615978282257,43.74561515784902,-0.39324958024567225,0.004,0.9999999873851754,28.833060766468268,9.658461740530983,2026-03-17 14:06:20.085000
XRPUSDT,1590710198.0,1.4994,3.4,,,False,213.65312587291046,0.992180888873044,43.75771474967768,-0.3926925435403499,0.004,0.9999999873887392,28.875403616944496,9.663427701126734,2026-03-17 14:06:20.085000
XRPUSDT,1590710199.0,1.4994,3.4,,,False,213.81757539837065,0.9922001328140273,43.769809812234264,-0.392136051642945,0.004,0.999999987392326,28.917771982775378,9.668393662916685,2026-03-17 14:06:20.085000
XRPUSDT,1590710200.0,1.4994,3.4,,,False,213.98206712082305,0.9922193297643565,43.781900350963596,-0.391580104777158,0.004,0.999999987395934,28.960165872956477,9.673359625898826,2026-03-17 14:06:20.085000
XRPUSDT,1590710201.0,1.4995,3.4,,,False,214.1818568402812,0.9922446291745826,43.794257467300596,-0.4744459005253894,0.027,0.9999999874030938,-3275.404248859219,9.67832571114978,2026-03-17 14:06:20.112000
XRPUSDT,1590710202.0,1.4995,6.7,,,False,214.34644465049118,0.9922637174648327,43.80633840271915,-0.3902549086392939,0.027,0.9999999874067409,4410.609372709263,9.683291797267259,2026-03-17 14:06:20.112000
XRPUSDT,1590710203.0,1.4995,5.1,,,False,214.51107461767026,0.992282759138489,43.81841483168835,-0.3897008230366972,0.027,0.9999999874104096,29.098576763684928,9.688257884338284,2026-03-17 14:06:20.112000
XRPUSDT,1590710204.0,1.4995,3.7,,,False,214.67574673245772,0.9923017543075998,43.830486759629146,-0.3891472867555858,0.027,0.9999999874140982,29.140897766209587,9.693223972360927,2026-03-17 14:06:20.112000
XRPUSDT,1590710205.0,1.4995,181.2,,,False,214.84046098406318,0.9923207030839533,43.84255419194312,-0.38859429659635525,0.027,0.999999987417806,29.183423188696995,9.698190061333978,2026-03-17 14:06:20.112000
XRPUSDT,1590710206.0,1.4995,6.6,,,False,215.00521736170452,0.9923396055790772,43.85461713402361,-0.3880418527630621,0.001,0.999999987421534,29.2259741198831,9.703156015442978,2026-03-17 14:06:20.113000
XRPUSDT,1590710207.0,1.4995,12.3,,,False,215.17001284617115,0.9923584619042405,43.86667556846846,-0.3874828990342797,0.037,0.9999999874252841,29.642771003460606,9.708122158543604,2026-03-17 14:06:20.150000
XRPUSDT,1590710208.0,1.4995,3.6,,,False,215.3348546000798,0.9923772721704525,43.878729555023135,-0.3869413248259447,0.037,0.9999999874290516,28.79141646544942,9.713088302489266,2026-03-17 14:06:20.150000
XRPUSDT,1590710209.0,1.4995,3.6,,,False,215.49973844608104,0.9923960364884652,43.890779067419594,-0.38639050819759346,0.037,0.9999999874328387,29.354470968648123,9.71805444727877,2026-03-17 14:06:20.150000
XRPUSDT,1590710210.0,1.4995,3.6,,,False,215.66466437342717,0.9924147549687725,43.90282411101845,-0.3858402387213842,0.037,0.9999999874366453,29.39712344030531,9.723020592910919,2026-03-17 14:06:20.150000
XRPUSDT,1590710211.0,1.4995,3.6,,,False,215.82963237137878,0.9924334277216108,43.91486469117213,-0.3852905165856357,0.037,0.9999999874404697,29.439801432024304,9.727986739383946,2026-03-17 14:06:20.150000
XRPUSDT,1590710212.0,1.4995,3.6,,,False,215.9946424292048,0.9924520548569608,43.92690081322484,-0.38474134197660065,0.037,0.9999999874443131,29.482504889652827,9.732952886697108,2026-03-17 14:06:20.150000
XRPUSDT,1590710213.0,1.4995,3.4,,,False,216.1596945361824,0.9924706364845465,43.938932482512605,-0.38419271507616987,0.037,0.9999999874481749,29.5252338849106,9.737919034848568,2026-03-17 14:06:20.150000
XRPUSDT,1590710214.0,1.4995,207.0,,,False,216.3247886815969,0.9924891727138362,43.95095970436326,-0.3836446360637656,0.037,0.9999999874520556,29.56798838847344,9.742885183837718,2026-03-17 14:06:20.150000
XRPUSDT,1590710215.0,1.4995,470.2,,,False,216.48992485474187,0.992507663654044,43.96298248409646,-0.38309710511576306,0.017,0.9999999874559536,29.61076840062888,9.747851230523228,2026-03-17 14:06:20.167000
XRPUSDT,1590710216.0,1.4995,7.5,,,False,216.65510075501442,0.9925261094141292,43.97500081005656,-0.3825448320002216,0.011,0.9999999874598716,29.940382667291715,9.752817247345565,2026-03-17 14:06:20.178000
XRPUSDT,1590710217.0,1.4995,714.9,,,False,216.8203179787378,0.9925445101027972,43.98701469954942,-0.38199684047325777,0.007,0.9999999874638091,29.78103357170845,9.757783244691687,2026-03-17 14:06:20.185000
XRPUSDT,1590710218.0,1.4995,7.4,,,False,216.98557674546745,0.9925628658285013,43.999024159604595,-0.3814499355734381,0.004,0.9999999874677669,29.794784942672113,9.762749227764317,2026-03-17 14:06:20.189000
XRPUSDT,1590710219.0,1.4995,6.7,,,False,217.15087715980908,0.9925811766994402,44.01102919638115,-0.38090384962034474,0.01,0.9999999874717443,29.823046370320125,9.767715242761126,2026-03-17 14:06:20.199000
XRPUSDT,1590710220.0,1.4995,3.6,,,False,217.31622023760397,0.9925994428235619,44.0230298227077,-0.38036067206309987,0.132,0.9999999874757405,29.736880885393727,9.772681883524045,2026-03-17 14:06:20.331000
XRPUSDT,1590710221.0,1.4995,3.5,,,False,217.4816191699245,0.9926176643085622,44.035026140447265,-0.3798482798370995,0.132,0.9999999874797496,28.1202232415112,9.777648524171717,2026-03-17 14:06:20.331000
XRPUSDT,1590710222.0,1.4995,3.6,,,False,217.64706003976866,0.9926358412618856,44.047018052578316,-0.37930447093274666,0.132,0.9999999874837705,29.917494680076427,9.782615164704163,2026-03-17 14:06:20.331000
XRPUSDT,1590710223.0,1.4995,3.4,,,False,217.8125428365054,0.992653973790727,44.05900556435784,-0.37876121177450706,0.132,0.999999987487804,29.96047396334457,9.78758180512222,2026-03-17 14:06:20.331000
XRPUSDT,1590710224.0,1.4995,3.6,,,False,217.97806754951543,0.9926720620020301,44.07098868103474,-0.37821850251964506,0.132,0.9999999874918493,30.003478274747053,9.792548445425126,2026-03-17 14:06:20.331000
XRPUSDT,1590710225.0,1.4995,3.6,,,False,218.14363416818762,0.9926901060024901,44.08296740784987,-0.37767634331394884,0.132,0.9999999874959069,30.046508084369172,9.797515085613618,2026-03-17 14:06:20.331000
XRPUSDT,1590710226.0,1.4995,3.6,,,False,218.30924268191896,0.9927081058985526,44.09494175003599,-0.3771347343003783,0.132,0.9999999874999758,30.089563389059705,9.802481725687578,2026-03-17 14:06:20.331000
XRPUSDT,1590710227.0,1.4995,3.6,,,False,218.47489308011436,0.9927260617964158,44.10691171281784,-0.3765936756188362,0.132,0.9999999875040572,30.132644196703776,9.807448365647463,2026-03-17 14:06:20.331000
XRPUSDT,1590710228.0,1.4995,5.3,,,False,218.640585352187,0.9927439738020292,44.118877301412084,-0.37605316740672645,0.132,0.99999998750815,30.175750486879572,9.812415005493309,2026-03-17 14:06:20.331000
XRPUSDT,1590710229.0,1.4994,7.5,,,True,218.7708134033815,0.992756100150595,44.130583572858455,-0.2953040983722828,0.125,0.999999987508782,6658.976409591867,9.817381609740982,2026-03-17 14:06:20.456000
XRPUSDT,1590710230.0,1.4994,734.5,,,True,218.93657961767224,0.9927739387254609,44.14254098189266,-0.3751860920944252,0.293,0.9999999875129009,-4478.047956327075,9.822349062673775,2026-03-17 14:06:20.749000
XRPUSDT,1590710231.0,1.4994,504.0,,,True,219.10240658726025,0.9927917336906351,44.154494166376374,-0.3746896108395895,0.293,0.9999999875170225,27.900097020483706,9.82731651391355,2026-03-17 14:06:20.749000
XRPUSDT,1590710232.0,1.4994,120.0,,,True,219.26827536467124,0.9928094851511604,44.16644299547178,-0.37415085304762763,0.293,0.9999999875211475,30.350054362804986,9.832283963462881,2026-03-17 14:06:20.749000
XRPUSDT,1590710233.0,1.4994,1976.8,,,True,219.4341859393697,0.9928271932118339,44.178387474361486,-0.3736126470868655,0.293,0.9999999875252735,30.393275169225102,9.837251411323107,2026-03-17 14:06:20.749000
XRPUSDT,1590710234.0,1.4994,3.4,,,True,219.60013830083872,0.9928448579772096,44.19032760822015,-0.3730749931009806,0.827,0.9999999875294031,30.436520069783356,9.842221538514988,2026-03-17 14:06:21.576000
XRPUSDT,1590710235.0,1.4994,5.1,,,True,219.76619223900136,0.9928624795515955,44.20226382551118,-0.37267177110553495,0.827,0.9999999875335068,22.882291140136125,9.847191658811612,2026-03-17 14:06:21.576000
XRPUSDT,1590710236.0,1.4994,3.6,,,True,219.9322878567557,0.9928800580390563,44.21419570541705,-0.37213457530700694,0.182,0.9999999875375836,30.559841950218615,9.852158543235145,2026-03-17 14:06:21.758000
XRPUSDT,1590710237.0,1.4994,0.1,,,True,220.0983530845063,0.9928975935434139,44.22612274552378,-0.3714371551873956,0.182,0.9999999875416662,39.771888243995924,9.857125427063478,2026-03-17 14:06:21.758000
XRPUSDT,1590710238.0,1.4994,3.5,,,True,220.26446007492547,0.9929150861682475,44.2380454617774,-0.3709018446923201,0.182,0.9999999875457583,30.60206802389807,9.862092310297617,2026-03-17 14:06:21.758000
XRPUSDT,1590710239.0,1.4994,0.2,,,True,220.43060881754582,0.9929325360168942,44.249963859310334,-0.3703670863446497,0.182,0.999999987549859,30.64544332143557,9.867059192939854,2026-03-17 14:06:21.758000
XRPUSDT,1590710240.0,1.4994,3.4,,,True,220.59679930188213,0.9929499431924491,44.26187794324691,-0.36983288019028937,0.182,0.9999999875539679,30.688847405275048,9.87202607499013,2026-03-17 14:06:21.758000
XRPUSDT,1590710241.0,1.4994,0.3,,,True,220.76303151745697,0.9929673077977668,44.27378771870354,-0.36929922633002377,0.182,0.9999999875580865,30.732276979725434,9.876992956449484,2026-03-17 14:06:21.758000
XRPUSDT,1590710242.0,1.4994,3.3,,,True,220.9293054538011,0.992984629935461,44.285693190788734,-0.3687661248621366,0.182,0.9999999875622132,30.775732031312344,9.881959837319219,2026-03-17 14:06:21.758000
XRPUSDT,1590710243.0,1.4994,0.4,,,True,221.09562110045306,0.9930019097079057,44.29759436460311,-0.36823357588151445,0.182,0.9999999875663491,30.81921259822423,9.886926717600211,2026-03-17 14:06:21.758000
XRPUSDT,1590710244.0,1.4994,3.2,,,True,221.26197844695915,0.9930191472172353,44.30949124523942,-0.3677015794812125,0.182,0.9999999875704929,30.862718628900918,9.891893597293137,2026-03-17 14:06:21.758000
XRPUSDT,1590710245.0,1.4994,0.5,,,True,221.42837748287388,0.9930363425653455,44.32138383778252,-0.3671701357509314,0.182,0.9999999875746463,30.90625015998336,9.89686047639899,2026-03-17 14:06:21.758000
XRPUSDT,1590710246.0,1.4994,3.1,,,True,221.59481819775948,0.9930534958538927,44.33327214730942,-0.36663924477790877,0.182,0.9999999875788073,30.949807178999006,9.90182735491885,2026-03-17 14:06:21.758000
XRPUSDT,1590710247.0,1.4994,0.6,,,True,221.76130058118622,0.9930706071842963,44.34515617888928,-0.36610890664672713,0.182,0.9999999875829775,30.993389682302713,9.906794232853326,2026-03-17 14:06:21.758000
XRPUSDT,1590710248.0,1.4994,3.7,,,True,221.9278246227319,0.993087676657738,44.35703593758344,-0.365579121438752,0.182,0.999999987587156,31.036997701438136,9.911761110203768,2026-03-17 14:06:21.758000
XRPUSDT,1590710249.0,1.4994,3.7,,,True,222.09439031198255,0.9931047043751624,44.36891142844538,-0.36504988923379245,0.182,0.9999999875913426,31.08063117145451,9.916727986970942,2026-03-17 14:06:21.758000
XRPUSDT,1590710250.0,1.4994,3.7,,,True,222.26099763853182,0.9931216904372787,44.38078265652076,-0.3645212101079195,0.182,0.9999999875955381,31.124290153475776,9.92169486315596,2026-03-17 14:06:21.758000
XRPUSDT,1590710251.0,1.4994,3.7,,,True,222.4276465919814,0.9931386349445595,44.392649626847465,-0.36399308413482745,0.182,0.9999999875997424,31.167974632844995,9.926661738759258,2026-03-17 14:06:21.758000
XRPUSDT,1590710252.0,1.4994,3.7,,,True,222.59433716194064,0.993155537997242,44.40451234445556,-0.36346551138593264,0.182,0.9999999876039546,31.21168458759189,9.931628613782266,2026-03-17 14:06:21.758000
XRPUSDT,1590710253.0,1.4994,3.7,,,True,222.7610693380268,0.9931723996953288,44.41637081436735,-0.36293849192971306,0.001,0.9999999876081744,31.25542003580721,9.936594604118405,2026-03-17 14:06:21.759000
XRPUSDT,1590710254.0,1.4994,3.7,,,True,222.92782329582622,0.9931892201385885,44.428224907720384,-0.36236907421015685,0.001,0.9999999876124119,33.85271783658408,9.941560595600189,2026-03-17 14:06:21.759000
XRPUSDT,1590710255.0,1.4994,3.7,,,True,223.0946188677778,0.9932059994265553,44.440074764247406,-0.36184336996110267,0.001,0.9999999876166676,31.330545735499786,9.946526588225892,2026-03-17 14:06:21.759000
XRPUSDT,1590710256.0,1.4994,3.7,,,True,223.26145604349546,0.9932227376585309,44.45192038894343,-0.3613182185044397,0.001,0.9999999876209412,31.374368417738964,9.951492581993554,2026-03-17 14:06:21.759000
XRPUSDT,1590710257.0,1.4994,176.1,,,True,223.42833481260084,0.9932394349335838,44.46376178679576,-0.36079361989976977,0.009,0.9999999876252308,31.418216625574797,9.956458615752084,2026-03-17 14:06:21.768000
XRPUSDT,1590710258.0,1.4994,3.4,,,True,223.5952560362754,0.9932560913505503,44.47559896861534,-0.36027145068120336,0.009,0.9999999876295393,31.349432451030907,9.961424650573456,2026-03-17 14:06:21.768000
XRPUSDT,1590710259.0,1.4994,3.6,,,True,223.762218831337,0.9932727070080352,44.48743193350567,-0.3597479488336207,0.009,0.9999999876338642,31.5065382190552,9.96639068645603,2026-03-17 14:06:21.768000
XRPUSDT,1590710260.0,1.4994,3.6,,,True,223.9292231874318,0.993289282004412,44.49926068643111,-0.3592250000318149,0.009,0.9999999876382054,31.550462510860473,9.971356723398557,2026-03-17 14:06:21.768000
XRPUSDT,1590710261.0,1.4994,3.6,,,True,224.09626909421357,0.9933058164378239,44.51108523234829,-0.3587026043251335,0.009,0.9999999876425645,31.594412319337355,9.976322761399258,2026-03-17 14:06:21.768000
XRPUSDT,1590710262.0,1.4994,3.6,,,True,224.26335654134385,0.9933223104061825,44.52290557620625,-0.3581807617604331,0.009,0.99999998764694,31.63838764304212,9.981288800456676,2026-03-17 14:06:21.768000
XRPUSDT,1590710263.0,1.4994,3.6,,,True,224.43048551849193,0.9933387640071714,44.53472172294627,-0.35765947238178364,0.009,0.9999999876513318,31.68238849363407,9.986254840568808,2026-03-17 14:06:21.768000
XRPUSDT,1590710264.0,1.4994,3.6,,,True,224.59765601533476,0.9933551773382443,44.54653367750204,-0.3571387362309528,0.009,0.9999999876557405,31.726414858549884,9.991220881734394,2026-03-17 14:06:21.768000
XRPUSDT,1590710265.0,1.4994,3.4,,,True,224.76486802155705,0.9933715504966256,44.55834144479958,-0.35661855334695747,0.009,0.9999999876601655,31.770466752997695,9.996186923952145,2026-03-17 14:06:21.768000
XRPUSDT,1590710266.0,1.4994,3.6,,,True,224.93212152685112,0.9933878835793134,44.570145029757285,-0.3560989237665969,0.009,0.9999999876646071,31.81454415517745,10.001152967220042,2026-03-17 14:06:21.768000
XRPUSDT,1590710267.0,1.4994,3.6,,,False,225.09941652091703,0.9934041766830767,44.58194443728592,-0.35557984752385097,0.838,0.9999999876690651,31.858647086990807,10.006122979185223,2026-03-17 14:06:22.606000
XRPUSDT,1590710268.0,1.4993,3.4,,,True,225.23098523918677,0.993415206687966,44.59350605739551,-0.2793942571626563,1.655,0.99999998767011,6907.122084312494,10.011096887696036,2026-03-17 14:06:24.261000
XRPUSDT,1590710269.0,1.4993,3.6,,,True,225.39853118613647,0.9934314329092713,44.60529879160621,-0.3551213292924473,1.655,0.9999999876744858,-4666.956693438103,10.016070786837808,2026-03-17 14:06:24.261000
XRPUSDT,1590710270.0,1.4993,6.7,,,True,225.56611841819685,0.9934476194097178,44.61708735520476,-0.35460201363928956,1.655,0.9999999876787943,32.08325696296561,10.02104467164192,2026-03-17 14:06:24.261000
XRPUSDT,1590710271.0,1.4993,3.6,,,True,225.7337468414078,0.9934637662852418,44.6288717525597,-0.3540830798915414,1.655,0.9999999876830354,32.13833827958982,10.026018542130853,2026-03-17 14:06:24.261000
XRPUSDT,1590710272.0,1.4993,3.6,,,True,225.90141644575328,0.9934798736315542,44.64065198858025,-0.35356470582992117,1.655,0.9999999876872095,32.18246206209947,10.030992398326816,2026-03-17 14:06:24.261000
XRPUSDT,1590710273.0,1.4993,1040.1,,,True,226.06912722122527,0.9934959415441409,44.65242806816799,-0.35304689146005197,1.655,0.9999999876913166,32.226611084404944,10.035966240251957,2026-03-17 14:06:24.261000
XRPUSDT,1590710274.0,1.4993,1040.1,,,True,226.2368791578232,0.9935119701182636,44.66419999621678,-0.35252963678425614,1.655,0.9999999876953578,32.27078540078315,10.040940067928938,2026-03-17 14:06:24.261000
XRPUSDT,1590710275.0,1.4993,3.6,,,True,226.40467224555437,0.9935279594489603,44.67596777761278,-0.35201294180316767,1.655,0.9999999876993326,32.31498496654116,10.045913881379498,2026-03-17 14:06:24.261000
XRPUSDT,1590710276.0,1.4993,3.6,,,True,226.57250647443354,0.9935439096310454,44.68773141723454,-0.35149680651411497,1.655,0.9999999877032401,32.35920983839284,10.050887680625703,2026-03-17 14:06:24.261000
XRPUSDT,1590710277.0,1.4993,3.6,,,True,226.74038183448317,0.993559820759111,44.69949091995287,-0.35098123091280536,1.655,0.9999999877070831,32.40345996751167,10.055861465690286,2026-03-17 14:06:24.261000
XRPUSDT,1590710278.0,1.4993,1112.4,,,True,226.90829831573345,0.9935756929275257,44.71124629063101,-0.35046621499215985,1.655,0.9999999877108595,32.44773538116971,10.060835236595262,2026-03-17 14:06:24.261000
XRPUSDT,1590710279.0,1.4993,406.0,,,True,227.07625590822207,0.9935915262304373,44.72299753412452,-0.34995175874268913,1.655,0.9999999877145701,32.492036079966205,10.065808993362241,2026-03-17 14:06:24.261000
XRPUSDT,1590710280.0,1.4993,7.3,,,True,227.24425460199416,0.993607320761772,44.73474465528134,-0.34943786215268313,1.655,0.9999999877182161,32.53636205568216,10.07078273601353,2026-03-17 14:06:24.261000
XRPUSDT,1590710281.0,1.4993,6668.7,,,True,227.41229438710275,0.9936230766152344,44.74648765894181,-0.3489245252081052,1.655,0.9999999877217971,32.58071330786381,10.075756464571581,2026-03-17 14:06:24.261000
XRPUSDT,1590710282.0,1.4993,795.6,,,True,227.5803752536083,0.9936387938843106,44.75822654993866,-0.3484117478922376,1.655,0.9999999877253133,32.62508985374623,10.080730179057683,2026-03-17 14:06:24.261000
XRPUSDT,1590710283.0,1.4993,3.4,,,True,227.74849719157882,0.993654472662265,44.76996133309704,-0.34789953018639486,1.655,0.9999999877287639,32.669491674218676,10.085703879494389,2026-03-17 14:06:24.261000
XRPUSDT,1590710284.0,1.4993,3.6,,,True,227.91666019108982,0.993670113042143,44.7816920132345,-0.3473878720693005,1.655,0.9999999877321505,32.71391878492807,10.090677565903867,2026-03-17 14:06:24.261000
XRPUSDT,1590710285.0,1.4993,3.6,,,True,228.0848642422245,0.9936857151167712,44.79341859516101,-0.34687677351756296,1.655,0.9999999877354734,32.75837117300393,10.09565123830738,2026-03-17 14:06:24.261000
XRPUSDT,1590710286.0,1.4993,3.4,,,True,228.25310933507362,0.993701278978758,44.80514108367902,-0.34636623450529896,1.655,0.9999999877387313,32.80284884913525,10.100624896727252,2026-03-17 14:06:24.261000
XRPUSDT,1590710287.0,1.4992,1112.4,,,True,228.38536758615578,0.9937118149835382,44.81663471669042,-0.27203558984456827,1.655,0.9999999877385711,7054.9175148959,10.105598539970739,2026-03-17 14:06:24.261000
XRPUSDT,1590710288.0,1.4992,3.4,,,True,228.55368585003072,0.9937273149189705,44.82834952875771,-0.34554661495037264,1.655,0.999999987741704,-4742.666537358501,10.110572174127702,2026-03-17 14:06:24.261000
XRPUSDT,1590710289.0,1.4992,3.4,,,True,228.72204521043386,0.9937427768887261,44.84006026123808,-0.3450376724752751,1.655,0.9999999877447734,32.91575932046155,10.115545794361143,2026-03-17 14:06:24.261000
XRPUSDT,1590710290.0,1.4992,3.6,,,True,228.89044557512673,0.9937582009846139,44.8517669183919,-0.34452912060769963,1.655,0.9999999877477797,32.97125946812175,10.120519400691938,2026-03-17 14:06:24.261000
XRPUSDT,1590710291.0,1.4992,6.7,,,True,229.05888693423552,0.993773587298226,44.86346950498603,-0.3440211282550768,1.655,0.999999987750723,33.01585847202375,10.125492993142615,2026-03-17 14:06:24.261000
XRPUSDT,1590710292.0,1.4992,3.7,,,True,229.22736927789413,0.99378893592094,44.87516802577986,-0.3435136953788557,1.655,0.9999999877536034,33.06048273358735,10.130466571735251,2026-03-17 14:06:24.261000
XRPUSDT,1590710293.0,1.4992,5.1,,,True,229.3958925962441,0.9938042469439179,44.88686248552525,-0.34300682193786103,1.655,0.9999999877564213,33.10513227795221,10.135440136490907,2026-03-17 14:06:24.261000
XRPUSDT,1590710294.0,1.4992,3.6,,,True,229.56445687943446,0.9938195204581057,44.89855288896662,-0.34250050788859543,1.655,0.9999999877591773,33.14980711306494,10.14041368743126,2026-03-17 14:06:24.261000
XRPUSDT,1590710295.0,1.4992,3.6,,,True,229.73306211762142,0.9938347565542367,44.910239240840916,-0.34199475318493844,1.655,0.9999999877618705,33.19450726154756,10.145387224579077,2026-03-17 14:06:24.261000
XRPUSDT,1590710296.0,1.4992,7.3,,,True,229.90170830096875,0.99384995532283,44.92192154587762,-0.34148955777900886,1.655,0.9999999877645026,33.23923269353764,10.150360747954707,2026-03-17 14:06:24.261000
XRPUSDT,1590710297.0,1.4992,4.1,,,True,230.07039541964792,0.9938651168541905,44.93359980879879,-0.3409849216209476,1.655,0.9999999877670723,33.28398339603436,10.15533425758034,2026-03-17 14:06:24.261000
XRPUSDT,1590710298.0,1.4992,3.4,,,True,230.23912346383742,0.9938802412384125,44.94527403431904,-0.34048084465776113,1.655,0.9999999877695809,33.32875942521199,10.160307753478119,2026-03-17 14:06:24.261000
XRPUSDT,1590710299.0,1.4992,3.6,,,True,230.40789242372335,0.9938953285653751,44.95694422714556,-0.33997732683488713,1.655,0.9999999877720279,33.37356074542278,10.165281235668758,2026-03-17 14:06:24.261000
XRPUSDT,1590710300.0,1.4992,3.4,,,True,230.57670228949905,0.9939103789247477,44.968610391978146,-0.33947436809539333,1.655,0.9999999877744149,33.41838736496838,10.170254704174797,2026-03-17 14:06:24.261000
XRPUSDT,1590710301.0,1.4991,3.4,,,True,230.70939915922162,0.9939205670041708,44.9800544322593,-0.26661171844011955,1.655,0.999999987773407,7151.755166931561,10.175228157834386,2026-03-17 14:06:24.261000
XRPUSDT,1590710302.0,1.4991,7.3,,,True,230.87828195508015,0.993935555520762,44.991713037028944,-0.33866653190296037,1.655,0.9999999877756733,-4807.334536701771,10.180201602618872,2026-03-17 14:06:24.261000
XRPUSDT,1590710303.0,1.4991,6.7,,,True,231.0472057109602,0.9939505073088845,45.003367627324266,-0.33816516418119946,1.655,0.9999999877778797,33.532291766931095,10.185175033777412,2026-03-17 14:06:24.261000
XRPUSDT,1590710304.0,1.4991,242.0,,,True,231.21617033569188,0.9939654224574316,45.01501820732636,-0.3376641923507676,1.655,0.9999999877800254,33.58812209272128,10.190148451330286,2026-03-17 14:06:24.261000
XRPUSDT,1590710305.0,1.4991,3.4,,,True,231.38517581950353,0.9939803010550866,45.02666478170013,-0.33716377943304443,1.655,0.9999999877821114,33.63307008667727,10.195121855300687,2026-03-17 14:06:24.261000
XRPUSDT,1590710306.0,1.4991,3.4,,,True,231.55422215263118,0.9939951431903243,45.03830735510317,-0.3366639253594467,1.655,0.9999999877841378,33.678043326758484,10.200095245708578,2026-03-17 14:06:24.261000
XRPUSDT,1590710307.0,1.4991,3.6,,,True,231.7233093253181,0.9940099489514098,45.0499459321857,-0.33616463005787084,1.655,0.9999999877861048,33.723041908705184,10.205068622575801,2026-03-17 14:06:24.261000
XRPUSDT,1590710308.0,1.4991,3.4,,,True,231.89243732781503,0.9940247184264004,45.06158051759064,-0.33566589345507125,1.655,0.9999999877880118,33.76806576523115,10.21004198592416,2026-03-17 14:06:24.261000
XRPUSDT,1590710309.0,1.4991,1462.5,,,True,232.06160615037987,0.9940394517031462,45.07321111595358,-0.3351677154750049,1.655,0.9999999877898604,33.81311494112118,10.215015335774888,2026-03-17 14:06:24.261000
XRPUSDT,1590710310.0,1.4991,2787.5,,,True,232.23081578327793,0.9940541488692882,45.08483773190281,-0.33467009603997494,1.655,0.9999999877916502,33.858189410271315,10.219988672148773,2026-03-17 14:06:24.261000
XRPUSDT,1590710311.0,1.4991,3.7,,,True,232.40006621678168,0.9940688100122619,45.09646037005931,-0.33417303506969576,1.655,0.9999999877933814,33.9032892027724,10.224961995067646,2026-03-17 14:06:24.261000
XRPUSDT,1590710312.0,1.4991,667.0,,,True,232.56935744117115,0.9940834352192964,45.10807903503681,-0.33367653248208934,1.655,0.9999999877950536,33.94841429824676,10.2299353045525,2026-03-17 14:06:24.261000
XRPUSDT,1590710313.0,1.4991,828.5,,,True,232.73868944673333,0.9940980245774136,45.11969373144172,-0.3331805881930694,1.655,0.9999999877966679,33.99356469540219,10.234908600624545,2026-03-17 14:06:24.261000
XRPUSDT,1590710314.0,1.4991,3.4,,,True,232.9080622237626,0.994112578173432,45.131304463873235,-0.33268520211617714,1.655,0.9999999877982247,34.03874040923897,10.239881883305403,2026-03-17 14:06:24.261000
XRPUSDT,1590710315.0,1.4991,3.4,,,True,233.0774757625606,0.994127096093963,45.14291123692326,-0.33219037416292185,1.655,0.9999999877997233,34.08394144323108,10.244855152616234,2026-03-17 14:06:24.261000
XRPUSDT,1590710316.0,1.4991,3.4,,,True,233.2469300534363,0.9941415784254144,45.154514055176485,-0.33169610424323337,1.655,0.9999999878011646,34.129167761904746,10.249828408577462,2026-03-17 14:06:24.261000
XRPUSDT,1590710317.0,1.4991,3.4,,,True,233.41642508670577,0.9941560252539899,45.16611292321036,-0.3312023922641567,1.655,0.9999999878025485,34.17441942326854,10.254801651211094,2026-03-17 14:06:24.261000
XRPUSDT,1590710318.0,1.499,1800.0,,,True,233.54965496686842,0.9941658044863892,45.17749762167436,-0.2601039698836939,1.655,0.9999999878005646,7270.347965703585,10.259774879393895,2026-03-17 14:06:24.261000
XRPUSDT,1590710319.0,1.499,3.4,,,True,233.71922264020105,0.9941801919233915,45.18908906808295,-0.3304089572049492,1.655,0.9999999878018361,-4886.55396443598,10.264748098953286,2026-03-17 14:06:24.261000
XRPUSDT,1590710320.0,1.499,15.0,,,True,233.88883110921168,0.9941945440873946,45.200676577432475,-0.32991682811728906,1.655,0.9999999878030502,34.289539023697564,10.269721305242731,2026-03-17 14:06:24.261000
XRPUSDT,1590710321.0,1.499,6.7,,,True,234.05848028403878,0.9942088610638556,45.21226015380897,-0.32942510057701213,1.655,0.9999999878042085,34.3457671817184,10.274694498282479,2026-03-17 14:06:24.261000
XRPUSDT,1590710322.0,1.499,5.1,,,True,234.22817015503287,0.9942231429380288,45.22383980175586,-0.3289339306392021,1.655,0.9999999878053105,34.39114025610669,10.279667678094425,2026-03-17 14:06:24.261000
XRPUSDT,1590710323.0,1.499,4.1,,,True,234.3979007125515,0.994237389794967,45.2354155258094,-0.3284433181997134,1.655,0.9999999878063567,34.436538642698615,10.284640844699398,2026-03-17 14:06:24.261000
XRPUSDT,1590710324.0,1.499,7.3,,,True,234.5676719469597,0.994251601719522,45.24698733049868,-0.32795326315245965,1.655,0.999999987807347,34.48196233790314,10.289613998117812,2026-03-17 14:06:24.261000
XRPUSDT,1590710325.0,1.499,3.6,,,True,234.73748384862938,0.9942657787963457,45.258555220345706,-0.3274637653892107,1.655,0.9999999878082815,34.52741135112161,10.294587138370787,2026-03-17 14:06:24.261000
XRPUSDT,1590710326.0,1.499,8061.6,,,True,234.90733640793977,0.9942799211098879,45.27011919986524,-0.32697482479963486,1.655,0.999999987809161,34.57288569620388,10.299560265479728,2026-03-17 14:06:24.261000
XRPUSDT,1590710327.0,1.499,951.0,,,True,235.0772296152774,0.9942940287444004,45.281679273565004,-0.32648644127184695,1.655,0.9999999878099852,34.618385339919726,10.304533379464749,2026-03-17 14:06:24.261000
XRPUSDT,1590710328.0,1.499,3.4,,,True,235.24716346103546,0.9943081017839351,45.29323544594557,-0.3259986146911681,1.655,0.9999999878107549,34.66391034258116,10.30950648034786,2026-03-17 14:06:24.261000
XRPUSDT,1590710329.0,1.499,828.5,,,True,235.41713793561476,0.9943221403123447,45.304787721500404,-0.3255113449419077,1.655,0.9999999878114694,34.709460639017244,10.314479568149048,2026-03-17 14:06:24.261000
XRPUSDT,1590710330.0,1.499,3.7,,,True,235.58715302942295,0.9943361444132844,45.31633610471588,-0.32502463190581465,1.655,0.9999999878121294,34.75503627018933,10.31945264288937,2026-03-17 14:06:24.261000
XRPUSDT,1590710331.0,1.4989,1462.5,,,True,235.72078648796816,0.9943456236723492,45.327676173661025,-0.25524218090452844,1.655,0.9999999878094381,7361.593403474366,10.324425703473992,2026-03-17 14:06:24.261000
XRPUSDT,1590710332.0,1.4989,7.3,,,True,235.89087400333315,0.9943595701815486,45.33921723838931,-0.3242421176845185,1.655,0.9999999878099918,-4947.470065340739,10.329398755623535,2026-03-17 14:06:24.261000
XRPUSDT,1590710333.0,1.4989,100.0,,,True,236.0610021905551,0.9943734824863552,45.35075442367135,-0.32375698052293833,1.655,0.9999999878104908,34.871084865310515,10.334371794768833,2026-03-17 14:06:24.261000
XRPUSDT,1590710334.0,1.4989,3.4,,,True,236.2311709607732,0.9943873606696977,45.36228773352196,-0.3232722487026373,1.655,0.9999999878109367,34.927613242831235,10.339344820930627,2026-03-17 14:06:24.261000
XRPUSDT,1590710335.0,1.4989,242.0,,,True,236.40138030442864,0.9944012048143082,45.373817172394105,-0.3227880731360565,1.655,0.9999999878113289,34.97331039250024,10.344317834129852,2026-03-17 14:06:24.261000
XRPUSDT,1590710336.0,1.4989,12029.3,,,True,236.57163021196996,0.9944150150027232,45.38534274473377,-0.3223044536947531,1.655,0.9999999878116683,35.01903281608317,10.349290834387354,2026-03-17 14:06:24.261000
XRPUSDT,1590710337.0,1.4989,4225.9,,,True,236.74192067385317,0.9944287913172838,45.39686445497986,-0.3218213902478537,1.655,0.999999987811955,35.0647805532933,10.35426382172315,2026-03-17 14:06:24.261000
XRPUSDT,1590710338.0,1.4989,4568.5,,,True,236.91225168054066,0.9944425338401358,45.40838230756434,-0.3213388826617807,1.655,0.9999999878121888,35.110553663880275,10.359236796157983,2026-03-17 14:06:24.261000
XRPUSDT,1590710339.0,1.4989,3.4,,,True,237.08262322250235,0.9944562426532307,45.41989630691209,-0.3208569308019926,1.655,0.9999999878123698,35.156352081745275,10.364209757713386,2026-03-17 14:06:24.261000
XRPUSDT,1590710340.0,1.4989,3663.5,,,True,237.25303529021485,0.994469917838326,45.43140645744105,-0.32037553453154943,1.655,0.9999999878124988,35.202175845641,10.369182706408788,2026-03-17 14:06:24.261000
XRPUSDT,1590710341.0,1.4989,6.7,,,True,237.42348787416213,0.994483559476985,45.44291276356215,-0.3198946937120207,1.655,0.9999999878125758,35.2480249292272,10.374155642265356,2026-03-17 14:06:24.261000
XRPUSDT,1590710342.0,1.4989,951.0,,,True,237.59398096483494,0.9944971676505775,45.454415229679384,-0.3194144082027168,1.655,0.999999987812601,35.29389936409826,10.379128565303672,2026-03-17 14:06:24.261000
XRPUSDT,1590710343.0,1.4989,3.4,,,True,237.76451455273093,0.9945107424402814,45.465913860189765,-0.31893467786120105,1.655,0.9999999878125744,35.339799140966704,10.384101475544051,2026-03-17 14:06:24.261000
XRPUSDT,1590710344.0,1.4989,3.6,,,True,237.93508862835495,0.9945242839270817,45.47740865948333,-0.3184555025434267,1.655,0.9999999878124965,35.385724244309095,10.38907437300704,2026-03-17 14:06:24.261000
XRPUSDT,1590710345.0,1.4989,3.5,,,True,238.10570318221872,0.9945377921917712,45.48889963194323,-0.31797688210324787,1.655,0.999999987812368,35.43167469551305,10.394047257713114,2026-03-17 14:06:24.261000
XRPUSDT,1590710346.0,1.4989,124.7,,,True,238.27635820484102,0.9945512673149521,45.500386781945664,-0.3174988163929767,1.655,0.9999999878121877,35.477650471275865,10.399020129682453,2026-03-17 14:06:24.261000
XRPUSDT,1590710347.0,1.4989,3.4,,,True,238.44705368674752,0.9945647093770348,45.51187011385988,-0.3170213052625783,1.655,0.9999999878119568,35.52365161405132,10.403992988936022,2026-03-17 14:06:24.261000
XRPUSDT,1590710348.0,1.4989,3.4,,,True,238.61778961847074,0.9945781184582387,45.52334963204825,-0.31654434856074054,1.655,0.9999999878116762,35.56967808481936,10.408965835493925,2026-03-17 14:06:24.261000
XRPUSDT,1590710349.0,1.4988,6.7,,,True,238.7519840694691,0.9945871946775134,45.53462875281589,-0.24857189509842686,1.655,0.9999999878080633,7489.071319788443,10.413938668298897,2026-03-17 14:06:24.261000
XRPUSDT,1590710350.0,1.4988,1800.0,,,True,238.92279212222337,0.9946005485877302,45.54610109263539,-0.3157770825648392,1.655,0.9999999878076827,-5032.622383683647,10.418911492925186,2026-03-17 14:06:24.261000
XRPUSDT,1590710351.0,1.4988,7.3,,,True,239.09364067649483,0.9946138697309826,45.55756963125898,-0.31530169060444135,1.655,0.9999999878072523,35.68702410804735,10.423884304910931,2026-03-17 14:06:24.261000
XRPUSDT,1590710352.0,1.4988,3.4,,,True,239.2645296448199,0.9946271581867929,45.56903437260392,-0.3148267084930076,1.655,0.9999999878067724,35.743965906585316,10.428857104277041,2026-03-17 14:06:24.261000
XRPUSDT,1590710353.0,1.4988,5.1,,,True,239.43545901776423,0.9946404140344947,45.58049532100007,-0.3143522801932805,1.655,0.9999999878062431,35.79011394836084,10.433829891043375,2026-03-17 14:06:24.261000
XRPUSDT,1590710354.0,1.4988,15.0,,,True,239.6064287859003,0.9946536373532331,45.59195248077045,-0.313878405543824,1.655,0.9999999878056645,35.83628730654754,10.438802665230158,2026-03-17 14:06:24.261000
XRPUSDT,1590710355.0,1.4988,3.4,,,True,239.77743893980758,0.9946668282219657,45.60340585623124,-0.3134050843807025,1.655,0.9999999878050368,35.88248603750924,10.443775426857977,2026-03-17 14:06:24.261000
XRPUSDT,1590710356.0,1.4988,3.5,,,True,239.9484894700724,0.9946799867194626,45.61485545169177,-0.3129323165388439,1.655,0.999999987804361,35.928710095689226,10.44874817594681,2026-03-17 14:06:24.261000
XRPUSDT,1590710357.0,1.4988,4.1,,,True,240.11958036728808,0.9946931129243075,45.62630127145457,-0.3124601018510388,1.655,0.999999987803636,35.97495950909492,10.453720912516488,2026-03-17 14:06:24.261000
XRPUSDT,1590710358.0,1.4988,3663.5,,,True,240.29071162205463,0.9947062069148962,45.63774331981538,-0.31198844014834426,1.655,0.9999999878028634,36.02123428300479,10.458693636587947,2026-03-17 14:06:24.261000
XRPUSDT,1590710359.0,1.4988,951.0,,,True,240.461883224979,0.9947192687694393,45.64918160106312,-0.3115173312602226,1.655,0.9999999878020427,36.067534404686356,10.463666348180322,2026-03-17 14:06:24.261000
XRPUSDT,1590710360.0,1.4988,150.0,,,True,240.63309516667505,0.9947322985659619,45.66061611947993,-0.31104677501426975,1.655,0.9999999878011728,36.11385988536408,10.468639047314669,2026-03-17 14:06:24.261000
XRPUSDT,1590710361.0,1.4988,66.7,,,True,240.80434743776334,0.9947452963823028,45.67204687934117,-0.31057677123646826,1.655,0.9999999878002562,36.16021072113423,10.47361173401031,2026-03-17 14:06:24.261000
XRPUSDT,1590710362.0,1.4988,3.4,,,True,240.97564002887128,0.9947582622961179,45.68347388491545,-0.3101073197510204,1.655,0.9999999877992921,36.20658691273771,10.478584408288214,2026-03-17 14:06:24.261000
XRPUSDT,1590710363.0,1.4988,3.4,,,True,241.1469729306332,0.994771196384877,45.694897140464604,-0.30963842038050843,1.655,0.9999999877982813,36.25298845896239,10.483557070167645,2026-03-17 14:06:24.261000
XRPUSDT,1590710364.0,1.4987,3.4,,,True,241.28163127016617,0.9947799508311342,45.70612634512497,-0.24313900681804762,1.655,0.9999999877939502,7596.073081991438,10.488529718621718,2026-03-17 14:06:24.261000
XRPUSDT,1590710365.0,1.4987,3.4,,,True,241.4530360460679,0.9947928316831551,45.71754253596006,-0.30888377016957447,1.655,0.999999987792846,-5104.06945479203,10.493502359105563,2026-03-17 14:06:24.261000
XRPUSDT,1590710366.0,1.4987,6.7,,,True,241.62448118354206,0.9948056809166989,45.72895498900592,-0.3084164253353566,1.655,0.9999999877916954,36.37141722326349,10.498474987245318,2026-03-17 14:06:24.261000
XRPUSDT,1590710367.0,1.4987,3.4,,,True,241.79596659628933,0.9948184986085616,45.740363708100276,-0.3079494934918498,1.655,0.9999999877904978,36.428699371563425,10.503447603061215,2026-03-17 14:06:24.261000
XRPUSDT,1590710368.0,1.4987,3.7,,,True,241.9674922749761,0.9948312848353554,45.75176869747315,-0.3074831130237863,1.655,0.9999999877892544,36.475222564480795,10.508420206573248,2026-03-17 14:06:24.261000
XRPUSDT,1590710369.0,1.4987,242.0,,,True,242.13905821027603,0.9948440396735118,45.76316996134794,-0.307017283744492,1.655,0.999999987787965,36.52177107894172,10.513392797801137,2026-03-17 14:06:24.261000
XRPUSDT,1590710370.0,1.4987,3663.5,,,True,242.31066439286923,0.9948567631992796,45.77456750394129,-0.3065520054648848,1.655,0.9999999877866296,36.56834497732328,10.518365376764518,2026-03-17 14:06:24.261000
XRPUSDT,1590710371.0,1.4987,951.0,,,True,242.4823108134427,0.9948694554887271,45.78596132946319,-0.30608727799456337,1.655,0.9999999877852495,36.61494423410986,10.523337943483615,2026-03-17 14:06:24.261000
XRPUSDT,1590710372.0,1.4987,1063.5,,,True,242.65399746269014,0.9948821166177411,45.797351442117005,-0.3056231011412729,1.655,0.9999999877838235,36.66156886779542,10.528310497977815,2026-03-17 14:06:24.261000
XRPUSDT,1590710373.0,1.4987,7.3,,,True,242.82572433131205,0.9948947466620286,45.80873784609938,-0.30515947471152993,1.655,0.9999999877823527,36.7082188461249,10.533283040267449,2026-03-17 14:06:24.261000
XRPUSDT,1590710374.0,1.4987,66.7,,,True,242.99749141001558,0.994907345697116,45.820120545600375,-0.304696398509699,1.655,0.9999999877808371,36.75489421350794,10.538255570371655,2026-03-17 14:06:24.261000
XRPUSDT,1590710375.0,1.4987,3.7,,,True,243.1692986895146,0.9949199137983503,45.83149954480337,-0.30423387233872556,1.655,0.9999999877792766,36.801594954655485,10.54322808831082,2026-03-17 14:06:24.261000
XRPUSDT,1590710376.0,1.4987,66.8,,,True,243.3411461605296,0.9949324510408993,45.84287484788516,-0.3037718960000859,1.655,0.9999999877776722,36.84832105891753,10.548200594104472,2026-03-17 14:06:24.261000
XRPUSDT,1590710377.0,1.4987,3.4,,,True,243.5130338137881,0.994944957499752,45.85424645901588,-0.30331046929359784,1.655,0.9999999877760234,36.89507253209895,10.553173087771862,2026-03-17 14:06:24.261000
XRPUSDT,1590710378.0,1.4987,3.4,,,True,243.68496164002394,0.9949574332497196,45.86561438235914,-0.3028495920172911,1.655,0.9999999877743297,36.941849387940444,10.558145569333101,2026-03-17 14:06:24.261000
XRPUSDT,1590710379.0,1.4986,1992.2,,,True,243.82008227100275,0.9949658772142844,45.87679440601683,-0.23779858175783858,1.655,0.9999999877693271,7703.846902761249,10.563118037791247,2026-03-17 14:06:24.261000
XRPUSDT,1590710380.0,1.4986,3.4,,,True,243.99208172711494,0.9949783015953743,45.88815537576965,-0.3021075214199136,1.655,0.9999999877675477,-5176.027618363845,10.568090498482604,2026-03-17 14:06:24.261000
XRPUSDT,1590710381.0,1.4986,6.7,,,True,244.16412140633196,0.9949906954670634,45.899512669683766,-0.3016481876212076,1.655,0.9999999877657251,37.06136469910096,10.57306294712112,2026-03-17 14:06:24.261000
XRPUSDT,1590710382.0,1.4986,4.1,,,True,244.33620122352056,0.9950030589035093,45.91086629151867,-0.30118926941968827,1.655,0.9999999877638586,37.118984153776935,10.578035383726384,2026-03-17 14:06:24.261000
XRPUSDT,1590710383.0,1.4986,5.1,,,True,244.50832116944636,0.9950153919786936,45.922216245406815,-0.3007308997938198,1.655,0.9999999877619491,37.16588271923566,10.583007808317843,2026-03-17 14:06:24.261000
XRPUSDT,1590710384.0,1.4986,3.4,,,True,244.68048123488163,0.995027694766422,45.93356253547413,-0.30027307853287233,1.655,0.9999999877599973,37.21280664612848,10.587980220915014,2026-03-17 14:06:24.261000
XRPUSDT,1590710385.0,1.4986,1462.5,,,True,244.85268141060556,0.995039967340324,45.94490516584001,-0.2998158054246728,1.655,0.999999987758003,37.2597559285041,10.59295262153742,2026-03-17 14:06:24.261000
XRPUSDT,1590710386.0,1.4986,15.0,,,True,245.02492168740383,0.9950522097738539,45.95624414061734,-0.29935908025488167,1.655,0.9999999877559664,37.30673061646878,10.597925010204868,2026-03-17 14:06:24.261000
XRPUSDT,1590710387.0,1.4986,3663.5,,,True,245.19720205606876,0.9950644221402912,45.967579463912465,-0.298902902808123,1.655,0.9999999877538875,37.35373067123462,10.602897386936192,2026-03-17 14:06:24.261000
XRPUSDT,1590710388.0,1.4986,951.0,,,True,245.36952250739927,0.9950766045127412,45.97891113982521,-0.2984472728670436,1.655,0.9999999877517675,37.40075612956299,10.607869751751148,2026-03-17 14:06:24.261000
XRPUSDT,1590710389.0,1.4986,1423.4,,,True,245.54188303220081,0.9950887569641347,45.99023917244897,-0.29799219021322676,1.655,0.999999987749605,37.447806955183346,10.612842104669202,2026-03-17 14:06:24.261000
XRPUSDT,1590710390.0,1.4986,3.4,,,True,245.7142836212855,0.9951008795672286,46.0015635658706,-0.2975376546264901,1.655,0.9999999877474018,37.49488317116702,10.617814445709959,2026-03-17 14:06:24.261000
XRPUSDT,1590710391.0,1.4986,269.8,,,True,245.88672426547208,0.9951129723946067,46.01288432417049,-0.29708366588507384,1.655,0.9999999877451565,37.54198478325572,10.622786774892301,2026-03-17 14:06:24.261000
XRPUSDT,1590710392.0,1.4986,3.7,,,True,246.0592049555857,0.9951250355186804,46.024201451422606,-0.29663022376583614,0.003,0.9999999877428706,37.58911178144085,10.627752508408811,2026-03-17 14:06:24.264000
XRPUSDT,1590710393.0,1.4987,66.0,,,False,246.26854406892699,0.9951409350027242,46.03569278761278,-0.35909742927132526,0.003,0.9999999877438838,-3928.8825557760038,10.63271824323,2026-03-17 14:06:24.264000
XRPUSDT,1590710394.0,1.4987,3.4,,,False,246.4409613043369,0.9951529294401823,46.047001536447304,-0.29529073371377923,0.003,0.9999999877416736,5319.690546574272,10.63768397934417,2026-03-17 14:06:24.264000
XRPUSDT,1590710395.0,1.4987,3.4,,,False,246.6134187884186,0.9951648944136339,46.05830667198687,-0.29484047454392176,0.003,0.9999999877395006,37.63143910681161,10.64264971675727,2026-03-17 14:06:24.264000
XRPUSDT,1590710396.0,1.4988,3.6,,,False,246.8229108976633,0.9951806642914847,46.069785430985455,-0.35723898251853115,0.001,0.9999999877406232,-3956.8161887493666,10.647615447550093,2026-03-17 14:06:24.265000
XRPUSDT,1590710397.0,1.4988,3.6,,,False,246.99545729815165,0.995192561132308,46.08108295709179,-0.2937674418779517,0.001,0.9999999877385246,5335.159273200903,10.652581179651477,2026-03-17 14:06:24.265000
XRPUSDT,1590710398.0,1.4988,3.4,,,False,247.16804391749545,0.9952044287465319,46.092376882808196,-0.2933190389047657,0.001,0.9999999877364624,37.78375035845322,10.657546913062895,2026-03-17 14:06:24.265000
XRPUSDT,1590710399.0,1.4988,3.6,,,False,247.34067074636255,0.9952162672052587,46.103667212138106,-0.29287117605947977,0.001,0.9999999877344377,37.83117850243167,10.662512647781133,2026-03-17 14:06:24.265000
XRPUSDT,1590710400.0,1.4989,682.0,,,False,247.55036437447345,0.9952318700964512,46.11512946088127,-0.35484522942014585,0.001,0.9999999877357054,-3971.959593642979,10.66747838380595,2026-03-17 14:06:24.265000
XRPUSDT,1590710401.0,1.4989,3.4,,,False,247.72308021616007,0.995243641136583,46.12641221909511,-0.29180427680908694,0.001,0.9999999877337533,5355.597458253314,10.67244412113255,2026-03-17 14:06:24.265000
XRPUSDT,1590710402.0,1.499,3.4,,,False,247.93287778088734,0.9952591549349331,46.13786597664724,-0.3535452022414788,0.001,0.9999999877350915,-3979.7426806242,10.67740985976141,2026-03-17 14:06:24.266000
XRPUSDT,1590710403.0,1.499,3.4,,,False,248.10568258935953,0.9952708589372962,46.14914118336257,-0.29074056480145866,0.001,0.9999999877332121,5366.082088146832,10.682375599688227,2026-03-17 14:06:24.266000
XRPUSDT,1590710404.0,1.499,3.4,,,False,248.2785275565143,0.9952825341822594,46.16041281528337,-0.29029586114542427,0.001,0.9999999877313682,38.089449723219104,10.687341340913186,2026-03-17 14:06:24.266000
XRPUSDT,1590710405.0,1.4991,3.4,,,False,248.48847776418626,0.9952979214907686,46.17185414886404,-0.35171014583533267,0.001,0.9999999877328117,-3991.2298277133114,10.692307083435736,2026-03-17 14:06:24.266000
XRPUSDT,1590710406.0,1.4991,2387.8,,,False,248.6614116315876,0.9953095302389019,46.18311825757865,-0.28923663891483853,0.001,0.9999999877310394,5381.588626350613,10.697272827250526,2026-03-17 14:06:24.266000
XRPUSDT,1590710407.0,1.4989,212.6,,,True,248.76718039518676,0.9953143621085999,46.19406607322159,-0.17687503468864774,0.047,0.9999999877234113,23254.27034430657,10.702238751040058,2026-03-17 14:06:24.313000
XRPUSDT,1590710408.0,1.499,3.4,,,False,248.97727628325546,0.9953296463190745,46.20549601669432,-0.35027903356794676,1.154,0.9999999877249597,-11345.302995377018,10.707208975096167,2026-03-17 14:06:25.467000
XRPUSDT,1590710409.0,1.499,3.4,,,False,249.1504275864694,0.9953411771098406,46.21675024382569,-0.28822111368812536,1.154,0.999999987723242,5381.930965416788,10.712179188632,2026-03-17 14:06:25.467000
XRPUSDT,1590710410.0,1.499,3.6,,,False,249.32361878127335,0.9953526795647805,46.22800091665518,-0.2877787199855421,1.154,0.999999987721508,38.46080727082025,10.71714939453232,2026-03-17 14:06:25.467000
XRPUSDT,1590710411.0,1.499,3.6,,,False,249.49684990978255,0.9953641537528706,46.23924803936026,-0.28733695148803323,1.154,0.9999999877197568,38.501068140031464,10.722119592809404,2026-03-17 14:06:25.467000
XRPUSDT,1590710412.0,1.499,3.4,,,False,249.67012096288218,0.9953755997429233,46.250491615874395,-0.2868957227322002,1.154,0.9999999877179909,38.54876282428684,10.727089783476618,2026-03-17 14:06:25.467000
XRPUSDT,1590710413.0,1.499,3.6,,,False,249.84343193146339,0.9953870176035868,46.26173165012479,-0.28645503346731893,1.154,0.9999999877162089,38.59648299003227,10.732059966546002,2026-03-17 14:06:25.467000
XRPUSDT,1590710414.0,1.499,3.6,,,False,250.0167828064242,0.9953984074033454,46.27296814603248,-0.2860148834415236,1.154,0.9999999877144107,38.644228619061764,10.737030142029965,2026-03-17 14:06:25.467000
XRPUSDT,1590710415.0,1.499,3.6,,,False,250.1901735786686,0.9954097692105193,46.2842011075123,-0.28557527240147096,1.154,0.9999999877125967,38.691999725503614,10.742000309941877,2026-03-17 14:06:25.467000
XRPUSDT,1590710416.0,1.499,3.6,,,False,250.36360423910713,0.9954211030932661,46.295430538472885,-0.28513620009245694,1.154,0.9999999877107675,38.73979630987207,10.74697047029371,2026-03-17 14:06:25.467000
XRPUSDT,1590710417.0,1.499,3.5,,,False,250.53707477865683,0.9954324091195808,46.306656442816696,-0.28469766625891146,1.154,0.9999999877089231,38.7876183322647,10.751940623097969,2026-03-17 14:06:25.467000
XRPUSDT,1590710418.0,1.499,3.5,,,False,250.71058518824103,0.9954436873572948,46.31787882444004,-0.2842596706433345,1.154,0.9999999877070631,38.835465848567175,10.756910768367048,2026-03-17 14:06:25.467000
XRPUSDT,1590710419.0,1.499,333.6,,,False,250.88413545878933,0.995454937874079,46.32909768723305,-0.28382221298707155,1.154,0.9999999877051879,38.8833388416201,10.761880906113936,2026-03-17 14:06:25.467000
XRPUSDT,1590710420.0,1.499,3.4,,,False,251.05772558123766,0.9954661607374417,46.34031303507973,-0.2833852930302802,0.011,0.9999999877032982,38.931237303124746,10.766846681393247,2026-03-17 14:06:25.478000
XRPUSDT,1590710421.0,1.499,3.4,,,False,251.23125403650596,0.99547735601473,46.35152441553258,-0.2827839224652495,0.011,0.9999999877014416,53.71645110192455,10.771812457887629,2026-03-17 14:06:25.478000
XRPUSDT,1590710422.0,1.499,3.4,,,False,251.40482248191574,0.9954885237731298,46.362732291733984,-0.28234891511371973,0.011,0.9999999876996204,38.952073993357885,10.776778235594842,2026-03-17 14:06:25.478000
XRPUSDT,1590710423.0,1.499,3.6,,,False,251.57843090825116,0.9954996640796672,46.373936667535396,-0.28191444168197677,0.011,0.9999999876978346,39.0001325623731,10.78174401451341,2026-03-17 14:06:25.478000
XRPUSDT,1590710424.0,1.499,3.6,,,False,251.75207930630083,0.9955107770012075,46.385137546782225,-0.28148050191035323,0.011,0.9999999876960836,39.04821698317253,10.786709794641627,2026-03-17 14:06:25.478000
XRPUSDT,1590710425.0,1.499,3.6,,,False,251.92576766685994,0.995521862604456,46.39633493331387,-0.28104709554093904,0.011,0.9999999876943668,39.09632698372932,10.791675575978182,2026-03-17 14:06:25.478000
XRPUSDT,1590710426.0,1.499,3.6,,,False,252.09949598072993,0.9955329209559594,46.407528830963656,-0.28061422231422395,0.011,0.9999999876926856,39.14446258851371,10.796641358521292,2026-03-17 14:06:25.478000
XRPUSDT,1590710427.0,1.499,3.6,,,False,252.27326423871858,0.9955439521221044,46.41871924355892,-0.28018188196964927,0.011,0.9999999876910383,39.19262377958297,10.801607142268582,2026-03-17 14:06:25.478000
XRPUSDT,1590710428.0,1.499,3.6,,,False,252.44707243164012,0.9955549561691196,46.42990617492094,-0.2797500742452048,0.011,0.999999987689426,39.24081057177695,10.806572927219786,2026-03-17 14:06:25.478000
XRPUSDT,1590710429.0,1.499,3.4,,,False,252.62092055031513,0.9955659331630748,46.44108962886507,-0.2793187988779814,0.015,0.9999999876878474,39.28902293120651,10.811538728402494,2026-03-17 14:06:25.493000
XRPUSDT,1590710430.0,1.499,3.4,,,False,252.7948089366427,0.995576883169882,46.45226961074423,-0.2788886171903605,0.015,0.9999999876863028,39.28597444697312,10.816504530755457,2026-03-17 14:06:25.493000
XRPUSDT,1590710431.0,1.499,3.4,,,False,252.96873722984205,0.9955878062552956,46.46344612280817,-0.2784584028856687,0.015,0.9999999876847919,39.38578601202821,10.821470334276166,2026-03-17 14:06:25.493000
XRPUSDT,1590710432.0,1.499,3.6,,,False,253.14270542075332,0.9955987024849123,46.47461916885428,-0.27802872015114943,0.015,0.9999999876833151,39.434074871259554,10.826436138963956,2026-03-17 14:06:25.493000
XRPUSDT,1590710433.0,1.499,3.6,,,False,253.3167135002228,0.9956095719241724,46.48578875267402,-0.27759956871821984,0.015,0.9999999876818717,39.48238935425633,10.831401944816559,2026-03-17 14:06:25.493000
XRPUSDT,1590710434.0,1.499,3.6,,,False,253.49076145910334,0.9956204146383597,46.49695487805286,-0.27717094831758504,0.015,0.9999999876804612,39.53072941254796,10.836367751832718,2026-03-17 14:06:25.493000
XRPUSDT,1590710435.0,1.499,3.6,,,False,253.66484928825386,0.9956312306926011,46.50811754877035,-0.2767428586783507,0.015,0.9999999876790842,39.57909508232967,10.841333560010868,2026-03-17 14:06:25.493000
XRPUSDT,1590710436.0,1.499,3.6,,,False,253.83897697853965,0.9956420201518683,46.5192767686001,-0.2763152995285258,0.015,0.9999999876777405,39.62748634890718,10.84629936934952,2026-03-17 14:06:25.493000
XRPUSDT,1590710437.0,1.499,3.6,,,False,254.01314452083233,0.9956527830809778,46.530432541309764,-0.2758882705949076,0.015,0.9999999876764297,39.67590321122702,10.851265179846662,2026-03-17 14:06:25.493000
XRPUSDT,1590710438.0,1.499,281.7,,,False,254.1873519060097,0.9956635195445896,46.541584870661126,-0.27546177160311197,0.015,0.9999999876751517,39.72434567056435,10.856230991501404,2026-03-17 14:06:25.493000
XRPUSDT,1590710439.0,1.499,3.4,,,False,254.3615991249559,0.9956742296072106,46.552733760410014,-0.2750358022773459,0.012,0.999999987673907,39.772813739787686,10.861196793211702,2026-03-17 14:06:25.505000
XRPUSDT,1590710440.0,1.499,3.4,,,False,254.5358859087015,0.9956849133331921,46.563879213191576,-0.2746099539730848,0.012,0.9999999876726944,39.859530748018,10.866162596098176,2026-03-17 14:06:25.505000
XRPUSDT,1590710441.0,1.499,1.4,,,False,254.71021250840508,0.9956955707867318,46.57502123387189,-0.2741850452297343,0.012,0.9999999876715145,39.86963131189405,10.871128400159519,2026-03-17 14:06:25.505000
XRPUSDT,1590710442.0,1.499,2.2,,,False,254.88457891496913,0.995706202031874,46.586159826189096,-0.2737606653108704,0.001,0.9999999876703667,39.918176392945554,10.876094164882849,2026-03-17 14:06:25.506000
XRPUSDT,1590710443.0,1.499,3.6,,,False,255.0589841702501,0.9957168071325093,46.597294989833976,-0.27333533043873304,0.001,0.9999999876692519,40.106632342590295,10.88105993085856,2026-03-17 14:06:25.506000
XRPUSDT,1590710444.0,1.499,3.6,,,False,255.23342921568508,0.9957273861523752,46.60842673260052,-0.2729120148949773,0.001,0.9999999876681702,40.01462792600953,10.886025698085588,2026-03-17 14:06:25.506000
XRPUSDT,1590710445.0,1.499,3.6,,,False,255.40791404219345,0.9957379391550569,46.619555058209215,-0.27248922730343655,0.001,0.9999999876671207,40.06325064935309,10.890991466562157,2026-03-17 14:06:25.506000
XRPUSDT,1590710446.0,1.499,3.6,,,False,255.58243864070116,0.9957484662039873,46.630679970374615,-0.27206696738025754,0.001,0.9999999876661032,40.111898973123544,10.89595723628578,2026-03-17 14:06:25.506000
XRPUSDT,1590710447.0,1.499,3.6,,,False,255.7570030021399,0.9957589673624467,46.64180147280547,-0.27164523484013164,0.001,0.9999999876651182,40.160572926677645,10.900923007256194,2026-03-17 14:06:25.506000
XRPUSDT,1590710448.0,1.499,3.4,,,False,255.9316071174479,0.9957694426935647,46.65291956920471,-0.27122402939699075,0.001,0.9999999876641648,40.20927247045056,10.905888779470207,2026-03-17 14:06:25.506000
XRPUSDT,1590710449.0,1.499,3.4,,,False,256.1062509775694,0.9957798922603193,46.66403426326946,-0.27080335076340645,0.001,0.9999999876632442,40.25799762472468,10.910854552927145,2026-03-17 14:06:25.506000
XRPUSDT,1590710450.0,1.499,3.6,,,False,256.280934573455,0.9957903161255371,46.67514555869101,-0.27038319865069727,0.001,0.9999999876623553,40.30674840159475,10.915820327625068,2026-03-17 14:06:25.506000
XRPUSDT,1590710451.0,1.499,3.4,,,False,256.4556578960612,0.9958007143518955,46.68625345915488,-0.26996357276929134,0.001,0.9999999876614981,40.35552477341287,10.92078610356212,2026-03-17 14:06:25.506000
XRPUSDT,1590710452.0,1.4991,3.6,,,False,256.6678885948656,0.9958144185816181,46.697513964601946,-0.3270682906311383,0.011,0.9999999876638992,-4166.941084457127,10.92575191700408,2026-03-17 14:06:25.517000
XRPUSDT,1590710453.0,1.4991,3.6,,,False,256.84270071365063,0.9958247575227746,46.70861474148379,-0.2689664253650431,0.011,0.9999999876631038,5619.71137924167,10.930717731583258,2026-03-17 14:06:25.517000
XRPUSDT,1590710454.0,1.4991,0.2,,,False,257.0175525283366,0.9958350710321883,46.71971213515827,-0.2685485906284605,0.011,0.9999999876623389,40.51334224089565,10.93568354732415,2026-03-17 14:06:25.517000
XRPUSDT,1590710455.0,1.4991,3.4,,,False,257.1924440303762,0.9958453591718898,46.7308061492883,-0.2681312815037679,0.002,0.9999999876616057,40.56215572498712,10.940649331757411,2026-03-17 14:06:25.519000
XRPUSDT,1590710456.0,1.4991,225.0,,,False,257.36737444779544,0.99585562200376,46.7418967843849,-0.2677133323942658,0.002,0.9999999876609027,40.72454024261847,10.945615117414402,2026-03-17 14:06:25.519000
XRPUSDT,1590710457.0,1.4991,3.4,,,False,257.54234453574173,0.9958658595895318,46.75298404726213,-0.2672970781245966,0.002,0.9999999876602308,40.659417068455824,10.950580904293263,2026-03-17 14:06:25.519000
XRPUSDT,1590710458.0,1.4991,3.6,,,False,257.71735428521635,0.9958760719907909,46.76406794156364,-0.2668813478343985,0.002,0.9999999876595901,40.70837794666684,10.955546692392849,2026-03-17 14:06:25.519000
XRPUSDT,1590710459.0,1.4991,3.6,,,False,257.8924036872266,0.9958862592689738,46.77514847092737,-0.26646614122492973,0.002,0.99999998765898,40.75736443175313,10.960512481710442,2026-03-17 14:06:25.519000
XRPUSDT,1590710460.0,1.4991,3.6,,,False,258.0674927327862,0.9958964214853708,46.78622563898556,-0.26605145799628693,0.002,0.9999999876584,40.80637652661011,10.965478272245159,2026-03-17 14:06:25.519000
XRPUSDT,1590710461.0,1.4991,3.6,,,False,258.24262141291456,0.9959065587011248,46.797299449364736,-0.2656372978472061,0.002,0.9999999876578501,40.85541426106602,10.970444063995446,2026-03-17 14:06:25.519000
XRPUSDT,1590710462.0,1.4991,3.6,,,False,258.4177897186374,0.9959166709772319,46.808369905685716,-0.26522366047579127,0.002,0.9999999876573307,40.90447759061881,10.975409856959427,2026-03-17 14:06:25.519000
XRPUSDT,1590710463.0,1.4991,0.2,,,False,258.5929976409865,0.9959267583745426,46.81943701156364,-0.2648105455786258,0.002,0.999999987656842,40.953566558562336,10.980375651134848,2026-03-17 14:06:25.519000
XRPUSDT,1590710464.0,1.4991,3.2,,,False,258.76824517099976,0.9959368209537605,46.830500770608,-0.2643979528515257,0.003,0.9999999876563826,41.002681138380176,10.985341450078517,2026-03-17 14:06:25.522000
XRPUSDT,1590710465.0,1.4991,3.6,,,False,258.94353238348515,0.9959468587754439,46.84156118676022,-0.26398600780883974,0.003,0.9999999876559533,41.03928677742199,10.99030725022343,2026-03-17 14:06:25.522000
XRPUSDT,1590710466.0,1.4992,3.6,,,False,259.15644359381895,0.9959600878032538,46.85276932308451,-0.31981798201979933,0.005,0.9999999876587689,-4220.414002670682,10.995273058663718,2026-03-17 14:06:25.527000
XRPUSDT,1590710467.0,1.4992,3.3,,,False,259.3318186345312,0.9959700683782692,46.8638227266886,-0.2630060804751764,0.005,0.9999999876583984,5692.24733618453,11.000238868276204,2026-03-17 14:06:25.527000
XRPUSDT,1590710468.0,1.4992,0.3,,,False,259.50723324460193,0.9959800243958659,46.87487279856446,-0.2625957898905672,0.005,0.9999999876580565,41.21031131423594,11.005204679071706,2026-03-17 14:06:25.532000
XRPUSDT,1590710469.0,1.4992,3.4,,,False,259.6826874153109,0.9959899559159768,46.885919542292655,-0.26218602006378267,0.005,0.9999999876577451,41.2595274646626,11.010170491047557,2026-03-17 14:06:25.532000
XRPUSDT,1590710470.0,1.4992,6.7,,,False,259.8581811377344,0.9959998629983907,46.89696296144734,-0.2617767703695412,0.005,0.9999999876574616,41.30880082998821,11.015136304203105,2026-03-17 14:06:25.532000
XRPUSDT,1590710471.0,1.4992,3.6,,,False,260.0337144029542,0.9960097457027529,46.908003059597014,-0.2613680404959107,0.005,0.9999999876572077,41.35809983287442,11.020102118536396,2026-03-17 14:06:25.532000
XRPUSDT,1590710472.0,1.4992,3.6,,,False,260.20928720205853,0.9960196040885664,46.919039840304634,-0.26095983013015556,0.005,0.9999999876569832,41.407424448491,11.025067934045898,2026-03-17 14:06:25.532000
XRPUSDT,1590710473.0,1.4992,3.6,,,False,260.3848995261416,0.9960294382151903,46.930073307127515,-0.260552138958358,0.005,0.9999999876567865,41.456774697808086,11.030033750729675,2026-03-17 14:06:25.532000
XRPUSDT,1590710474.0,1.4992,3.6,,,False,260.5605513663035,0.9960392481418419,46.9411034636174,-0.2601449666656121,0.005,0.9999999876566185,41.506150576683645,11.034999568587068,2026-03-17 14:06:25.532000
XRPUSDT,1590710475.0,1.4992,175.3,,,False,260.7362427136504,0.996049033927596,46.95213031332043,-0.2597383129361167,0.005,0.9999999876564809,41.55555207431047,11.039965387615648,2026-03-17 14:06:25.532000
XRPUSDT,1590710476.0,1.4992,7.0,,,False,260.91197355929455,0.9960587956313853,46.963153859777286,-0.25933217745288395,0.006,0.9999999876563698,41.60497921252912,11.044931211303355,2026-03-17 14:06:25.538000
XRPUSDT,1590710477.0,1.4992,3.6,,,False,261.0877439767547,0.9960685333120018,46.97417410684516,-0.2589266809641101,0.017,0.9999999876562877,41.641999233990944,11.049897074476418,2026-03-17 14:06:25.555000
XRPUSDT,1590710478.0,1.4992,3.5,,,False,261.26355477981906,0.9960782470280953,46.98519106126008,-0.25852290795992106,0.017,0.9999999876562332,41.567305478473074,11.054862938732308,2026-03-17 14:06:25.555000
XRPUSDT,1590710479.0,1.4992,3.5,,,False,261.43940505300736,0.9960879368381753,46.99620472299233,-0.25811831785504447,0.017,0.9999999876562062,41.75418316117514,11.059828804068877,2026-03-17 14:06:25.555000
XRPUSDT,1590710480.0,1.4992,1.1,,,False,261.6152947874574,0.9960976028006107,47.007215095560454,-0.2577142447458902,0.017,0.9999999876562069,41.80371192801925,11.064794670485405,2026-03-17 14:06:25.555000
XRPUSDT,1590710481.0,1.4992,2.4,,,False,261.7912239743131,0.99610724497363,47.018222182477494,-0.2573106883108034,0.01,0.9999999876562354,41.85326629970661,11.069760513744335,2026-03-17 14:06:25.565000
XRPUSDT,1590710482.0,1.4992,3.4,,,False,261.9671920317774,0.9961168634153219,47.02922598503803,-0.25690681393756293,0.01,0.9999999876562911,41.989584818174855,11.07472635812943,2026-03-17 14:06:25.565000
XRPUSDT,1590710483.0,1.4992,1.1,,,False,262.14319952485107,0.996126458183636,47.04022650897135,-0.25650429417615556,0.01,0.999999987656374,41.952004283069435,11.079692203638503,2026-03-17 14:06:25.565000
XRPUSDT,1590710484.0,1.4992,2.5,,,False,262.3192464446947,0.9961360293363817,47.05122375777391,-0.2561022901016182,0.015,0.9999999876564849,42.001636084882044,11.084658067500248,2026-03-17 14:06:25.580000
XRPUSDT,1590710485.0,1.4992,3.6,,,False,262.49533319007554,0.9961455769312305,47.06221773649937,-0.255701391727054,0.015,0.9999999876566232,41.989462363199074,11.089623932448829,2026-03-17 14:06:25.580000
XRPUSDT,1590710486.0,1.4992,3.4,,,False,262.67145934392636,0.9961551010257144,47.073208447060395,-0.2553004150063794,0.015,0.9999999876567871,42.10129596620298,11.094589798481795,2026-03-17 14:06:25.580000
XRPUSDT,1590710487.0,1.4992,0.2,,,False,262.84762489742644,0.9961646016772275,47.08419589293703,-0.2548999530035621,0.186,0.9999999876569782,42.15100430344844,11.099556252093498,2026-03-17 14:06:25.766000
XRPUSDT,1590710488.0,1.4992,3.6,,,False,263.0238437255105,0.9961740789430261,47.09518013044096,-0.2545200057069763,0.186,0.9999999876571914,40.09039153914181,11.104522705604774,2026-03-17 14:06:25.766000
XRPUSDT,1590710489.0,1.4992,3.6,,,False,263.2001019138242,0.9961835328802287,47.10616110986139,-0.2541204690392689,0.186,0.9999999876574256,42.26140486743286,11.109489159015583,2026-03-17 14:06:25.766000
XRPUSDT,1590710490.0,1.4992,3.4,,,False,263.3763994535862,0.9961929635458168,47.11713883466371,-0.25372144647311257,0.186,0.9999999876576795,42.31117755454016,11.114455612327722,2026-03-17 14:06:25.766000
XRPUSDT,1590710491.0,1.4992,3.6,,,False,263.55273633602474,0.9962023709966346,47.12811330830782,-0.2533229376808803,0.186,0.9999999876579547,42.36097535356678,11.1194220655408,2026-03-17 14:06:25.766000
XRPUSDT,1590710492.0,1.4992,3.6,,,False,263.7291125523739,0.9962117552893893,47.13908453424825,-0.25292494232934876,0.186,0.999999987658249,42.41079876045366,11.124388518655373,2026-03-17 14:06:25.766000
XRPUSDT,1590710493.0,1.4992,3.6,,,False,263.90552809387356,0.9962211164806525,47.15005251593403,-0.25252746008413307,0.186,0.9999999876585651,42.46064780024767,11.129354971672191,2026-03-17 14:06:25.766000
XRPUSDT,1590710494.0,1.4992,2541.5,,,False,264.08198295176976,0.9962304546268591,47.16101725680887,-0.25213049061003945,0.186,0.9999999876589009,42.51052246449866,11.13432142459198,2026-03-17 14:06:25.766000
XRPUSDT,1590710495.0,1.4992,1112.4,,,False,264.2584771173141,0.996239769784309,47.171978760311,-0.2517340335708983,0.186,0.9999999876592566,42.56042275999662,11.139287877414857,2026-03-17 14:06:25.766000
XRPUSDT,1590710496.0,1.4992,333.6,,,False,264.43501058176423,0.9962490620091655,47.18293702987328,-0.25133808862960166,0.186,0.9999999876596329,42.61034869561974,11.144254330141633,2026-03-17 14:06:25.766000
XRPUSDT,1590710497.0,1.4992,3.6,,,False,264.61158333638355,0.9962583313574582,47.19389206892321,-0.25094265544828726,0.186,0.9999999876600287,42.66030025277555,11.149220782772423,2026-03-17 14:06:25.766000
XRPUSDT,1590710498.0,1.4992,3.6,,,False,264.78819537244135,0.9962675778850809,47.204843880882834,-0.25054773368817435,0.186,0.9999999876604451,42.710277439066,11.154187235308344,2026-03-17 14:06:25.766000
XRPUSDT,1590710499.0,1.4993,3.4,,,False,265.0027079320616,0.9962797638459274,47.21593264770173,-0.3035227498661484,0.186,0.9999999876640646,-4347.217002025734,11.159153687839007,2026-03-17 14:06:25.766000
XRPUSDT,1590710500.0,1.4993,3.6,,,False,265.1794069346059,0.9962889576062121,47.22687770177397,-0.24960902197826026,0.186,0.9999999876645194,5864.165066171204,11.164120139869395,2026-03-17 14:06:25.766000
XRPUSDT,1590710501.0,1.4993,6.7,,,False,265.3561451830231,0.9962981287305258,47.23781953964524,-0.24921583399002778,0.186,0.9999999876649941,42.87238671955768,11.169086591806387,2026-03-17 14:06:25.766000
XRPUSDT,1590710502.0,1.4993,707.3,,,False,265.532922676146,0.9963072772741834,47.248758164742675,-0.2488231664979749,0.186,0.9999999876654883,42.92131149478126,11.17405304365117,2026-03-17 14:06:25.766000
XRPUSDT,1590710503.0,1.4993,3.6,,,False,265.7097394052742,0.9963164032923674,47.25969358046024,-0.24843100851808347,0.186,0.9999999876660023,42.97142214577188,11.179019495403837,2026-03-17 14:06:25.766000
XRPUSDT,1590710504.0,1.4993,3.6,,,False,265.8865953617132,0.996325506840127,47.270625790186486,-0.2480393597060107,0.186,0.9999999876665356,43.02155845325799,11.183985947064638,2026-03-17 14:06:25.766000
XRPUSDT,1590710505.0,1.4993,3.4,,,False,266.0634905367744,0.9963345879723791,47.281554797304686,-0.24764821971692036,0.186,0.9999999876670886,43.071720379518446,11.188952398635267,2026-03-17 14:06:25.766000
XRPUSDT,1590710506.0,1.4993,7.3,,,False,266.24042492177483,0.9963436467439086,47.29248060519284,-0.24725758820488908,0.186,0.9999999876676611,43.12190794924264,11.193918850114825,2026-03-17 14:06:25.766000
XRPUSDT,1590710507.0,1.4993,3.6,,,False,266.4173985080373,0.9963526832093684,47.3034032172236,-0.2468674648232018,0.186,0.9999999876682533,43.17212115985172,11.198885301505088,2026-03-17 14:06:25.766000
XRPUSDT,1590710508.0,1.4993,3.4,,,False,266.5944112868905,0.9963616974232794,47.314322636764366,-0.24647784922415727,0.186,0.9999999876688637,43.22236002966386,11.203851752805656,2026-03-17 14:06:25.766000
XRPUSDT,1590710509.0,1.4993,3.4,,,False,266.77146324966895,0.9963706894400319,47.325238867177184,-0.24608874105973605,0.186,0.9999999876694947,43.27262449903447,11.208818204017142,2026-03-17 14:06:25.766000
XRPUSDT,1590710510.0,1.4994,3.6,,,False,266.98650588682267,0.9963825397964796,47.33628855723637,-0.298113840870268,0.186,0.9999999876733148,-4390.171725230836,11.213784655228492,2026-03-17 14:06:25.766000
XRPUSDT,1590710511.0,1.4994,3.4,,,False,267.1636446001342,0.9963914804881415,47.347198113202545,-0.2451640589134868,0.186,0.9999999876739825,5922.336208324827,11.218751105951874,2026-03-17 14:06:25.766000
XRPUSDT,1590710512.0,1.4994,3.4,,,False,267.34082246210556,0.9964003991623712,47.35810449073586,-0.24477667051414836,0.186,0.9999999876746692,43.43564854612057,11.223717556588044,2026-03-17 14:06:25.766000
XRPUSDT,1590710513.0,1.4994,6.7,,,False,267.518039471543,0.9964092958729949,47.36900769320282,-0.24438979824364232,0.186,0.9999999876753741,43.484866134407305,11.228684007138757,2026-03-17 14:06:25.766000
XRPUSDT,1590710514.0,1.4994,3.4,,,False,267.6952956198107,0.996418170673709,47.37990772393787,-0.2440034314503067,0.186,0.9999999876760988,43.535264146478276,11.233650457603739,2026-03-17 14:06:25.766000
XRPUSDT,1590710515.0,1.4994,3.7,,,False,267.87259089827916,0.9964270236180806,47.3908045862702,-0.24361756978078722,0.186,0.9999999876768415,43.5856878032566,11.238616907983424,2026-03-17 14:06:25.766000
XRPUSDT,1590710516.0,1.4994,1462.5,,,False,268.04992529832407,0.9964358547595483,47.401698283523814,-0.2432322128807036,0.186,0.9999999876776037,43.63613712791991,11.243583358278515,2026-03-17 14:06:25.766000
XRPUSDT,1590710517.0,1.4994,7.3,,,False,268.2272988113272,0.9964446641514214,47.41258881901751,-0.24284736039531984,0.186,0.9999999876783844,43.686612075851016,11.248549808489788,2026-03-17 14:06:25.766000
XRPUSDT,1590710518.0,1.4994,3687.9,,,False,268.40471142867597,0.9964534518468807,47.423476196064854,-0.2424630119687423,0.186,0.9999999876791831,43.73711268866356,11.25351625861694,2026-03-17 14:06:25.766000
XRPUSDT,1590710519.0,1.4993,3.4,,,True,268.54413840780103,0.9964594008111057,47.43422651333471,-0.1903686927802207,0.752,0.9999999876768401,8756.872157593984,11.258484552140295,2026-03-17 14:06:26.518000
XRPUSDT,1590710520.0,1.4993,3.6,,,True,268.7216647811301,0.9964681522111848,47.44510803819435,-0.24190167239448235,0.752,0.9999999876776634,-5888.541164698899,11.263452843442925,2026-03-17 14:06:26.518000
XRPUSDT,1590710521.0,1.4993,3.6,,,True,268.8992301949647,0.9964768820566579,47.45598641296153,-0.24151835613918937,0.752,0.9999999876784872,43.90871023726972,11.268421130933058,2026-03-17 14:06:26.518000
XRPUSDT,1590710522.0,1.4993,3.6,,,True,269.0768346109428,0.9964855904002365,47.466861640830224,-0.24113550321898694,0.752,0.9999999876793116,43.9639199743252,11.273389414617315,2026-03-17 14:06:26.518000
XRPUSDT,1590710523.0,1.4993,3.6,,,True,269.25447802056175,0.9964942772945049,47.47773372509434,-0.24075315391702307,0.752,0.9999999876801362,44.0144993310699,11.27835769450211,2026-03-17 14:06:26.518000
XRPUSDT,1590710524.0,1.4993,3.6,,,True,269.43216041532446,0.99650294279192,47.48860266904263,-0.24037130786934874,0.752,0.9999999876809618,44.06510433090219,11.283325970594747,2026-03-17 14:06:26.518000
XRPUSDT,1590710525.0,1.4993,3.6,,,True,269.6098817867396,0.9965115869448129,47.49946847595867,-0.2399899647118974,0.752,0.9999999876817875,44.11573489908524,11.288294242901415,2026-03-17 14:06:26.518000
XRPUSDT,1590710526.0,1.4993,3.4,,,True,269.78764212632143,0.9965202098053885,47.51033114912091,-0.23960912407914794,0.752,0.9999999876826141,44.16639111949569,11.293262511428956,2026-03-17 14:06:26.518000
XRPUSDT,1590710527.0,1.4993,3.6,,,True,269.96544142558974,0.9965288114257257,47.521190691802616,-0.2392287856052283,0.752,0.9999999876834409,44.21707294772606,11.29823077618386,2026-03-17 14:06:26.518000
XRPUSDT,1590710528.0,1.4993,3.6,,,True,270.14327967607,0.9965373918577776,47.53204710727192,-0.2388489489234072,0.752,0.9999999876842687,44.26778040135409,11.303199037173277,2026-03-17 14:06:26.518000
XRPUSDT,1590710529.0,1.4993,3.4,,,True,270.3211568692933,0.9965459511533724,47.54290039879184,-0.23846961366629962,0.752,0.9999999876850969,44.31851346926339,11.308167294403644,2026-03-17 14:06:26.518000
XRPUSDT,1590710530.0,1.4993,3.6,,,False,270.49907299679626,0.9965544893642135,47.553750569620284,-0.23809077946579515,0.427,0.9999999876859261,44.36927215240399,11.313134506944921,2026-03-17 14:06:26.945000
XRPUSDT,1590710531.0,1.4993,3.6,,,False,270.67700316989783,0.9965630065418791,47.56459753791581,-0.23767929828675532,0.427,0.999999987686764,48.31191683393395,11.318101717851269,2026-03-17 14:06:26.945000
XRPUSDT,1590710532.0,1.4993,3.6,,,False,270.85497229992353,0.9965715027378232,47.5754413925746,-0.23730163765466,0.427,0.9999999876876121,44.45055582277931,11.323068927125945,2026-03-17 14:06:26.945000
XRPUSDT,1590710533.0,1.4993,3.4,,,False,271.03298037839323,0.996579978003376,47.58628213683655,-0.23692447634757524,0.427,0.9999999876884716,44.50141470313261,11.328036134772383,2026-03-17 14:06:26.945000
XRPUSDT,1590710534.0,1.4993,3.6,,,False,271.2110273968188,0.9965884323897433,47.59711977393646,-0.23654781397793845,0.427,0.9999999876893418,44.55230140626094,11.333003340793635,2026-03-17 14:06:26.945000
XRPUSDT,1590710535.0,1.4993,3.6,,,False,271.38911334671735,0.9965968659480078,47.60795430710404,-0.2361716501756608,0.427,0.9999999876902231,44.60321378938761,11.337970545192634,2026-03-17 14:06:26.945000
XRPUSDT,1590710536.0,1.4993,3.6,,,False,271.5672382196117,0.9966052787291291,47.61878573956395,-0.2357959845705563,0.427,0.9999999876911152,44.654151782662844,11.342937747972682,2026-03-17 14:06:26.945000
XRPUSDT,1590710537.0,1.4993,3.5,,,False,271.74540200703046,0.9966136707839431,47.62961407453578,-0.23542081679112647,0.427,0.9999999876920173,44.705115462427365,11.347904949136588,2026-03-17 14:06:26.945000
XRPUSDT,1590710538.0,1.4993,3.5,,,False,271.9236047005074,0.9966220421631644,47.640439315234104,-0.23504614646564462,0.427,0.9999999876929314,44.756104768230124,11.352872148687977,2026-03-17 14:06:26.945000
XRPUSDT,1590710539.0,1.4993,3.5,,,False,272.1018462915823,0.996630392917384,47.65126146486844,-0.23467197322141456,0.002,0.9999999876938551,44.80711973935989,11.35783800476357,2026-03-17 14:06:26.947000
XRPUSDT,1590710540.0,1.4993,3.4,,,False,272.28009463573,0.9966387230970714,47.66208041914615,-0.2342561741297395,0.002,0.9999999876947993,49.91478062653665,11.362803861955543,2026-03-17 14:06:26.947000
XRPUSDT,1590710541.0,1.4993,3.6,,,False,272.45838191176955,0.996647032752574,47.672896289464404,-0.23388321356153205,0.002,0.9999999876957677,44.88279545242798,11.36776972026256,2026-03-17 14:06:26.947000
XRPUSDT,1590710542.0,1.4993,3.5,,,False,272.6367081111958,0.9966553219341178,47.683709079014264,-0.2335107481348228,0.002,0.999999987696759,44.933920767058424,11.372735579683027,2026-03-17 14:06:26.947000
XRPUSDT,1590710543.0,1.4993,3.6,,,False,272.8150732255091,0.9966635906918079,47.69451879098178,-0.2331387774766654,0.002,0.9999999876977737,44.9850717723029,11.377701440215091,2026-03-17 14:06:26.947000
XRPUSDT,1590710544.0,1.4993,3.4,,,False,272.9934772462153,0.9966718390756282,47.70532542854805,-0.2327673012134752,0.002,0.9999999876988113,45.03624846798285,11.382667301858538,2026-03-17 14:06:26.947000
XRPUSDT,1590710545.0,1.4993,3.4,,,True,273.1719201648259,0.9966800671354414,47.716128994889175,-0.2323963189710301,1.517,0.9999999876998722,45.08745085287576,11.387637902433282,2026-03-17 14:06:28.464000
XRPUSDT,1590710546.0,1.4993,3.6,,,True,273.3505155862724,0.9966882749209912,47.726929867637224,-0.23217313886576868,1.517,0.9999999877009232,27.191269058871537,11.392608494496821,2026-03-17 14:06:28.464000
XRPUSDT,1590710547.0,1.4993,3.6,,,True,273.5291497074333,0.9966964624818997,47.737727673055495,-0.23180237437908174,1.517,0.9999999877019522,45.28387523846901,11.397579078055548,2026-03-17 14:06:28.464000
XRPUSDT,1590710548.0,1.4993,3.6,,,True,273.7078225198345,0.9967046298676702,47.748522414316405,-0.23143210537257408,1.517,0.999999987702959,45.33507010850437,11.402549653123124,2026-03-17 14:06:28.464000
XRPUSDT,1590710549.0,1.4993,3.6,,,True,273.88653401522896,0.9967127771276865,47.75931409458813,-0.23106233174847296,1.517,0.9999999877039439,45.386255423457456,11.407520219714717,2026-03-17 14:06:28.464000
XRPUSDT,1590710550.0,1.4993,3.6,,,True,274.0652841853748,0.996720904311212,47.77010271703382,-0.23069305312041966,1.517,0.999999987704907,45.437466361474996,11.412490777844592,2026-03-17 14:06:28.464000
XRPUSDT,1590710551.0,1.4993,3.6,,,True,274.24407302203565,0.9967290114673923,47.7808882848117,-0.2303242691016582,1.517,0.9999999877058493,45.48870288867424,11.417461327527562,2026-03-17 14:06:28.464000
XRPUSDT,1590710552.0,1.4993,821.5,,,True,274.4229005169805,0.9967370986452542,47.79167080107502,-0.22995597930483103,1.517,0.9999999877067698,45.539965006285925,11.422431868778066,2026-03-17 14:06:28.464000
XRPUSDT,1590710553.0,1.4993,3.7,,,True,274.60176666198385,0.9967451658937051,47.80245026897206,-0.22958818334178585,0.004,0.9999999877076686,45.591252740321,11.427397730172405,2026-03-17 14:06:28.468000
XRPUSDT,1590710554.0,1.4993,3.7,,,True,274.7805592326765,0.9967532132615361,47.813226329024225,-0.2290774833653185,0.004,0.9999999877085801,63.46174142806174,11.432363592664672,2026-03-17 14:06:28.468000
XRPUSDT,1590710555.0,1.4993,3.7,,,True,274.959390616583,0.9967612407974188,47.82399934935873,-0.22871142413222437,0.004,0.9999999877095141,45.60044806318847,11.43732945625349,2026-03-17 14:06:28.468000
XRPUSDT,1590710556.0,1.4993,3.7,,,True,275.1382608052761,0.9967692485499077,47.834769333097476,-0.22834585475719543,0.004,0.9999999877104715,45.65193236635807,11.442295320936728,2026-03-17 14:06:28.468000
XRPUSDT,1590710557.0,1.4993,3.7,,,True,275.3171697903338,0.9967772365674402,47.84553628335748,-0.2279807748574718,0.004,0.9999999877114523,45.70344246694341,11.447261186714291,2026-03-17 14:06:28.468000
XRPUSDT,1590710558.0,1.4993,3.7,,,True,275.49611756333957,0.9967852048983366,47.85630020325093,-0.22761618405052964,0.004,0.9999999877124554,45.75497826149021,11.452227053583885,2026-03-17 14:06:28.468000
XRPUSDT,1590710559.0,1.4993,3.7,,,True,275.6751041158822,0.9967931535908005,47.867061095885134,-0.2272520819532277,0.004,0.9999999877134819,45.80653974921853,11.45719292154433,2026-03-17 14:06:28.468000
XRPUSDT,1590710560.0,1.4993,3.7,,,True,275.85412943955595,0.9968010826929186,47.87781896436254,-0.22688846818167868,0.004,0.999999987714531,45.85812695217655,11.4621587905941,2026-03-17 14:06:28.468000
XRPUSDT,1590710561.0,1.4993,3.7,,,True,276.03319352596077,0.9968089922526622,47.888573811780766,-0.2265253423517067,0.004,0.9999999877156027,45.90973982656865,11.467124660731908,2026-03-17 14:06:28.468000
XRPUSDT,1590710562.0,1.4993,3.7,,,True,276.21229636670176,0.9968168823178859,47.8993256412326,-0.22616270407813976,0.004,0.9999999877166968,45.96137842770668,11.472090531956068,2026-03-17 14:06:28.468000
XRPUSDT,1590710563.0,1.4993,3.7,,,True,276.39143795338975,0.9968247529363289,47.91007445580599,-0.22580055297561114,0.004,0.9999999877178138,46.013042704596806,11.47705640426569,2026-03-17 14:06:28.468000
XRPUSDT,1590710564.0,1.4993,3.7,,,True,276.5706182776409,0.9968326041556154,47.920820258584065,-0.2254388886577237,0.004,0.9999999877189533,46.06473271102875,11.482022277659151,2026-03-17 14:06:28.468000
XRPUSDT,1590710565.0,1.4993,3.7,,,True,276.74983733107683,0.9968404360232545,47.931563052645174,-0.22507771073794236,0.004,0.9999999877201146,46.11644839078654,11.48698815213458,2026-03-17 14:06:28.468000
XRPUSDT,1590710566.0,1.4993,3.7,,,True,276.92909510532456,0.996848248586639,47.942302841062805,-0.22471701882884101,0.004,0.9999999877212986,46.168189792138406,11.491954027691104,2026-03-17 14:06:28.468000
XRPUSDT,1590710567.0,1.4993,3.7,,,True,277.10839159201663,0.9968560418930488,47.95303962690571,-0.22435681254249906,0.001,0.9999999877225048,46.219956896681495,11.49691989527034,2026-03-17 14:06:28.469000
XRPUSDT,1590710568.0,1.4993,9.2,,,True,277.2877265645621,0.9968638159896492,47.96377341255659,-0.22399681963179754,0.001,0.9999999877237322,46.30671950744066,11.501885763946127,2026-03-17 14:06:28.470000
XRPUSDT,1590710569.0,1.4993,3.5,,,True,277.4671002331832,0.996871570923491,47.97450420176027,-0.22363758485024582,0.001,0.9999999877249821,46.323384426260716,11.50685163371709,2026-03-17 14:06:28.470000
XRPUSDT,1590710570.0,1.4993,3.5,,,True,277.64651258952824,0.9968793067415114,47.98523199757115,-0.22327883451907382,0.001,0.9999999877262542,46.375228867426884,11.51181750458182,2026-03-17 14:06:28.470000
XRPUSDT,1590710571.0,1.4993,3.4,,,True,277.82596362525106,0.9968870234905344,47.99595680303883,-0.2229205682477936,0.001,0.9999999877275478,46.427099055876496,11.516783376539177,2026-03-17 14:06:28.470000
XRPUSDT,1590710572.0,1.4993,3.6,,,True,278.0054533320106,0.9968947212172705,48.00667862120815,-0.2225627856459196,0.001,0.9999999877288634,46.478994921193916,11.52174924958703,2026-03-17 14:06:28.470000
XRPUSDT,1590710573.0,1.4993,3.6,,,True,278.18498170147154,0.9969023999683171,48.017397455119244,-0.22220548632226206,0.001,0.9999999877302007,46.53091648506919,11.526715123724587,2026-03-17 14:06:28.470000
XRPUSDT,1590710574.0,1.4993,3.6,,,True,278.36454872530385,0.9969100597901591,48.02811330780746,-0.22184866988470164,0.001,0.9999999877315592,46.582863794878406,11.531680998950918,2026-03-17 14:06:28.470000
XRPUSDT,1590710575.0,1.4993,3.6,,,True,278.5441543951827,0.9969177007291691,48.03882618230343,-0.22149233594102308,0.001,0.9999999877329392,46.63483679352165,11.536646875263365,2026-03-17 14:06:28.470000
XRPUSDT,1590710576.0,1.4993,3.4,,,True,278.72379870278877,0.9969253228316073,48.04953608163308,-0.22113648409823417,0.001,0.9999999877343407,46.68683551208027,11.541612752661024,2026-03-17 14:06:28.470000
XRPUSDT,1590710577.0,1.4992,3.4,,,True,278.86497095708995,0.9969304825681911,48.0601253815537,-0.1736109612540569,0.048,0.9999999877326674,9210.842854587203,11.546578770758332,2026-03-17 14:06:28.518000
XRPUSDT,1590710578.0,1.4992,6.7,,,True,279.04468760186637,0.996938073159978,48.07082961455923,-0.22056479965325798,0.048,0.9999999877341117,-6185.794166963506,11.551544789747132,2026-03-17 14:06:28.518000
XRPUSDT,1590710579.0,1.4992,3.6,,,True,279.2244428575853,0.9969456450385434,48.08153088080593,-0.2202101761519109,0.048,0.9999999877355761,46.83428270544283,11.556510809532845,2026-03-17 14:06:28.518000
XRPUSDT,1590710580.0,1.4992,3.6,,,True,279.40423671417045,0.9969531982497378,48.09222918329697,-0.2198560312754382,0.048,0.9999999877370599,46.88666414303253,11.561476830114785,2026-03-17 14:06:28.518000
XRPUSDT,1590710581.0,1.4992,3.6,,,True,279.5840691633349,0.9969607328392999,48.102924525036336,-0.2195023668157917,0.048,0.9999999877385635,46.938782362909556,11.566442851491892,2026-03-17 14:06:28.518000
XRPUSDT,1590710582.0,1.4992,3.6,,,True,279.76394019679697,0.9969682488528581,48.1136169090233,-0.2191491823766784,0.048,0.999999987740086,46.99092629072956,11.5714088736631,2026-03-17 14:06:28.518000
XRPUSDT,1590710583.0,1.4992,3.6,,,True,279.9438498062802,0.9969757463359303,48.12430633825243,-0.2187964775610004,0.048,0.9999999877416292,47.04309596675526,11.5763748966277,2026-03-17 14:06:28.518000
XRPUSDT,1590710584.0,1.4992,3.6,,,True,280.1237979835136,0.9969832253339241,48.1349928157137,-0.2184442519715981,0.048,0.9999999877431912,47.09529133369135,11.581340920385037,2026-03-17 14:06:28.518000
XRPUSDT,1590710585.0,1.4992,3.5,,,True,280.3037847202317,0.9969906858921375,48.1456763443924,-0.21809250521061402,0.048,0.9999999877447724,47.14751241481116,11.586306944933883,2026-03-17 14:06:28.518000
XRPUSDT,1590710586.0,1.4992,3.5,,,True,280.4838100081741,0.9969981280557592,48.15635692726912,-0.2177412368796387,0.048,0.9999999877463733,47.19975921401087,11.59127297027302,2026-03-17 14:06:28.518000
XRPUSDT,1590710587.0,1.4992,3.4,,,True,280.66387383908574,0.9970055518698674,48.16703456731989,-0.2173904465797284,0.048,0.9999999877479929,47.25203174488774,11.596238996402606,2026-03-17 14:06:28.518000
XRPUSDT,1590710588.0,1.4992,3.6,,,True,280.8439762047168,0.9970129573794325,48.17770926751604,-0.21704013391145444,0.048,0.999999987749632,47.30432999824113,11.601205023320473,2026-03-17 14:06:28.518000
XRPUSDT,1590710589.0,1.4992,3.6,,,True,281.024117096823,0.9970203446293149,48.18838103082432,-0.2166902984751373,0.048,0.9999999877512908,47.35665394944878,11.606171051026815,2026-03-17 14:06:28.518000
XRPUSDT,1590710590.0,1.4992,3.4,,,True,281.2042965071653,0.9970277136642672,48.19904986020685,-0.21634093987037212,0.048,0.9999999877529673,47.4090036244967,11.611137079519743,2026-03-17 14:06:28.518000
XRPUSDT,1590710591.0,1.4991,3.6,,,True,281.3458855280277,0.9970327019396698,48.20960168692027,-0.16984081502801,0.048,0.9999999877515836,9321.88403609245,11.616103108780042,2026-03-17 14:06:28.518000
XRPUSDT,1590710592.0,1.4991,3.4,,,True,281.5261336894664,0.9970400405042833,48.22026491420408,-0.2157754583236732,0.048,0.999999987753299,-6259.349847635621,11.621069138917413,2026-03-17 14:06:28.518000
XRPUSDT,1590710593.0,1.4991,3.4,,,True,281.70642034797544,0.9970473609732952,48.230925215862044,-0.21542733658517135,0.048,0.9999999877550344,47.55456760184991,11.626035169838588,2026-03-17 14:06:28.518000
XRPUSDT,1590710594.0,1.4991,6.7,,,True,281.8867454935799,0.99705466339106,48.2415825948339,-0.21507968817907994,0.048,0.999999987756787,47.60730175788334,11.631001201543217,2026-03-17 14:06:28.518000
XRPUSDT,1590710595.0,1.4991,3.7,,,True,282.0671091180658,0.9970619478018258,48.252237054059954,-0.21473251480284666,0.048,0.9999999877585593,47.65977474292432,11.63596723403067,2026-03-17 14:06:28.518000
XRPUSDT,1590710596.0,1.4991,3.6,,,True,282.24751121322464,0.9970692142497325,48.26288859647596,-0.2143858160535202,0.048,0.99999998776035,47.712273421235395,11.640933267299465,2026-03-17 14:06:28.518000
XRPUSDT,1590710597.0,1.4991,3.6,,,True,282.4279517708531,0.9970764627788145,48.27353722501311,-0.21403959152709545,0.048,0.9999999877621585,47.764797865874925,11.645899301349075,2026-03-17 14:06:28.518000
XRPUSDT,1590710598.0,1.4991,3.4,,,True,282.6084307827529,0.9970836934329977,48.28418294259801,-0.21369384081963486,0.048,0.9999999877639858,47.81734801530509,11.650865336178347,2026-03-17 14:06:28.518000
XRPUSDT,1590710599.0,1.4991,3.6,,,True,282.78894824073143,0.9970909062561032,48.29482575215276,-0.21334856352646903,0.048,0.9999999877658312,47.86992390051466,11.655831371786878,2026-03-17 14:06:28.518000
XRPUSDT,1590710600.0,1.4991,3.4,,,True,282.96950413660096,0.9970981012918452,48.305465656594876,-0.2130037592425224,0.048,0.9999999877676944,47.92252551781182,11.660797408173437,2026-03-17 14:06:28.518000
XRPUSDT,1590710601.0,1.499,3.4,,,True,283.1113846395511,0.9971029716385152,48.31599103522003,-0.16721526502514222,2.97,0.9999999877665084,9401.485627039807,11.665771804264809,2026-03-17 14:06:31.488000
XRPUSDT,1590710602.0,1.499,0.3,,,True,283.2922119615041,0.9971101369195428,48.32662597325871,-0.21268345357049961,2.97,0.9999999877683622,-6345.625296591678,11.670746189640257,2026-03-17 14:06:31.488000
XRPUSDT,1590710603.0,1.499,3.3,,,True,283.47307747778285,0.9971172845297662,48.337258010843165,-0.21233874388199336,2.97,0.99999998777016,48.22726446028821,11.675720558708342,2026-03-17 14:06:31.488000
XRPUSDT,1590710604.0,1.499,0.4,,,True,283.65398107248404,0.9971244145125121,48.34788715058082,-0.21199438346896904,2.97,0.999999987771903,48.297510007769006,11.680694911496694,2026-03-17 14:06:31.488000
XRPUSDT,1590710605.0,1.499,3.7,,,True,283.8349227378563,0.997131526911001,48.358513395386446,-0.21165049900624217,2.97,0.9999999877735904,48.3499994076023,11.685669248033562,2026-03-17 14:06:31.488000
XRPUSDT,1590710606.0,1.499,2.6,,,True,284.01590246615336,0.9971386217683498,48.36913674817028,-0.21130709007132162,2.97,0.9999999877752225,48.402514390494595,11.690643568347113,2026-03-17 14:06:31.488000
XRPUSDT,1590710607.0,1.499,1.1,,,True,284.1969202496341,0.99714569912757,48.379757211837926,-0.21096415624152093,2.97,0.9999999877767998,48.455054933539365,11.69561787246484,2026-03-17 14:06:31.488000
XRPUSDT,1590710608.0,1.499,2.5,,,True,284.3779760805619,0.9971527590315695,48.3903747892905,-0.21062169709316156,2.97,0.9999999877783221,48.50762112101785,11.70059216041464,2026-03-17 14:06:31.488000
XRPUSDT,1590710609.0,1.499,1.2,,,True,284.5590699512056,0.997159801523152,48.40098948342447,-0.21027971220293035,2.97,0.9999999877797898,48.56021284899308,11.70556643222519,2026-03-17 14:06:31.488000
XRPUSDT,1590710610.0,1.499,2.4,,,True,284.74020185383836,0.9971668266450171,48.41160129713181,-0.2099382011463141,2.97,0.9999999877812038,48.612830235974776,11.710540687923881,2026-03-17 14:06:31.488000
XRPUSDT,1590710611.0,1.499,1.3,,,True,284.92137178073875,0.9971738344397615,48.42221023329996,-0.20959716349903337,2.97,0.9999999877825632,48.66547319382994,11.715514927538738,2026-03-17 14:06:31.488000
XRPUSDT,1590710612.0,1.499,2.3,,,True,285.1025797241898,0.9971808249498783,48.4328162948118,-0.20925659883598408,2.97,0.9999999877838679,48.71814178946071,11.720489151096622,2026-03-17 14:06:31.488000
XRPUSDT,1590710613.0,1.499,1.4,,,True,285.28382567647975,0.9971877982177577,48.44341948454568,-0.2089165067322787,2.97,0.9999999877851197,48.770835938630185,11.725463358626419,2026-03-17 14:06:31.488000
XRPUSDT,1590710614.0,1.499,2.2,,,True,285.46510962990146,0.997194754285687,48.45401980537546,-0.20857688676187386,2.97,0.9999999877863179,48.823555758102636,11.73043755015519,2026-03-17 14:06:31.488000
XRPUSDT,1590710615.0,1.499,1.5,,,True,285.64643157675295,0.997201693195851,48.464617260170456,-0.20823773849902957,2.97,0.9999999877874621,48.87630115298099,11.735411725710614,2026-03-17 14:06:31.488000
XRPUSDT,1590710616.0,1.499,2.1,,,True,285.82779150933663,0.9972086149903325,48.4752118517955,-0.2078990615172674,2.97,0.9999999877885538,48.929072173874154,11.740385885320805,2026-03-17 14:06:31.488000
XRPUSDT,1590710617.0,1.499,1.6,,,True,286.0091894199604,0.9972155197111117,48.48580358311092,-0.20756085538997665,2.97,0.9999999877895923,48.98186879806253,11.745360029012934,2026-03-17 14:06:31.488000
XRPUSDT,1590710618.0,1.499,1.9,,,True,286.1906253009367,0.9972224074000677,48.496392456972586,-0.20722311969006607,2.97,0.9999999877905776,49.03469103565529,11.750334156814219,2026-03-17 14:06:31.488000
XRPUSDT,1590710619.0,1.499,1.8,,,True,286.3720991445824,0.9972292780989778,48.506978476231865,-0.20688585398994336,2.97,0.9999999877915102,49.08753891546787,11.755308268752607,2026-03-17 14:06:31.488000
XRPUSDT,1590710620.0,1.499,1.6,,,True,286.5536109432199,0.9972361318495178,48.517561643735625,-0.20654905786193503,2.97,0.9999999877923907,49.140412398012536,11.760282364855708,2026-03-17 14:06:31.488000
XRPUSDT,1590710621.0,1.499,2.1,,,True,286.73516068917615,0.9972429686932623,48.5281419623263,-0.20621273087804642,2.97,0.9999999877932192,49.19331148309852,11.765256445150467,2026-03-17 14:06:31.488000
XRPUSDT,1590710622.0,1.499,1.5,,,True,286.9167483747828,0.9972497886716857,48.53871943484189,-0.20587687260957652,2.97,0.9999999877939953,49.24623622280324,11.770230509664628,2026-03-17 14:06:31.488000
XRPUSDT,1590710623.0,1.499,2.2,,,True,287.09837399237654,0.9972565918261608,48.549294064115905,-0.20554148262790545,2.97,0.9999999877947194,49.29918656097931,11.775204558424619,2026-03-17 14:06:31.488000
XRPUSDT,1590710624.0,1.499,1.4,,,True,287.2800375342987,0.9972633781979612,48.55986585297742,-0.20520656050366162,2.97,0.9999999877953919,49.352162553760294,11.78017859145966,2026-03-17 14:06:31.488000
XRPUSDT,1590710625.0,1.4989,3.6,,,True,287.4228254044752,0.9972679717803326,48.57032898647487,-0.16113580053637527,0.034,0.9999999877929724,9593.98491294225,11.785144525898641,2026-03-17 14:06:31.522000
XRPUSDT,1590710626.0,1.4989,3.4,,,True,287.60435947964413,0.9972747300784568,48.58089480730808,-0.20444239796478583,0.034,0.9999999877935928,-6407.914630617251,11.790110461303707,2026-03-17 14:06:31.522000
XRPUSDT,1590710627.0,1.4989,6.7,,,True,287.78593178040705,0.9972814717039546,48.59145779917477,-0.20410986580022294,0.034,0.9999999877942349,49.32522055234498,11.795076397610988,2026-03-17 14:06:31.522000
XRPUSDT,1590710628.0,1.4989,3.6,,,True,287.9675422975273,0.9972881966977322,48.60201796486696,-0.2037777941511368,0.034,0.9999999877948996,49.37872956793753,11.800042334820834,2026-03-17 14:06:31.522000
XRPUSDT,1590710629.0,1.4989,3.6,,,True,288.14919102296227,0.9972949051005962,48.612575307175554,-0.20344618393827849,0.034,0.9999999877955857,49.43206595992534,11.805008272931296,2026-03-17 14:06:31.522000
XRPUSDT,1590710630.0,1.4989,3.6,,,True,288.33087794867413,0.9973015969532539,48.623129828887144,-0.20311503474466625,0.034,0.9999999877962946,49.485428108941186,11.80997421194188,2026-03-17 14:06:31.522000
XRPUSDT,1590710631.0,1.4989,3.6,,,True,288.51260306663033,0.9973082722963144,48.63368153278405,-0.20278434615292218,0.034,0.999999987797024,49.538816020493016,11.8149401518509,2026-03-17 14:06:31.522000
XRPUSDT,1590710632.0,1.4989,3.6,,,True,288.6943663688033,0.9973149311702881,48.64423042164421,-0.20245411774540129,0.034,0.9999999877977759,49.59222968049134,11.819906092657924,2026-03-17 14:06:31.522000
XRPUSDT,1590710633.0,1.4989,3.5,,,True,288.8761678471706,0.9973215736155869,48.6547764982413,-0.20212434910401972,0.034,0.9999999877985483,49.64566910941553,11.824872034361645,2026-03-17 14:06:31.522000
XRPUSDT,1590710634.0,1.4989,3.4,,,True,289.05800749371474,0.9973281996725251,48.66531976534469,-0.2017950398104106,0.034,0.9999999877993426,49.699134294192156,11.829837976961016,2026-03-17 14:06:31.522000
XRPUSDT,1590710635.0,1.4989,3.6,,,True,289.2398853004235,0.9973348093813186,48.675860225719475,-0.2014661894458167,0.034,0.9999999878001582,49.75262524675311,11.834803920455293,2026-03-17 14:06:31.522000
XRPUSDT,1590710636.0,1.4989,3.6,,,True,289.4218012592895,0.997341402782086,48.686397882126464,-0.20113779759125167,0.034,0.9999999878009941,49.80614195106088,11.839769864842568,2026-03-17 14:06:31.522000
XRPUSDT,1590710637.0,1.4989,3.4,,,True,289.60375536231027,0.9973479799148481,48.69693273732218,-0.20080986382728402,0.034,0.9999999878018524,49.85968442935897,11.844735810122499,2026-03-17 14:06:31.522000
XRPUSDT,1590710638.0,1.4988,3.4,,,True,289.7467251040157,0.9973524317343863,48.70736195113801,-0.15763181895598705,0.034,0.999999987799703,9698.965670456302,11.849701756282006,2026-03-17 14:06:31.522000
XRPUSDT,1590710639.0,1.4988,3.4,,,True,289.9287472910983,0.997358981654754,48.717891444352865,-0.20027854300344114,0.034,0.999999987800604,-6511.029394714856,11.854667703391927,2026-03-17 14:06:31.522000
XRPUSDT,1590710640.0,1.4988,4.1,,,True,290.11080760125054,0.997365515413826,48.72841814409173,-0.19995179843258987,0.034,0.999999987801526,50.008665341117336,11.859633651391407,2026-03-17 14:06:31.522000
XRPUSDT,1590710641.0,1.4988,6.7,,,True,290.2929060253108,0.9973720330512673,48.7389420530921,-0.19962550918360944,0.034,0.9999999878024687,50.062503770547906,11.864599600279133,2026-03-17 14:06:31.522000
XRPUSDT,1590710642.0,1.4988,3.4,,,True,290.47504255530094,0.9973785346066465,48.74946317409036,-0.1992996761307081,0.034,0.9999999878034324,50.11616973144723,11.869565550054556,2026-03-17 14:06:31.522000
XRPUSDT,1590710643.0,1.4988,3.6,,,True,290.6572171832477,0.9973850201194359,48.75998150981865,-0.19897429885257198,0.034,0.9999999878044162,50.169861459461934,11.874531500715317,2026-03-17 14:06:31.522000
XRPUSDT,1590710644.0,1.4988,3.7,,,True,290.83942990118294,0.9973914896290124,48.77049706300486,-0.19864937692768805,0.034,0.9999999878054204,50.2235789346578,11.879497452262157,2026-03-17 14:06:31.522000
XRPUSDT,1590710645.0,1.4988,3.6,,,True,291.02168070114345,0.9973979431746572,48.78100983637269,-0.1983249099340228,0.034,0.999999987806446,50.277322191511445,11.884463404692687,2026-03-17 14:06:31.522000
XRPUSDT,1590710646.0,1.4988,3.6,,,True,291.20396957517113,0.9974043807955557,48.79151983264163,-0.19800089744926158,0.034,0.9999999878074911,50.33109123251492,11.889429358006655,2026-03-17 14:06:31.522000
XRPUSDT,1590710647.0,1.4988,3.4,,,True,291.3862965153126,0.9974108025307984,48.80202705452696,-0.19767733905100693,0.034,0.9999999878085569,50.384886020259614,11.894395312202258,2026-03-17 14:06:31.522000
XRPUSDT,1590710648.0,1.4988,3.6,,,True,291.5686615136198,0.9974172084193811,48.81253150473977,-0.19735423431621366,0.034,0.9999999878096432,50.43870660912493,11.8993612672795,2026-03-17 14:06:31.522000
XRPUSDT,1590710649.0,1.4988,3.4,,,True,291.7510645621495,0.997423598500204,48.82303318598696,-0.19703158282192773,0.034,0.9999999878107492,50.49255294679493,11.90432722323694,2026-03-17 14:06:31.522000
XRPUSDT,1590710650.0,1.4987,3.4,,,True,291.894382682775,0.997427923582666,48.83343192497127,-0.15466066186228714,0.05,0.9999999878088595,9796.557945973589,11.909293222387284,2026-03-17 14:06:31.572000
XRPUSDT,1590710651.0,1.4987,6.7,,,True,292.0768546848728,0.9974342872213138,48.8439283053522,-0.19650981100083914,0.05,0.9999999878100062,-6576.292504124285,11.914259222416074,2026-03-17 14:06:31.572000
XRPUSDT,1590710652.0,1.4987,3.7,,,True,292.25936471510437,0.9974406351559236,48.85442192435065,-0.1961883311217577,0.05,0.9999999878111737,50.6432247399831,11.9192252232347,2026-03-17 14:06:31.572000
XRPUSDT,1590710653.0,1.4987,3.6,,,True,292.4419127638391,0.9974469674250498,48.86491278465366,-0.1958673011787525,0.05,0.9999999878123598,50.697457200417325,11.924191224843245,2026-03-17 14:06:31.572000
XRPUSDT,1590710654.0,1.4987,3.6,,,True,292.6244988231594,0.9974532840671531,48.87540088894841,-0.19554672258571026,0.05,0.9999999878135654,50.75142580525584,11.929157227240315,2026-03-17 14:06:31.572000
XRPUSDT,1590710655.0,1.4987,3.6,,,True,292.80712288515303,0.9974595851206006,48.88588623991796,-0.19522659491793698,0.05,0.9999999878147903,50.80542014715695,11.93412323042436,2026-03-17 14:06:31.572000
XRPUSDT,1590710656.0,1.4987,3.6,,,True,292.98978494191266,0.9974658706236669,48.89636884024123,-0.19490691775005456,0.05,0.9999999878160342,50.85944028870534,11.9390892343956,2026-03-17 14:06:31.572000
XRPUSDT,1590710657.0,1.4987,3.5,,,True,293.1724849855356,0.9974721406145326,48.90684869259299,-0.1945876906565128,0.05,0.9999999878172978,50.913486220015415,11.944055239152947,2026-03-17 14:06:31.572000
XRPUSDT,1590710658.0,1.4987,3.4,,,True,293.35522300812465,0.9974783951312859,48.91732579964392,-0.19426891321172005,0.05,0.9999999878185797,50.96755790526264,11.949021244695196,2026-03-17 14:06:31.572000
XRPUSDT,1590710659.0,1.4987,3.6,,,True,293.537999001787,0.9974846342119231,48.927800164060535,-0.19395058498943818,0.05,0.9999999878198814,51.021655399341455,11.953987251021362,2026-03-17 14:06:31.572000
XRPUSDT,1590710660.0,1.4987,5.0,,,False,293.72081295863507,0.997490857894347,48.93827178850527,-0.19363270556344414,0.285,0.9999999878212016,51.075778670037856,11.958953870096455,2026-03-17 14:06:31.857000
XRPUSDT,1590710661.0,1.4987,3.4,,,False,293.9036798961413,0.9974970662163691,48.948740713092924,-0.19333111731792985,0.611,0.9999999878225376,48.57806093801813,11.96392133624495,2026-03-17 14:06:32.468000
XRPUSDT,1590710662.0,1.4987,3.6,,,False,294.08660557026906,0.9975032592157089,48.95920695453352,-0.1930359553626642,0.611,0.9999999878238829,47.66058238841532,11.968888800178194,2026-03-17 14:06:32.468000
XRPUSDT,1590710663.0,1.4987,3.6,,,False,294.2695691251994,0.9975094369299937,48.96967046337971,-0.19271921870680742,0.611,0.9999999878252349,51.27084893459997,11.973856261900352,2026-03-17 14:06:32.468000
XRPUSDT,1590710664.0,1.4987,3.6,,,False,294.452570553126,0.9975155993967599,48.9801312422804,-0.19240292990045615,0.611,0.9999999878265927,51.3250323856316,11.978823721414821,2026-03-17 14:06:32.468000
XRPUSDT,1590710665.0,1.4987,3.6,,,False,294.6356098462614,0.9975217466534525,48.990589293880426,-0.1920870885282036,0.611,0.9999999878279566,51.37923923599878,11.983791178728042,2026-03-17 14:06:32.468000
XRPUSDT,1590710666.0,1.4987,3.6,,,False,294.8186869968227,0.9975278787374258,49.00104462082053,-0.19177169415957715,0.611,0.9999999878293274,51.43347188354609,11.988758633841575,2026-03-17 14:06:32.468000
XRPUSDT,1590710667.0,1.4987,3.4,,,False,295.00180199703163,0.9975339956859423,49.01149722573739,-0.19145674636411408,0.611,0.9999999878307041,51.48773029789856,11.993726086761493,2026-03-17 14:06:32.468000
XRPUSDT,1590710668.0,1.4987,3.6,,,False,295.18495483911533,0.997540097536175,49.02194711126362,-0.19114224471111224,0.611,0.9999999878320872,51.54201447188129,11.998693537490862,2026-03-17 14:06:32.468000
XRPUSDT,1590710669.0,1.4987,3.4,,,False,295.36814551530523,0.997546184325206,49.03239428002774,-0.19082818876962224,0.611,0.9999999878334765,51.59632441494341,12.003660986035277,2026-03-17 14:06:32.468000
XRPUSDT,1590710670.0,1.4988,3.4,,,False,295.5906623018519,0.9975542066248301,49.04293448336159,-0.23117594823608903,0.006,0.9999999878378647,-5029.450576183617,12.008626882582764,2026-03-17 14:06:32.474000
XRPUSDT,1590710671.0,1.4988,3.4,,,False,295.7738986187934,0.9975602585876806,49.05337591720523,-0.1900444690587086,0.006,0.9999999878392736,6796.386592787646,12.01359278013113,2026-03-17 14:06:32.474000
XRPUSDT,1590710672.0,1.4988,3.6,,,False,295.95717280737074,0.997566295611862,49.06381464323614,-0.18973213571333655,0.006,0.9999999878407012,51.7363084832092,12.018558678688915,2026-03-17 14:06:32.474000
XRPUSDT,1590710673.0,1.4988,6.7,,,False,296.1404848599551,0.9975723177340682,49.07425066406315,-0.18942024553965803,0.006,0.9999999878421486,51.79074137039671,12.023524578254017,2026-03-17 14:06:32.474000
XRPUSDT,1590710674.0,1.4988,3.6,,,False,296.3238347687227,0.9975783249909039,49.08468398229056,-0.18910879790056773,0.006,0.9999999878436148,51.84523445657647,12.028490478826717,2026-03-17 14:06:32.474000
XRPUSDT,1590710675.0,1.4988,3.6,,,False,296.507222525854,0.9975843174188849,49.095114600518684,-0.18879779236639505,0.006,0.9999999878450997,51.899753349052986,12.033456380404319,2026-03-17 14:06:32.474000
XRPUSDT,1590710676.0,1.4988,175.8,,,False,296.6906481235345,0.9975902950544383,49.10554252134383,-0.18848722850730312,0.006,0.9999999878466052,51.95429803570649,12.03842228298644,2026-03-17 14:06:32.474000
XRPUSDT,1590710677.0,1.4988,3.6,,,False,296.8741115539549,0.9975962579339026,49.11596774735835,-0.1881771058932858,0.154,0.9999999878481283,52.00886851290221,12.043388561160196,2026-03-17 14:06:32.628000
XRPUSDT,1590710678.0,1.4988,0.1,,,False,297.0576220400198,0.997602206093527,49.126390303197404,-0.1878768492301835,0.154,0.9999999878496685,50.47891819689484,12.048354839565018,2026-03-17 14:06:32.628000
XRPUSDT,1590710679.0,1.4988,3.5,,,False,297.24117032802513,0.9976081395694743,49.13681016925346,-0.18756755739255818,0.154,0.9999999878512249,52.12658488473531,12.053321118200815,2026-03-17 14:06:32.628000
XRPUSDT,1590710680.0,1.4988,0.2,,,False,297.424756410194,0.9976140583978175,49.147227348107606,-0.18725870570214448,0.154,0.9999999878527963,52.181221097150775,12.058287397067541,2026-03-17 14:06:32.628000
XRPUSDT,1590710681.0,1.4988,3.4,,,False,297.608380278756,0.9976199626145428,49.15764184233695,-0.18695029372908836,0.154,0.9999999878543835,52.23588282832962,12.063253676166266,2026-03-17 14:06:32.628000
XRPUSDT,1590710682.0,1.4988,0.3,,,False,297.79204192594494,0.997625852255549,49.168053654514694,-0.1866423210415182,0.154,0.9999999878559866,52.2905703835644,12.068219955495694,2026-03-17 14:06:32.628000
XRPUSDT,1590710683.0,1.4988,3.1,,,False,297.9757413440001,0.9976317273566472,49.17846278721002,-0.18633478720754618,0.154,0.9999999878576051,52.345283737775404,12.07318623505703,2026-03-17 14:06:32.628000
XRPUSDT,1590710684.0,1.4988,0.6,,,False,298.15947852516496,0.9976375879535612,49.18886924298821,-0.18602769179510317,0.154,0.9999999878592389,52.40002289017535,12.078152514850292,2026-03-17 14:06:32.628000
XRPUSDT,1590710685.0,1.4988,2.8,,,False,298.3432534616884,0.9976434340819282,49.199273024410594,-0.18572103437201454,0.154,0.9999999878608874,52.45478782435419,12.083118794874261,2026-03-17 14:06:32.628000
XRPUSDT,1590710686.0,1.4988,0.9,,,False,298.5270661458235,0.9976492657772985,49.20967413403454,-0.18541481450559538,0.154,0.9999999878625517,52.50957860043654,12.088085075130845,2026-03-17 14:06:32.628000
XRPUSDT,1590710687.0,1.4988,2.7,,,False,298.7109165698283,0.9976550830751364,49.22007257441352,-0.18510903176328253,0.154,0.9999999878642314,52.56439515980713,12.093051355619114,2026-03-17 14:06:32.628000
XRPUSDT,1590710688.0,1.4988,1.0,,,False,298.894804725966,0.9976608860108188,49.23046834809706,-0.1848036857122615,0.154,0.9999999878659259,52.619237525947135,12.09801763633925,2026-03-17 14:06:32.628000
XRPUSDT,1590710689.0,1.4988,2.6,,,False,299.0787306065041,0.9976666746196374,49.2408614576308,-0.1844987759195476,0.154,0.9999999878676354,52.67410569072359,12.102983917291732,2026-03-17 14:06:32.628000
XRPUSDT,1590710690.0,1.4988,1.1,,,False,299.262694203715,0.9976724489367979,49.251251905556444,-0.18419430195180136,0.154,0.9999999878693604,52.72899968728777,12.10795019847616,2026-03-17 14:06:32.628000
XRPUSDT,1590710691.0,1.4988,2.5,,,False,299.44669550987584,0.9976782089974201,49.26163969441182,-0.18389026337572822,0.154,0.9999999878711002,52.783919477975225,12.112916479893215,2026-03-17 14:06:32.628000
XRPUSDT,1590710692.0,1.4988,1.2,,,False,299.6307345172685,0.9976839548365383,49.272024826730835,-0.18358665975774718,0.154,0.9999999878728548,52.83886508781768,12.11788276154213,2026-03-17 14:06:32.628000
XRPUSDT,1590710693.0,1.4988,2.4,,,False,299.8148112181797,0.9976896864891018,49.28240730504351,-0.1832834906642563,0.154,0.9999999878746244,52.89383648582005,12.122849043423482,2026-03-17 14:06:32.628000
XRPUSDT,1590710694.0,1.4988,1.3,,,False,299.998925604901,0.9976954039899742,49.29278713187604,-0.18298075566129846,0.154,0.9999999878764082,52.94883371481982,12.127815325538007,2026-03-17 14:06:32.628000
XRPUSDT,1590710695.0,1.4988,2.1,,,False,300.1830776697282,0.9977011073739351,49.303164309750656,-0.1826784543148002,0.154,0.9999999878782075,53.003856757919465,12.1327816078847,2026-03-17 14:06:32.628000
XRPUSDT,1590710696.0,1.4988,1.6,,,False,300.36726740496243,0.9977067966756785,49.313538841185775,-0.18237658619056327,0.154,0.9999999878800213,53.058905618427445,12.137747890464768,2026-03-17 14:06:32.628000
XRPUSDT,1590710697.0,1.4988,1.8,,,False,300.55149480290925,0.9977124719298147,49.32391072869595,-0.1820751508543583,0.154,0.9999999878818501,53.11398026786443,12.142714173277062,2026-03-17 14:06:32.628000
XRPUSDT,1590710698.0,1.4988,1.9,,,False,300.73575985587894,0.9977181331708697,49.33427997479189,-0.1817741478715107,0.154,0.9999999878836933,53.16908075919851,12.147680456322952,2026-03-17 14:06:32.628000
XRPUSDT,1590710699.0,1.4988,1.7,,,False,300.9200625561867,0.9977237804332848,49.34464658198042,-0.1814735768074838,0.001,0.9999999878855501,53.22420704604359,12.152646366170696,2026-03-17 14:06:32.629000
XRPUSDT,1590710700.0,1.4989,6.7,,,False,301.14392255760146,0.9977312233234038,49.35509991173273,-0.2198342046920039,0.12,0.9999999878903785,-5153.996266393935,12.157612567025748,2026-03-17 14:06:32.749000
XRPUSDT,1590710701.0,1.4989,3.6,,,False,301.3283065573828,0.9977368382632302,49.365461041595864,-0.18075956546311206,0.12,0.999999987892267,6959.048616156465,12.162578768091503,2026-03-17 14:06:32.749000
XRPUSDT,1590710702.0,1.4989,3.6,,,False,301.5127281793651,0.9977424393382227,49.37581954051939,-0.18046046562649665,0.12,0.9999999878941706,53.40043420541035,12.167544969561154,2026-03-17 14:06:32.749000
XRPUSDT,1590710703.0,1.4989,3.6,,,False,301.69718741973634,0.9977480265824615,49.38617541100243,-0.18016179950104041,0.12,0.9999999878960891,53.45499725622232,12.172511171434682,2026-03-17 14:06:32.749000
XRPUSDT,1590710704.0,1.4989,3.7,,,False,301.8816842708317,0.997753600029945,49.396528655531576,-0.17986356287273053,0.12,0.9999999878980228,53.510260785102204,12.177477373711955,2026-03-17 14:06:32.749000
XRPUSDT,1590710705.0,1.4989,3.4,,,False,302.0662187249912,0.9977591597145873,49.40687927658963,-0.17956575530632723,0.12,0.9999999878999707,53.56555012775464,12.182443576392707,2026-03-17 14:06:32.749000
XRPUSDT,1590710706.0,1.4989,3.6,,,False,302.250790774559,0.997764705670221,49.417227276655574,-0.179268376366301,0.12,0.9999999879019342,53.62086530540656,12.187409779476807,2026-03-17 14:06:32.749000
XRPUSDT,1590710707.0,1.4989,3.6,,,False,302.4354004118846,0.9977702379305958,49.42757265820459,-0.17897142561703488,0.12,0.9999999879039122,53.676206314935015,12.192375982964379,2026-03-17 14:06:32.749000
XRPUSDT,1590710708.0,1.4989,3.6,,,False,302.6200476293217,0.9977757565293797,49.43791542370813,-0.17867490262287616,0.12,0.9999999879059044,53.73157313540021,12.197342186854781,2026-03-17 14:06:32.749000
XRPUSDT,1590710709.0,1.4989,3.5,,,False,302.80473241922886,0.9977812615001579,49.44825557563377,-0.17837880694792835,0.12,0.9999999879079117,53.78696579444567,12.202308391147755,2026-03-17 14:06:32.749000
XRPUSDT,1590710710.0,1.4989,3.6,,,False,302.9894547739693,0.9977867528764341,49.45859311644539,-0.1780831381562696,0.12,0.9999999879099339,53.842384273892065,12.20727459584309,2026-03-17 14:06:32.749000
XRPUSDT,1590710711.0,1.4989,3.4,,,False,303.1742146859109,0.9977922306916308,49.46892804860309,-0.1777878958117235,0.12,0.9999999879119705,53.89782859522594,12.212240800941126,2026-03-17 14:06:32.749000
XRPUSDT,1590710712.0,1.4989,3.6,,,False,303.3590121474262,0.9977976949790883,49.479260374563175,-0.17749307947809573,0.12,0.9999999879140211,53.95329874573606,12.21720700644163,2026-03-17 14:06:32.749000
XRPUSDT,1590710713.0,1.4989,3.4,,,False,303.54384715089236,0.9978031457720664,49.489590096778244,-0.17719868871923344,0.12,0.9999999879160862,54.008794692004415,12.222173212343863,2026-03-17 14:06:32.749000
XRPUSDT,1590710714.0,1.499,3.6,,,False,303.7683590525675,0.9978103296109324,49.50000372959378,-0.21465990043484579,0.12,0.9999999879210998,-5214.650887134859,12.227139418685354,2026-03-17 14:06:32.749000
XRPUSDT,1590710715.0,1.499,3.4,,,False,303.95327717069995,0.9978157492011464,49.51032805557976,-0.1765014550926725,0.12,0.9999999879231919,7040.835900106532,12.232105625238589,2026-03-17 14:06:32.749000
XRPUSDT,1590710716.0,1.499,3.4,,,False,304.13823280252,0.9978211554067796,49.52064978558274,-0.17620850298965574,0.12,0.9999999879252988,54.188116932462236,12.237071832193433,2026-03-17 14:06:32.749000
XRPUSDT,1590710717.0,1.499,6.7,,,False,304.32322594421544,0.9978265482607421,49.530968922047684,-0.17591597812719717,0.12,0.99999998792742,54.24305284222803,12.24203803955047,2026-03-17 14:06:32.749000
XRPUSDT,1590710718.0,1.499,3.4,,,False,304.5082565881876,0.9978319277958649,49.541285467407555,-0.17562387645277766,0.12,0.9999999879295549,54.298683390154,12.247004247308018,2026-03-17 14:06:32.749000
XRPUSDT,1590710719.0,1.499,3.6,,,False,304.69332472684255,0.9978372940448981,49.55159942409162,-0.1753321975296309,0.12,0.9999999879317034,54.35433975311041,12.251970455466706,2026-03-17 14:06:32.749000
XRPUSDT,1590710720.0,1.499,3.6,,,False,304.8784303525906,0.9978426470405123,49.561910794525396,-0.17504094092063474,0.12,0.9999999879338669,54.41002197398495,12.25693666402739,2026-03-17 14:06:32.749000
XRPUSDT,1590710721.0,1.499,828.5,,,False,305.06357345784727,0.9978479868152988,49.57221958113077,-0.1747501061888143,0.12,0.9999999879360436,54.46573000651153,12.261902872988276,2026-03-17 14:06:32.749000
XRPUSDT,1590710722.0,1.499,3.4,,,False,305.24875403503233,0.9978533134017685,49.582525786325874,-0.17445969289695673,0.12,0.9999999879382341,54.521463888883716,12.26686908234972,2026-03-17 14:06:32.749000
XRPUSDT,1590710723.0,1.499,3.6,,,False,305.43397207657006,0.9978586268323542,49.59282941252517,-0.17416970060765774,0.12,0.9999999879404392,54.57722362710308,12.271835292111406,2026-03-17 14:06:32.749000
XRPUSDT,1590710724.0,1.499,3.4,,,False,305.6192275748896,0.997863927139409,49.60313046213944,-0.17388012888359877,0.12,0.9999999879426577,54.63300919445419,12.276801502272983,2026-03-17 14:06:32.749000
XRPUSDT,1590710725.0,1.4991,3.4,,,False,305.84424591266054,0.9978709125385705,49.61351324398829,-0.21063506685876243,0.01,0.9999999879478082,-5261.680417271567,12.281767455971845,2026-03-17 14:06:32.759000
XRPUSDT,1590710726.0,1.4991,3.4,,,False,306.0295779425177,0.9978761825008815,49.62380894293404,-0.1731884673106167,0.01,0.9999999879500537,7105.6674295570465,12.286733410586205,2026-03-17 14:06:32.759000
XRPUSDT,1590710727.0,1.4991,3.6,,,False,306.2149474151739,0.9978814394465646,49.63410207301821,-0.17290035233932058,0.01,0.9999999879523144,54.80653380584836,12.291699366130578,2026-03-17 14:06:32.759000
XRPUSDT,1590710728.0,1.4991,6.7,,,False,306.4003543233751,0.9978866834076333,49.64439263663622,-0.172612656145533,0.01,0.9999999879545916,54.86238170303511,12.296665322603339,2026-03-17 14:06:32.759000
XRPUSDT,1590710729.0,1.4991,333.7,,,False,306.5857986595598,0.9978919144160233,49.654680636179215,-0.17232537800115885,0.01,0.9999999879568832,54.918310764525465,12.301631280003399,2026-03-17 14:06:32.759000
XRPUSDT,1590710730.0,1.4991,5.1,,,False,306.7712804161719,0.9978971325035926,49.66496607403465,-0.172038517468876,0.01,0.9999999879591909,54.97426566254621,12.306597238330074,2026-03-17 14:06:32.759000
XRPUSDT,1590710731.0,1.4991,3.6,,,False,306.9567995856592,0.9979023377021208,49.67524895258636,-0.17175207411109492,0.01,0.9999999879615142,55.030246440960255,12.311563197582485,2026-03-17 14:06:32.759000
XRPUSDT,1590710732.0,1.4991,3.6,,,False,307.1423561604744,0.9979075300433109,49.68552927421459,-0.17146604749034566,0.01,0.9999999879638515,55.0862530554742,12.316529157759328,2026-03-17 14:06:32.759000
XRPUSDT,1590710733.0,1.4991,183.0,,,False,307.3279501330745,0.997912709558788,49.69580704129589,-0.17118043716903047,0.01,0.9999999879662056,55.142285524486816,12.32149511885908,2026-03-17 14:06:32.759000
XRPUSDT,1590710734.0,1.4991,154.0,,,False,307.5135814959215,0.9979178762801002,49.7060822562033,-0.17089524270949402,0.01,0.9999999879685733,55.19834384355288,12.326461080881051,2026-03-17 14:06:32.759000
XRPUSDT,1590710735.0,1.499,71.4,,,True,307.65944704976977,0.9979213736411731,49.71627251277141,-0.1341515960979621,0.477,0.9999999879680532,10506.106131476248,12.33142811560298,2026-03-17 14:06:33.236000
XRPUSDT,1590710736.0,1.4991,3.6,,,False,307.8849855657526,0.9979281715684671,49.72662509925983,-0.20682802325674488,0.032,0.9999999879733522,-10690.968587160094,12.33639412949637,2026-03-17 14:06:33.268000
XRPUSDT,1590710737.0,1.4991,3.4,,,False,308.0707303079593,0.997933300095552,49.73689267428036,-0.1700432420967521,0.032,0.9999999879757577,7172.582020347105,12.341360144155665,2026-03-17 14:06:33.268000
XRPUSDT,1590710738.0,1.4991,0.2,,,False,308.2565124072272,0.997938415953898,49.74715770656416,-0.16975969971102406,1.756,0.9999999879781771,55.424205784061,12.346330097023008,2026-03-17 14:06:35.024000
XRPUSDT,1590710739.0,1.4991,3.6,,,False,308.44243012809795,0.99794351917467,49.7574203998457,-0.16956596080642375,1.756,0.9999999879805976,37.96404530737225,12.351300042553378,2026-03-17 14:06:35.024000
XRPUSDT,1590710740.0,1.4991,2.8,,,False,308.62838502803294,0.997948609788957,49.76768055376869,-0.16928276290141606,1.756,0.9999999879830029,55.63138140812847,12.356269980753883,2026-03-17 14:06:35.024000
XRPUSDT,1590710741.0,1.499,3.4,,,True,308.7745258266871,0.9979520556326339,49.777856878238005,-0.1329046193702849,0.976,0.9999999879824962,10557.107908179003,12.361238138837662,2026-03-17 14:06:36
XRPUSDT,1590710742.0,1.499,3.6,,,True,308.9605027818026,0.9979571251590235,49.78811205501918,-0.1687827776465276,0.976,0.9999999879848775,-7077.220931343318,12.366206294767968,2026-03-17 14:06:36
XRPUSDT,1590710743.0,1.499,3.6,,,True,309.14651699931795,0.9979621821618215,49.79836469973936,-0.16850090330887216,0.976,0.9999999879872572,55.7394070976229,12.371174447073317,2026-03-17 14:06:36
XRPUSDT,1590710744.0,1.499,3.6,,,True,309.3325684421151,0.9979672266718398,49.80861481467954,-0.16821941473313473,0.976,0.9999999879896347,55.800974667218654,12.376142595761012,2026-03-17 14:06:36
XRPUSDT,1590710745.0,1.499,3.6,,,True,309.5186571028267,0.9979722587198137,49.81886240217786,-0.1679383384524888,0.976,0.999999987992011,55.85723389480407,12.381110740837437,2026-03-17 14:06:36
XRPUSDT,1590710746.0,1.499,3.6,,,True,309.7047829740901,0.9979772783364044,49.8291074645689,-0.16765767402491513,0.976,0.9999999879943852,55.91351899120154,12.386078882309953,2026-03-17 14:06:36
XRPUSDT,1590710747.0,1.499,3.6,,,True,309.8909460485471,0.9979822855521983,49.83935000418365,-0.16737742100854264,0.976,0.9999999879967579,55.969829923208394,12.391047020184965,2026-03-17 14:06:36
XRPUSDT,1590710748.0,1.499,175.1,,,True,310.07714631884375,0.9979872803977066,49.84959002334963,-0.16709757896151237,0.976,0.9999999879991283,56.026166688172836,12.396015154469277,2026-03-17 14:06:36
XRPUSDT,1590710749.0,1.499,5.0,,,True,310.2633837776303,0.9979922629033665,49.85982752439074,-0.16681814744169454,0.776,0.9999999880014976,56.08252933141776,12.400982836477873,2026-03-17 14:06:36.776000
XRPUSDT,1590710750.0,1.499,4.1,,,True,310.44964719567747,0.9979972330995408,49.87006248723108,-0.16652911987697402,0.249,0.9999999880038667,58.15214421826834,12.405949335513569,2026-03-17 14:06:37.025000
XRPUSDT,1590710751.0,1.4991,0.6,,,False,310.6758520358181,0.9980037834327865,49.880374348090726,-0.2016949414585664,3.228,0.9999999880091233,-5368.554585320032,12.41092249621098,2026-03-17 14:06:40.253000
XRPUSDT,1590710752.0,1.4991,3.6,,,False,310.8623350284036,0.9980087251665476,49.89060437847401,-0.16599066947332985,3.228,0.9999999880114845,7225.049691340691,12.415895638101,2026-03-17 14:06:40.253000
XRPUSDT,1590710753.0,1.4991,3.6,,,False,311.0488548705781,0.9980136546911488,49.9008318985479,-0.16571234370907853,3.228,0.9999999880138067,56.46097479350234,12.420868766005057,2026-03-17 14:06:40.253000
XRPUSDT,1590710754.0,1.4991,3.6,,,False,311.23541165209735,0.9980185720366336,49.91105691081864,-0.1654345145501644,3.228,0.9999999880160888,56.499824910188266,12.42584187994876,2026-03-17 14:06:40.253000
XRPUSDT,1590710755.0,1.4991,333.6,,,False,311.4220053659239,0.9980234772329728,49.92127941759639,-0.165157095455228,3.228,0.999999988018331,56.55616528907082,12.430814979955922,2026-03-17 14:06:40.253000
XRPUSDT,1590710756.0,1.4991,3.6,,,False,311.6086360050237,0.9980283703100636,49.93149942118772,-0.16488008597388476,3.228,0.9999999880205348,56.61253158300641,12.435788066052242,2026-03-17 14:06:40.253000
XRPUSDT,1590710757.0,1.4991,3.6,,,False,311.7953035623672,0.9980332512977305,49.9417169238958,-0.1646034856563449,3.228,0.9999999880226988,56.668923672974444,12.440761138262495,2026-03-17 14:06:40.253000
XRPUSDT,1590710758.0,1.4991,3.6,,,False,311.98200803092897,0.9980381202257248,49.951931928020144,-0.16432729405265817,3.228,0.9999999880248239,56.72534159630805,12.445734196610601,2026-03-17 14:06:40.253000
XRPUSDT,1590710759.0,1.4991,3.5,,,False,312.16874940368734,0.9980429771237254,49.96214443585684,-0.16405151071287757,3.228,0.9999999880269103,56.78178535945737,12.450707241121972,2026-03-17 14:06:40.253000
XRPUSDT,1590710760.0,1.4991,3.5,,,False,312.355527673625,0.9980478220213389,49.97235444969842,-0.16377613518712364,3.228,0.9999999880289575,56.838254947675274,12.455680271821244,2026-03-17 14:06:40.253000
XRPUSDT,1590710761.0,1.4991,3.5,,,False,312.54234283372836,0.9980526549480991,49.98256197183397,-0.16350116702552073,3.228,0.9999999880309663,56.89475037473623,12.460653288732939,2026-03-17 14:06:40.253000
XRPUSDT,1590710762.0,1.4991,3.4,,,False,312.7291948769884,0.9980574759334687,49.992767004548995,-0.1632266057782845,3.228,0.999999988032937,56.95127161527689,12.465626291881781,2026-03-17 14:06:40.253000
XRPUSDT,1590710763.0,1.4991,3.6,,,False,312.91608379639985,0.9980622850068374,50.00296955012561,-0.16295245099551664,3.228,0.9999999880348689,57.00781871112034,12.470599281291909,2026-03-17 14:06:40.253000
XRPUSDT,1590710764.0,1.4992,3.6,,,False,313.14304463412833,0.9980686228948414,50.013246696762586,-0.19735829678300681,0.007,0.9999999880396265,-5428.597943878181,12.475565214202174,2026-03-17 14:06:40.260000
XRPUSDT,1590710765.0,1.4992,3.4,,,False,313.32983856453484,0.9980734044251404,50.02344376027001,-0.16215086050232316,0.007,0.9999999880415059,7363.215138174084,12.480531148043784,2026-03-17 14:06:40.260000
XRPUSDT,1590710766.0,1.4992,6.7,,,False,313.5166696451995,0.9980781741405492,50.03363834610171,-0.161878911963959,0.007,0.999999988043402,57.015673903533106,12.485497082826535,2026-03-17 14:06:40.260000
XRPUSDT,1590710767.0,1.4992,3.6,,,False,313.70353786894077,0.9980829320701492,50.04383045651425,-0.16160736477853888,0.007,0.9999999880453135,57.072552191943444,12.490463018549791,2026-03-17 14:06:40.260000
XRPUSDT,1590710768.0,1.4992,3.6,,,False,313.89044322837304,0.9980876782429503,50.05402009376032,-0.16133621832659978,0.007,0.9999999880472418,57.129494289772474,12.495428955212306,2026-03-17 14:06:40.260000
XRPUSDT,1590710769.0,1.4992,13.7,,,False,314.0773857161155,0.9980924126878923,50.06420726008931,-0.1610654721696598,0.007,0.9999999880491851,57.18646224806241,12.500394892812375,2026-03-17 14:06:40.260000
XRPUSDT,1590710770.0,1.4992,3.5,,,False,314.26436532479096,0.9980971354338433,50.07439195774712,-0.1607951258689191,0.007,0.9999999880511449,57.24345614749912,12.505360831349247,2026-03-17 14:06:40.260000
XRPUSDT,1590710771.0,1.4992,3.6,,,False,314.4513820470274,0.9981018465096019,50.0845741889763,-0.16052517898601115,0.007,0.9999999880531201,57.300475886946245,12.51032677082183,2026-03-17 14:06:40.260000
XRPUSDT,1590710772.0,1.4992,3.6,,,False,314.63843587545665,0.9981065459438955,50.094753956016014,-0.1602556310822849,0.007,0.999999988055111,57.35752154114496,12.515292711229355,2026-03-17 14:06:40.260000
XRPUSDT,1590710773.0,1.4992,3.6,,,False,314.8255268027152,0.9981112337653822,50.10493126110205,-0.15998648171917956,0.007,0.9999999880571175,57.41459308228814,12.52025865257055,2026-03-17 14:06:40.260000
XRPUSDT,1590710774.0,1.4992,3.5,,,False,315.01265482144396,0.9981159100026489,50.11510610646683,-0.15971773045827664,0.007,0.9999999880591396,57.471690502241195,12.525224594843866,2026-03-17 14:06:40.260000
XRPUSDT,1590710775.0,1.4992,3.5,,,False,315.1998199242881,0.998120574684214,50.12527849433938,-0.1594493768608914,0.001,0.9999999880611775,57.528813840489256,12.530190525176971,2026-03-17 14:06:40.261000
XRPUSDT,1590710776.0,1.4992,3.4,,,False,315.3870217802162,0.9981252278385252,50.13544842634064,-0.15918114599632532,0.001,0.9999999880632308,57.64495364373998,12.53515645646678,2026-03-17 14:06:40.261000
XRPUSDT,1590710777.0,1.4992,3.6,,,False,315.5742607061074,0.9981298694939612,50.14561590530172,-0.1589135879034534,0.001,0.9999999880652994,57.64281656845435,12.540122388712755,2026-03-17 14:06:40.261000
XRPUSDT,1590710778.0,1.4992,3.5,,,False,315.7615366946193,0.9981344996788315,50.15578093344156,-0.15864642615283064,0.001,0.9999999880673833,57.70001805693421,12.545088321912743,2026-03-17 14:06:40.261000
XRPUSDT,1590710779.0,1.4992,3.6,,,False,315.9488497384136,0.9981391184213759,50.16594351297581,-0.15837966030608164,0.001,0.9999999880694826,57.75724543705282,12.550054256067495,2026-03-17 14:06:40.261000
XRPUSDT,1590710780.0,1.4993,3.4,,,False,316.17635973760207,0.9981452053775792,50.176177912720405,-0.1918482753135445,1.032,0.9999999880744388,-5498.415610304711,12.55502238475126,2026-03-17 14:06:41.293000
XRPUSDT,1590710781.0,1.4993,0.3,,,False,316.3638100300255,0.9981497976633025,50.18633553465589,-0.15779480916619876,1.032,0.9999999880765605,7415.363110999603,12.559990508363729,2026-03-17 14:06:41.293000
XRPUSDT,1590710782.0,1.4993,3.7,,,False,316.5512972313426,0.9981543786000101,50.19649071425973,-0.15752910565882552,1.032,0.999999988078681,58.002003592529995,12.564958628378204,2026-03-17 14:06:41.293000
XRPUSDT,1590710783.0,1.4993,2.7,,,False,316.7388213642605,0.9981589482156449,50.206643453792076,-0.1572638222572697,1.032,0.9999999880808002,58.0537670470553,12.569926744801071,2026-03-17 14:06:41.293000
XRPUSDT,1590710784.0,1.4993,1.0,,,False,316.92638242159,0.998163506538082,50.21679375545442,-0.15699893336995105,1.032,0.9999999880829186,58.11104654746985,12.57489485763922,2026-03-17 14:06:41.293000
XRPUSDT,1590710785.0,1.4993,2.6,,,False,317.1139803961463,0.9981680535951277,50.22694162144497,-0.156734438555542,1.032,0.9999999880850352,58.16835191337826,12.579862966899233,2026-03-17 14:06:41.293000
XRPUSDT,1590710786.0,1.4993,1.1,,,False,317.30161528074836,0.9981725894145211,50.23708705395866,-0.15647033737258004,1.032,0.999999988087151,58.225683179853064,12.584831072588594,2026-03-17 14:06:41.293000
XRPUSDT,1590710787.0,1.4993,2.5,,,False,317.4892870682197,0.998177114023933,50.247230055187025,-0.1562066293797039,1.032,0.9999999880892663,58.28304033971831,12.589799174713336,2026-03-17 14:06:41.293000
XRPUSDT,1590710788.0,1.4993,1.2,,,False,317.676995751388,0.998181627450967,50.257370627318366,-0.15594331413552878,1.032,0.99999998809138,58.34042340727706,12.59476727328157,2026-03-17 14:06:41.293000
XRPUSDT,1590710789.0,1.4993,2.4,,,False,317.864741323085,0.9981861297231583,50.26750877253766,-0.15568039119889807,1.032,0.9999999880934926,58.39783235075433,12.599735368298044,2026-03-17 14:06:41.293000
XRPUSDT,1590710790.0,1.4993,1.3,,,False,318.05252377614676,0.9981906208679759,50.27764449302657,-0.15541786012856496,1.032,0.9999999880956049,58.45526719700324,12.604703459770935,2026-03-17 14:06:41.293000
XRPUSDT,1590710791.0,1.4993,2.3,,,False,318.2403431034136,0.9981951009128208,50.28777779096353,-0.15515572048341497,1.032,0.999999988097716,58.512727936111965,12.609671547707004,2026-03-17 14:06:41.293000
XRPUSDT,1590710792.0,1.4993,1.4,,,False,318.4281992977297,0.998199569885028,50.29790866852364,-0.15489397182222372,1.032,0.9999999880998264,58.57021459442439,12.614639632112077,2026-03-17 14:06:41.293000
XRPUSDT,1590710793.0,1.4993,2.2,,,False,318.6160923519439,0.9982040278118645,50.30803712787877,-0.1546326137041585,1.032,0.9999999881019349,58.62772711476276,12.619607712993314,2026-03-17 14:06:41.293000
XRPUSDT,1590710794.0,1.4993,1.5,,,False,318.80402225890884,0.9982084747205313,50.31816317119746,-0.15437164568814987,1.032,0.9999999881040438,58.68526555396713,12.62457579035786,2026-03-17 14:06:41.293000
XRPUSDT,1590710795.0,1.4993,2.1,,,False,318.9919890114815,0.9982129106381632,50.32828680064505,-0.15411106733322993,1.032,0.9999999881061514,58.74282990445282,12.62954386421233,2026-03-17 14:06:41.293000
XRPUSDT,1590710796.0,1.4993,1.6,,,False,319.1799926025231,0.998217335591828,50.33840801838358,-0.15385087819862597,1.032,0.9999999881082581,58.80042014287208,12.634511934562711,2026-03-17 14:06:41.293000
XRPUSDT,1590710797.0,1.4993,3.7,,,False,319.3680330248988,0.9982217496085276,50.34852682657186,-0.153591077843519,1.032,0.9999999881103641,58.85803629398485,12.639480001416858,2026-03-17 14:06:41.293000
XRPUSDT,1590710798.0,1.4993,3.7,,,False,319.5561102714781,0.9982261527151981,50.35864322736545,-0.15333166582723567,1.032,0.9999999881124695,58.91567833725456,12.644448064780335,2026-03-17 14:06:41.293000
XRPUSDT,1590710799.0,1.4993,3.7,,,False,319.74422433513473,0.9982305449387091,50.36875722291664,-0.15307264170906734,1.032,0.9999999881145737,58.97334630607956,12.649416124660222,2026-03-17 14:06:41.293000
XRPUSDT,1590710800.0,1.4993,3.7,,,False,319.93237520874624,0.9982349263058652,50.37886881537453,-0.1528140050485193,1.032,0.9999999881166777,59.03104016039104,12.654384181063469,2026-03-17 14:06:41.293000
XRPUSDT,1590710801.0,1.4993,3.7,,,False,320.12056288519483,0.9982392968434054,50.38897800688495,-0.1525557554050448,1.032,0.999999988118781,59.08875992907815,12.659352233996216,2026-03-17 14:06:41.293000
XRPUSDT,1590710802.0,1.4993,3.7,,,False,320.30878735736644,0.9982436565780026,50.39908479959055,-0.15229789233825675,1.032,0.9999999881208833,59.14650560429378,12.664320283465416,2026-03-17 14:06:41.293000
XRPUSDT,1590710803.0,1.4993,309.8,,,False,320.49704861815127,0.9982480055362652,50.40918919563073,-0.15204041540772617,0.004,0.9999999881229851,59.20427720436823,12.669286226989017,2026-03-17 14:06:41.297000
XRPUSDT,1590710804.0,1.4993,3.5,,,False,320.6852934923014,0.9982523437447364,50.419291104526685,-0.15174058179670769,0.004,0.9999999881250923,69.11461563324717,12.674252171442111,2026-03-17 14:06:41.297000
XRPUSDT,1590710805.0,1.4993,3.5,,,False,320.873575230793,0.9982566712298943,50.42939062164058,-0.15148410934548506,0.004,0.9999999881272149,59.265934339564396,12.679218116821312,2026-03-17 14:06:41.297000
XRPUSDT,1590710806.0,1.4993,3.4,,,False,321.0618938264055,0.998260988018152,50.439487749099136,-0.15122802077804515,0.004,0.999999988129352,59.323865834903074,12.684184063127367,2026-03-17 14:06:41.297000
XRPUSDT,1590710807.0,1.4993,3.5,,,False,321.2502492719224,0.998265294135859,50.449582489025886,-0.15097231565735666,0.004,0.9999999881315036,59.38182327782207,12.689150010358372,2026-03-17 14:06:41.297000
XRPUSDT,1590710808.0,1.4993,3.6,,,False,321.4386415601317,0.9982695896092988,50.459674843541215,-0.1507169935466987,0.004,0.9999999881336693,59.439806632360174,12.69411595851316,2026-03-17 14:06:41.297000
XRPUSDT,1590710809.0,1.4993,3.6,,,False,321.62707068382514,0.998273874464692,50.46976481476229,-0.15046205400917292,0.004,0.9999999881358503,59.49781594318829,12.699081907591069,2026-03-17 14:06:41.297000
XRPUSDT,1590710810.0,1.4993,3.6,,,False,321.815536635799,0.9982781487281944,50.47985240480313,-0.15020749660828978,0.004,0.9999999881380459,59.55585113929941,12.704047857590227,2026-03-17 14:06:41.297000
XRPUSDT,1590710811.0,1.4993,3.6,,,False,322.0040394088539,0.9982824124258983,50.48993761577461,-0.1499533209073819,0.004,0.9999999881402554,59.6139122798147,12.709013808510855,2026-03-17 14:06:41.297000
XRPUSDT,1590710812.0,1.4993,3.6,,,False,322.19257899579435,0.9982866655838316,50.500020449784444,-0.14969952646991347,0.004,0.9999999881424797,59.67199935890267,12.713979760350657,2026-03-17 14:06:41.297000
XRPUSDT,1590710813.0,1.4993,3.6,,,False,322.38115538942935,0.9982909082279584,50.51010090893719,-0.1494461128595666,0.004,0.9999999881447175,59.73011234819117,12.718945713109342,2026-03-17 14:06:41.297000
XRPUSDT,1590710814.0,1.4993,3.4,,,False,322.56976858257195,0.9982951403841802,50.52017899533425,-0.1491930796400023,0.019,0.9999999881469702,59.78825126079802,12.72391169689788,2026-03-17 14:06:41.316000
XRPUSDT,1590710815.0,1.4993,3.6,,,False,322.75841933116044,0.9982993620783344,50.53025471236752,-0.14894102724197728,0.019,0.9999999881492364,59.70408770073707,12.728877681540181,2026-03-17 14:06:41.316000
XRPUSDT,1590710816.0,1.4993,3.6,,,False,322.9471068636024,0.9983035733361951,50.54032806082996,-0.1486887502079342,0.019,0.9999999881515169,59.90538750749222,12.733843667034922,2026-03-17 14:06:41.316000
XRPUSDT,1590710817.0,1.4993,3.6,,,False,323.13583117272555,0.9983077741834739,50.5503990428136,-0.1484368522694003,0.019,0.9999999881538113,59.963603010374,12.738809653382058,2026-03-17 14:06:41.316000
XRPUSDT,1590710818.0,1.4993,3.6,,,False,323.32459225136154,0.9983119646458191,50.56046766040741,-0.14818533299024825,0.019,0.9999999881561195,60.02184447376014,12.743775640579601,2026-03-17 14:06:41.316000
XRPUSDT,1590710819.0,1.4993,3.5,,,False,323.51339009234624,0.9983161447488165,50.570533915697204,-0.1479341919346272,0.019,0.9999999881584412,60.08011184813699,12.748741628626968,2026-03-17 14:06:41.316000
XRPUSDT,1590710820.0,1.4993,3.6,,,False,323.70222468851995,0.9983203145179885,50.58059781076568,-0.14768342866670853,0.019,0.9999999881607764,60.138405166185294,12.75370761752361,2026-03-17 14:06:41.316000
XRPUSDT,1590710821.0,1.4993,3.6,,,False,323.8910960327266,0.9983244739787964,50.59065934769243,-0.14743304275061947,0.019,0.9999999881631261,60.19672444413447,12.758673607268511,2026-03-17 14:06:41.316000
XRPUSDT,1590710822.0,1.4993,3.5,,,False,324.080004117815,0.9983286231566384,50.600718528554,-0.14718303375103467,0.019,0.9999999881654886,60.25506958408987,12.763639597860132,2026-03-17 14:06:41.316000
XRPUSDT,1590710823.0,1.4993,3.5,,,False,324.26894893663757,0.9983327620768501,50.610775355423755,-0.14693340123210258,0.019,0.9999999881678644,60.31344074431365,12.768605589298359,2026-03-17 14:06:41.316000
XRPUSDT,1590710824.0,1.4993,3.4,,,False,324.4579304820511,0.998336890764706,50.62082983037204,-0.146684144758529,0.019,0.9999999881702543,60.371837802052866,12.773571581581068,2026-03-17 14:06:41.316000
XRPUSDT,1590710825.0,1.4993,3.4,,,False,324.64694874691685,0.9983410092454182,50.63088195546604,-0.14643526389509476,0.019,0.9999999881726568,60.430260774141246,12.778537574709292,2026-03-17 14:06:41.316000
XRPUSDT,1590710826.0,1.4993,3.6,,,False,324.83600372409967,0.9983451175441374,50.64093173276996,-0.14618675820632068,0.003,0.9999999881750737,60.488709746999916,12.783503537207341,2026-03-17 14:06:41.319000
XRPUSDT,1590710827.0,1.4993,3.6,,,False,325.02509460701896,0.9983492156859527,50.65097916302933,-0.14593801191212163,0.003,0.9999999881775022,60.69733684364865,12.788469500613608,2026-03-17 14:06:41.319000
XRPUSDT,1590710828.0,1.4993,3.4,,,False,325.2142221893556,0.9983533036958914,50.6610242496264,-0.14569025864023427,0.003,0.9999999881799462,60.60486045875741,12.79343546492743,2026-03-17 14:06:41.319000
XRPUSDT,1590710829.0,1.4993,3.4,,,False,325.4033864639856,0.9983573815989198,50.671066994616126,-0.14544287922469856,0.003,0.9999999881824024,60.66338846417511,12.798401430146646,2026-03-17 14:06:41.319000
XRPUSDT,1590710830.0,1.4993,3.5,,,False,325.5925874237887,0.9983614494199435,50.681107400050315,-0.14519587323052338,0.003,0.9999999881848722,60.721942469120556,12.803367396270826,2026-03-17 14:06:41.319000
XRPUSDT,1590710831.0,1.4993,3.6,,,False,325.78182506164904,0.9983655071838065,50.69114546797778,-0.1449492402233186,0.003,0.9999999881873549,60.78052236074747,12.808333363299752,2026-03-17 14:06:41.319000
XRPUSDT,1590710832.0,1.4993,3.6,,,False,325.9710993704546,0.9983695549152922,50.70118120044426,-0.1447029797683506,0.003,0.9999999881898513,60.83912824600058,12.813299331230466,2026-03-17 14:06:41.319000
XRPUSDT,1590710833.0,1.4993,3.6,,,False,326.160410343098,0.9983735926391237,50.71121459949246,-0.14445709143134738,0.003,0.9999999881923607,60.897760041064636,12.818265300063189,2026-03-17 14:06:41.319000
XRPUSDT,1590710834.0,1.4993,3.6,,,False,326.34975797247546,0.9983776203799628,50.72124566716206,-0.14421157477795976,0.003,0.9999999881948831,60.956417802702916,12.823231269797041,2026-03-17 14:06:41.319000
XRPUSDT,1590710835.0,1.4993,1081.7,,,False,326.5391422514876,0.9983816381624117,50.73127440548968,-0.1439664293740319,0.003,0.9999999881974185,61.01510150157248,12.82819724043033,2026-03-17 14:06:41.319000
XRPUSDT,1590710836.0,1.4993,3.5,,,False,326.7285631730391,0.9983856460110117,50.741300816508954,-0.14372165478551818,0.008,0.9999999881999675,61.0738111499393,12.833163221631454,2026-03-17 14:06:41.327000
XRPUSDT,1590710837.0,1.4993,3.5,,,False,326.9180209761306,0.9983896439502451,50.75132490264551,-0.14347743644352012,0.008,0.9999999882025294,61.08605652505628,12.838129203710308,2026-03-17 14:06:41.327000
XRPUSDT,1590710838.0,1.4993,3.4,,,False,327.10751540716456,0.9983936320045326,50.761346665529274,-0.14323340116390199,0.008,0.9999999882051028,61.19156411301616,12.843095186665256,2026-03-17 14:06:41.327000
XRPUSDT,1590710839.0,1.4993,3.6,,,False,327.2970464590587,0.9983976101982365,50.77136610718481,-0.14298973540237542,0.008,0.9999999882076902,61.250351205266526,12.848061170496603,2026-03-17 14:06:41.327000
XRPUSDT,1590710840.0,1.4993,3.6,,,False,327.4866141247347,0.9984015785556589,50.781383229633676,-0.14274643872525206,0.008,0.9999999882102902,61.309164277195904,12.853027155201016,2026-03-17 14:06:41.327000
XRPUSDT,1590710841.0,1.4993,3.6,,,False,327.6762183971184,0.9984055371010423,50.79139803489446,-0.14250351069912087,0.008,0.9999999882129023,61.36800329519626,12.85799314077964,2026-03-17 14:06:41.327000
XRPUSDT,1590710842.0,1.4993,3.5,,,False,327.86585926913983,0.9984094858585705,50.80141052498276,-0.14226095089075488,0.008,0.9999999882155268,61.426868232555236,12.862959127230303,2026-03-17 14:06:41.327000
XRPUSDT,1590710843.0,1.4993,3.6,,,False,328.055536733733,0.9984134248523672,50.81142070191116,-0.14201875886682414,0.008,0.9999999882181644,61.48575916369796,12.867925114552964,2026-03-17 14:06:41.327000
XRPUSDT,1590710844.0,1.4993,3.6,,,False,328.2452507838361,0.9984173541064972,50.82142856768925,-0.1417769341943364,0.008,0.9999999882208144,61.54467603341243,12.872891102746056,2026-03-17 14:06:41.327000
XRPUSDT,1590710845.0,1.4993,3.6,,,False,328.4350014123914,0.998421273644967,50.831434124323685,-0.14153547644033604,0.008,0.9999999882234767,61.60361886011644,12.877857091808764,2026-03-17 14:06:41.327000
XRPUSDT,1590710846.0,1.4993,3.4,,,False,328.624788612345,0.9984251834917238,50.841437373818096,-0.1412943851719845,0.02,0.999999988226152,61.66258765314311,12.882823104554152,2026-03-17 14:06:41.347000
XRPUSDT,1590710847.0,1.4993,3.6,,,False,328.8146129584113,0.9984290836706563,50.85143831908428,-0.14105409108894346,0.02,0.999999988228839,61.611040724274424,12.887789118119509,2026-03-17 14:06:41.347000
XRPUSDT,1590710848.0,1.4993,3.6,,,False,329.00447386078935,0.9984329742055941,50.861436961202806,-0.14081372912423723,0.02,0.9999999882315382,61.78121223714667,12.892755132503282,2026-03-17 14:06:41.347000
XRPUSDT,1590710849.0,1.4993,3.6,,,False,329.19437131243905,0.9984368551203096,50.87143330216848,-0.14057373235719128,0.02,0.999999988234249,61.8402579393346,12.897721147705376,2026-03-17 14:06:41.347000
XRPUSDT,1590710850.0,1.4993,3.6,,,False,329.3843053063245,0.998440726438516,50.88142734397313,-0.140334100355491,0.02,0.9999999882369722,61.89932961363316,12.902687163725153,2026-03-17 14:06:41.347000
XRPUSDT,1590710851.0,1.4993,3.6,,,False,329.57427583541363,0.9984445881838687,50.89141908860567,-0.14009483268694983,0.02,0.9999999882397073,61.95842726210795,12.907653180561226,2026-03-17 14:06:41.347000
XRPUSDT,1590710852.0,1.4993,3.5,,,False,329.76428289267864,0.9984484403799657,50.901408538052046,-0.13985592891960005,0.02,0.9999999882424543,62.01755085519464,12.912619198212207,2026-03-17 14:06:41.347000
XRPUSDT,1590710853.0,1.4993,3.6,,,False,329.95432647109567,0.9984522830503461,50.911395694295265,-0.13961738862156428,0.02,0.9999999882452139,62.076700425905535,12.917585216677736,2026-03-17 14:06:41.347000
XRPUSDT,1590710854.0,1.4993,3.4,,,False,330.1444065636451,0.9984561162184923,50.921380559315416,-0.13937921136117637,0.02,0.9999999882479851,62.135875939149805,12.922551235956668,2026-03-17 14:06:41.347000
XRPUSDT,1590710855.0,1.4993,3.5,,,False,330.334523163311,0.9984599399078287,50.931363135089654,-0.13914139670677578,0.02,0.9999999882507663,62.19507744469615,12.927517256048349,2026-03-17 14:06:41.347000
XRPUSDT,1590710856.0,1.4993,3.5,,,False,330.5246762630819,0.9984637541417223,50.941343423592215,-0.13890394422700583,0.02,0.9999999882535617,62.254304899151286,12.932483276952603,2026-03-17 14:06:41.347000
XRPUSDT,1590710857.0,1.4993,3.6,,,False,330.7148658559501,0.998467558943483,50.9513214267944,-0.13866685349056584,0.01,0.9999999882563676,62.31355832644376,12.937449280009085,2026-03-17 14:06:41.357000
XRPUSDT,1590710858.0,1.4993,3.4,,,False,330.90509145812103,0.9984713543363638,50.96129714593801,-0.13842977803214973,0.01,0.9999999882591849,62.46400988370258,12.942415283914302,2026-03-17 14:06:41.357000
XRPUSDT,1590710859.0,1.4993,3.6,,,False,331.09535354020034,0.9984751403435607,50.97127058371997,-0.1381934113942366,0.01,0.999999988262014,62.43163988414287,12.947381288667668,2026-03-17 14:06:41.357000
XRPUSDT,1590710860.0,1.4993,3.6,,,False,331.28565209519144,0.998478916988212,50.981241742102874,-0.13795740519904615,0.01,0.9999999882648544,62.490972007790106,12.952347294268414,2026-03-17 14:06:41.357000
XRPUSDT,1590710861.0,1.4993,3.5,,,False,331.47598711610175,0.9984826842934006,50.99121062304639,-0.13772175901593112,0.01,0.9999999882677073,62.55033009512309,12.95731330071516,2026-03-17 14:06:41.357000
XRPUSDT,1590710862.0,1.4993,3.6,,,False,331.66635859594265,0.998486442282152,51.00117722850731,-0.13748647241440307,0.01,0.9999999882705711,62.60971415626142,12.962279308007592,2026-03-17 14:06:41.357000
XRPUSDT,1590710863.0,1.4993,3.6,,,False,331.8567665277296,0.9984901909774354,51.011141560439505,-0.13725154496415193,0.01,0.9999999882734464,62.66912418587094,12.96724531614425,2026-03-17 14:06:41.357000
XRPUSDT,1590710864.0,1.4993,3.6,,,False,332.0472109044818,0.9984939304021642,51.021103620794015,-0.13701697623490303,0.01,0.9999999882763333,62.728560210119085,12.972211325124322,2026-03-17 14:06:41.357000
XRPUSDT,1590710865.0,1.4993,3.5,,,False,332.23769171922294,0.9984976605791948,51.03106341151895,-0.1367827657968358,0.01,0.9999999882792316,62.78802216260094,12.977177334946143,2026-03-17 14:06:41.357000
XRPUSDT,1590710866.0,1.4993,3.5,,,False,332.4282089649803,0.9985013815313282,51.0410209345596,-0.1365489132198693,0.01,0.9999999882821415,62.84751014843448,12.982143345610075,2026-03-17 14:06:41.357000
XRPUSDT,1590710867.0,1.4993,3.4,,,False,332.61876263478536,0.9985050932813093,51.05097619185833,-0.13631541807452963,0.01,0.9999999882850622,62.907024052125436,12.987109357114576,2026-03-17 14:06:41.357000
XRPUSDT,1590710868.0,1.4993,3.6,,,False,332.80935272167363,0.9985087958518277,51.06092918535472,-0.13608227993107827,0.011,0.9999999882879945,62.96656398371901,12.992075371289301,2026-03-17 14:06:41.368000
XRPUSDT,1590710869.0,1.4993,3.6,,,False,332.99997926557336,0.9985124892655171,51.070879917054974,-0.1358495316857105,0.011,0.9999999882909375,63.01710692198786,12.997041386299085,2026-03-17 14:06:41.368000
XRPUSDT,1590710870.0,1.4993,3.4,,,False,333.19064221255894,0.998516173544955,51.08082838882289,-0.1356171060745383,0.011,0.9999999882938921,63.08577161016185,13.002007402142821,2026-03-17 14:06:41.368000
XRPUSDT,1590710871.0,1.4993,3.6,,,False,333.3813415556778,0.9985198487126649,51.0907746025895,-0.13538503617851536,0.011,0.9999999882968574,63.14538936616018,13.006973418820207,2026-03-17 14:06:41.368000
XRPUSDT,1590710872.0,1.4993,3.6,,,False,333.5720772879815,0.9985235147911139,51.10071856028292,-0.13515332156870644,0.011,0.9999999882998334,63.20503312461913,13.0119394363283,2026-03-17 14:06:41.368000
XRPUSDT,1590710873.0,1.4993,3.5,,,False,333.7628494025255,0.9985271718027151,51.110660263828436,-0.13492196181650162,0.011,0.9999999883028206,63.26470283229278,13.016905454668036,2026-03-17 14:06:41.368000
XRPUSDT,1590710874.0,1.4993,3.6,,,False,333.9536578923693,0.9985308197698257,51.12059971514856,-0.134690956493273,0.011,0.9999999883058196,63.32439855523574,13.021871473838493,2026-03-17 14:06:41.368000
XRPUSDT,1590710875.0,1.4993,3.6,,,False,334.14450275057635,0.9985344587147486,51.13053691616291,-0.13446030517073002,0.011,0.9999999883088286,63.38412024200612,13.026837493837581,2026-03-17 14:06:41.368000
XRPUSDT,1590710876.0,1.4993,3.5,,,False,334.33538397021397,0.9985380886597323,51.140471868788346,-0.13423000742056418,0.011,0.9999999883118486,63.44386793725601,13.031803514665608,2026-03-17 14:06:41.368000
XRPUSDT,1590710877.0,1.4993,3.5,,,False,334.5263015443538,0.9985417096269699,51.15040457493882,-0.13400006281502969,0.011,0.9999999883148799,63.50364155367657,13.036769536321113,2026-03-17 14:06:41.368000
XRPUSDT,1590710878.0,1.4993,3.4,,,False,334.7172554660709,0.9985453216386008,51.16033503652559,-0.13377047092592598,0.001,0.9999999883179215,63.56344125232149,13.041735540802732,2026-03-17 14:06:41.369000
XRPUSDT,1590710879.0,1.4993,3.6,,,False,334.9082452666433,0.9985489247167101,51.17026325478884,-0.13354090930038678,0.001,0.999999988320974,63.712641961793445,13.046701546148146,2026-03-17 14:06:41.369000
XRPUSDT,1590710880.0,1.4993,3.5,,,False,335.09927140174744,0.9985525188833284,51.180189232306816,-0.13331202333996878,0.001,0.9999999883240371,63.68262374119378,13.051667552356037,2026-03-17 14:06:41.369000
XRPUSDT,1590710881.0,1.4993,3.6,,,False,335.2903338644693,0.9985561041604325,51.19011297098221,-0.1330834888065474,0.001,0.9999999883271112,63.74250212365843,13.056633559425098,2026-03-17 14:06:41.369000
XRPUSDT,1590710882.0,1.4993,3.6,,,False,335.48143264789894,0.9985596805699453,51.20003447271506,-0.13285530527300946,0.001,0.9999999883301953,63.80240649838886,13.061599567354103,2026-03-17 14:06:41.369000
XRPUSDT,1590710883.0,1.4993,3.6,,,False,335.6725677451303,0.9985632481337362,51.209953739402515,-0.1326274723123106,0.001,0.9999999883332906,63.862336891474044,13.066565576143487,2026-03-17 14:06:41.369000
XRPUSDT,1590710884.0,1.4993,1970.9,,,True,335.8637391492614,0.9985668068736204,51.21987077293899,-0.13239998949791604,0.087,0.9999999883363963,63.92229322603406,13.071531739001125,2026-03-17 14:06:41.456000
XRPUSDT,1590710885.0,1.4993,2067.4,,,True,336.0549507886828,0.99857035681136,51.22978558082576,-0.13217556937015207,0.087,0.9999999883395121,63.21804612629062,13.076497902395419,2026-03-17 14:06:41.456000
XRPUSDT,1590710886.0,1.4993,749.0,,,True,336.2461987144576,0.9985738979686639,51.23969815930469,-0.13194877057516702,0.087,0.9999999883426375,64.04651799356287,13.081464066325466,2026-03-17 14:06:41.456000
XRPUSDT,1590710887.0,1.4993,3.4,,,True,336.43748291970473,0.9985774303671873,51.24960851026202,-0.13172232070789644,0.087,0.999999988345772,64.10654567242362,13.086430230791558,2026-03-17 14:06:41.456000
XRPUSDT,1590710888.0,1.4993,249.4,,,True,336.62880339754753,0.9985809540285325,51.25951663558127,-0.13149621934236655,0.087,0.9999999883489166,64.16659927717996,13.09139639579296,2026-03-17 14:06:41.456000
XRPUSDT,1590710889.0,1.4993,100.0,,,True,336.82016014111286,0.9985844689742489,51.2694225371432,-0.13127046605248324,0.087,0.9999999883520705,64.22667890189858,13.096362561328414,2026-03-17 14:06:41.456000
XRPUSDT,1590710890.0,1.4993,3.6,,,True,337.0115531435322,0.9985879752258333,51.2793262168258,-0.13104506041256914,0.087,0.9999999883552327,64.28678447278752,13.101328727398894,2026-03-17 14:06:41.456000
XRPUSDT,1590710891.0,1.4993,1112.4,,,True,337.2029823979397,0.9985914728047294,51.28922767650431,-0.1308200019967078,0.087,0.9999999883584055,64.34691612383557,13.106294894002476,2026-03-17 14:06:41.456000
XRPUSDT,1590710892.0,1.4993,3.6,,,True,337.3944478974748,0.998594961732328,51.29912691805122,-0.13059529037970338,0.087,0.9999999883615868,64.40707370776565,13.111261061140375,2026-03-17 14:06:41.456000
XRPUSDT,1590710893.0,1.4993,3.6,,,True,337.5859496352798,0.9985984420299685,51.30902394333631,-0.13037092513623125,0.087,0.9999999883647778,64.4672572999784,13.116227228810882,2026-03-17 14:06:41.456000
XRPUSDT,1590710894.0,1.4993,3009.7,,,True,337.7774876045016,0.998601913718937,51.31891875422658,-0.13014690584120897,0.087,0.9999999883679773,64.52746690536313,13.12119339701482,2026-03-17 14:06:41.456000
XRPUSDT,1590710895.0,1.4993,3.6,,,True,337.96906179829034,0.9986053768204676,51.32881135258634,-0.12992323206980205,0.087,0.9999999883711863,64.58770250719215,13.126159565750623,2026-03-17 14:06:41.456000
XRPUSDT,1590710896.0,1.4993,614.4,,,True,338.16067220980074,0.9986088313557426,51.33870174027715,-0.1296999033973424,0.087,0.9999999883744044,64.64796410445253,13.131125735018763,2026-03-17 14:06:41.456000
XRPUSDT,1590710897.0,1.4994,3.4,,,False,338.3933953747692,0.9986133839436002,51.348646735931204,-0.15709894258995746,0.404,0.9999999883803082,-6018.3438628107415,13.136092457166065,2026-03-17 14:06:41.860000
XRPUSDT,1590710898.0,1.4994,3.6,,,False,338.58510019055166,0.9986168186723955,51.35853259767397,-0.12918182518834223,0.404,0.9999999883835422,8127.895698797004,13.14105917821156,2026-03-17 14:06:41.860000
XRPUSDT,1590710899.0,1.4993,3.4,,,True,338.7357516396483,0.9986191438433676,51.368359700536224,-0.10141221600329718,1.197,0.9999999883841082,11943.039681087916,13.146027274396024,2026-03-17 14:06:43.057000
XRPUSDT,1590710900.0,1.4993,0.3,,,True,338.9275564591725,0.9986225643242355,51.37824133214031,-0.12884322186649072,1.197,0.9999999883873526,-8019.634350481553,13.15099536847167,2026-03-17 14:06:43.057000
XRPUSDT,1590710901.0,1.4993,3.3,,,True,339.119397406473,0.9986259763439821,51.38812076192928,-0.12862144810989062,1.197,0.9999999883905945,64.9977939955335,13.155963459040262,2026-03-17 14:06:43.057000
XRPUSDT,1590710902.0,1.4993,0.4,,,True,339.31127444516005,0.9986293799234796,51.39799799170984,-0.12839999773012278,1.197,0.9999999883938324,65.06396572576335,13.160931546108841,2026-03-17 14:06:43.057000
XRPUSDT,1590710903.0,1.4993,3.2,,,True,339.50318756853625,0.9986327750835489,51.40787302332693,-0.1281788902293485,1.197,0.9999999883970665,65.12432293636408,13.165899629684393,2026-03-17 14:06:43.057000
XRPUSDT,1590710904.0,1.4993,0.5,,,True,339.6951367699081,0.9986361618449603,51.417745858622695,-0.12795812518183297,1.197,0.9999999884002979,65.1847061829035,13.170867709772894,2026-03-17 14:06:43.057000
XRPUSDT,1590710905.0,1.4993,3.1,,,True,339.88712204258593,0.9986395402284328,51.427616499436645,-0.12773770216227698,1.197,0.9999999884035259,65.24511540749808,13.175835786380985,2026-03-17 14:06:43.057000
XRPUSDT,1590710906.0,1.4993,0.6,,,True,340.0791433798838,0.9986429102546348,51.4374849476056,-0.1275176207453499,1.197,0.9999999884067515,65.30555068007723,13.180803859517326,2026-03-17 14:06:43.057000
XRPUSDT,1590710907.0,1.4993,3.0,,,True,340.2712007751193,0.9986462719441835,51.44735120496369,-0.12729788050602706,1.197,0.9999999884099738,65.36601198221533,13.185771929187172,2026-03-17 14:06:43.057000
XRPUSDT,1590710908.0,1.4993,0.7,,,True,340.4632942216141,0.9986496253176461,51.45721527334234,-0.1270784810195969,1.197,0.9999999884131918,65.42649927857762,13.190739995397287,2026-03-17 14:06:43.057000
XRPUSDT,1590710909.0,1.4993,2.9,,,True,340.65542371269305,0.9986529703955387,51.46707715457036,-0.12685942186150997,1.197,0.9999999884164078,65.48701259649171,13.195708058154711,2026-03-17 14:06:43.057000
XRPUSDT,1590710910.0,1.4993,0.8,,,True,340.84758924168506,0.9986563071983278,51.47693685047385,-0.12664070260732174,1.197,0.9999999884196199,65.54755195726578,13.200676117466088,2026-03-17 14:06:43.057000
XRPUSDT,1590710911.0,1.4993,2.8,,,True,341.03979080192266,0.9986596357464291,51.486794362876225,-0.12642232283294008,1.197,0.9999999884228301,65.60811733259668,13.205644173338218,2026-03-17 14:06:43.057000
XRPUSDT,1590710912.0,1.4993,0.9,,,True,341.2320283867422,0.9986629560602086,51.49664969359828,-0.12620428211445828,1.197,0.9999999884260363,65.66870873156842,13.21061222577736,2026-03-17 14:06:43.057000
XRPUSDT,1590710913.0,1.4993,3.7,,,True,341.4243019894835,0.9986662681599819,51.506502844458126,-0.12598658002828306,1.197,0.9999999884292398,65.7293261295965,13.215580274790733,2026-03-17 14:06:43.057000
XRPUSDT,1590710914.0,1.4993,3.7,,,True,341.6166116034903,0.9986695720660151,51.51635381727125,-0.1257692161508146,1.197,0.9999999884324406,65.78996959478728,13.220548320384689,2026-03-17 14:06:43.057000
XRPUSDT,1590710915.0,1.4993,3.7,,,True,341.8089572221098,0.9986728677985244,51.5262026138505,-0.12555219005883267,1.197,0.9999999884356381,65.8506390836795,13.225516362565834,2026-03-17 14:06:43.057000
XRPUSDT,1590710916.0,1.4993,3.7,,,True,342.00133883869313,0.9986761553776765,51.536049236006,-0.12533550132940335,1.197,0.999999988438832,65.91133457233575,13.230484401341966,2026-03-17 14:06:43.057000
XRPUSDT,1590710917.0,1.4993,3.7,,,True,342.1937564465948,0.9986794348235886,51.545893685545344,-0.1251191495396507,1.197,0.9999999884420242,65.97205612007413,13.235452436717374,2026-03-17 14:06:43.057000
XRPUSDT,1590710918.0,1.4993,3.7,,,True,342.38621003917336,0.9986827061563284,51.55573596427344,-0.12490313426711838,1.197,0.9999999884452129,66.03280366553486,13.240420468701254,2026-03-17 14:06:43.057000
XRPUSDT,1590710919.0,1.4993,3.7,,,True,342.5786996097908,0.9986859693959144,51.565576073992546,-0.12468745508940349,1.197,0.9999999884483993,66.09357726617708,13.24538849729842,2026-03-17 14:06:43.057000
XRPUSDT,1590710920.0,1.4993,3.7,,,True,342.7712251518127,0.9986892245623159,51.57541401650236,-0.12447211158439049,1.197,0.9999999884515821,66.15437690410693,13.250356522515602,2026-03-17 14:06:43.057000
XRPUSDT,1590710921.0,1.4993,39.8,,,True,342.9637866586085,0.9986924716754533,51.58524979359991,-0.12425710333023801,0.536,0.9999999884547623,66.21520256804764,13.255323439505167,2026-03-17 14:06:43.593000
XRPUSDT,1590710922.0,1.4994,3.6,,,False,343.1976258292239,0.9986967509082699,51.59513702653647,-0.15048009096432813,2.965,0.9999999884605805,-6127.96469779695,13.260294409083189,2026-03-17 14:06:46.558000
XRPUSDT,1590710923.0,1.4994,0.1,,,False,343.39034331518286,0.9986999794010677,51.604968454500785,-0.12379825806792204,2.965,0.999999988463758,8264.485804287879,13.265265365759397,2026-03-17 14:06:46.558000
XRPUSDT,1590710924.0,1.4994,3.5,,,False,343.5830965416114,0.9987031999064198,51.614797721951874,-0.12358406377286885,2.965,0.9999999884669128,66.50952929356791,13.270236312892077,2026-03-17 14:06:46.558000
XRPUSDT,1590710925.0,1.4994,0.2,,,False,343.77588557307064,0.9987064124440361,51.62462483077133,-0.12337024954371055,2.965,0.9999999884700479,66.55617916152532,13.275207250497601,2026-03-17 14:06:46.558000
XRPUSDT,1590710926.0,1.4994,3.4,,,False,343.9687104031389,0.9987096170335782,51.63444978274589,-0.12315676939093942,0.001,0.9999999884731617,66.61700350986379,13.280173269702471,2026-03-17 14:06:46.559000
XRPUSDT,1590710927.0,1.4994,0.3,,,False,344.161443923623,0.9987128136946593,51.644272416511676,-0.12286281737465016,0.001,0.9999999884762599,91.95595305074272,13.285139289743412,2026-03-17 14:06:46.559000
XRPUSDT,1590710928.0,1.4994,3.3,,,False,344.35421344990147,0.9987160024468448,51.65409289808754,-0.12265045359758192,0.001,0.999999988479368,66.5977676259529,13.290105310621676,2026-03-17 14:06:46.559000
XRPUSDT,1590710929.0,1.4994,0.4,,,False,344.5470189752465,0.9987191833096513,51.663911229246914,-0.12243842078470342,0.001,0.999999988482486,66.65889910317911,13.29507133233418,2026-03-17 14:06:46.559000
XRPUSDT,1590710930.0,1.4994,3.7,,,False,344.7398604929337,0.9987223563025487,51.673727411760694,-0.12222671851907528,0.001,0.999999988485614,66.72005657492366,13.300037354882017,2026-03-17 14:06:46.559000
XRPUSDT,1590710931.0,1.4994,3.7,,,False,344.9327379962429,0.9987255214449577,51.68354144739717,-0.12201534638379871,0.001,0.999999988488751,66.7812401337095,13.305003378261313,2026-03-17 14:06:46.559000
XRPUSDT,1590710932.0,1.4994,3.7,,,False,345.12565147845737,0.9987286787562525,51.69335333792209,-0.12180430396242839,0.001,0.9999999884918979,66.84244968865498,13.309969402473875,2026-03-17 14:06:46.559000
XRPUSDT,1590710933.0,1.4994,3.7,,,False,345.31860093286434,0.9987318282557591,51.70316308509866,-0.12159359083860914,0.001,0.9999999884950547,66.90368529193867,13.314935427518082,2026-03-17 14:06:46.559000
XRPUSDT,1590710934.0,1.4994,3.7,,,False,345.5115863527545,0.998734969962756,51.71297069068752,-0.12138320659631871,0.001,0.9999999884982217,66.96494692175585,13.319901453391278,2026-03-17 14:06:46.559000
XRPUSDT,1590710935.0,1.4994,3.7,,,False,345.7046077314227,0.998738103896475,51.72277615644681,-0.12117315081967689,0.001,0.999999988501397,67.02623459127268,13.324867480094776,2026-03-17 14:06:46.559000
XRPUSDT,1590710936.0,1.4994,3.7,,,False,345.8976650621672,0.9987412300760999,51.73257948413208,-0.12096342309310497,0.001,0.9999999885045824,67.0875482964431,13.329833507627654,2026-03-17 14:06:46.559000
XRPUSDT,1590710937.0,1.4994,3.7,,,False,346.09075833829024,0.9987443485207675,51.74238067549635,-0.12075402300123053,0.001,0.9999999885077772,67.14888804978521,13.334799535986697,2026-03-17 14:06:46.559000
XRPUSDT,1590710938.0,1.4994,3.7,,,False,346.28388755309766,0.9987474592495685,51.75217973229014,-0.12054495012896407,0.001,0.9999999885109815,67.21025381568437,13.339765565173701,2026-03-17 14:06:46.559000
XRPUSDT,1590710939.0,1.4994,3.7,,,False,346.47705269989916,0.9987505622815457,51.761976656261396,-0.12033620406139534,0.001,0.9999999885141955,67.27164563757852,13.34473159518517,2026-03-17 14:06:46.559000
XRPUSDT,1590710940.0,1.4994,3.7,,,False,346.6702537720079,0.9987536576356956,51.77177144915561,-0.12012778438383188,0.001,0.9999999885174186,67.3330635110756,13.349697626022815,2026-03-17 14:06:46.559000
XRPUSDT,1590710941.0,1.4994,292.5,,,False,346.86349076274126,0.998756745330968,51.7815641127157,-0.1199196906819869,0.006,0.9999999885206506,67.39450738574826,13.354663665751483,2026-03-17 14:06:46.565000
XRPUSDT,1590710942.0,1.4994,3.4,,,False,347.0567638749142,0.998759825386266,51.79135464894118,-0.11971205195111645,0.006,0.9999999885238927,67.41396201898526,13.359629706287208,2026-03-17 14:06:46.565000
XRPUSDT,1590710943.0,1.4994,6692.8,,,False,347.2500728919939,0.9987628978204465,51.80114305930916,-0.11950460823756046,0.006,0.9999999885271431,67.51770790449874,13.36459574762791,2026-03-17 14:06:46.565000
XRPUSDT,1590710944.0,1.4994,1815.0,,,False,347.4434178073092,0.9987659626523198,51.81092934555503,-0.11929748926083067,0.001,0.999999988530403,67.57922956063551,13.369561781745828,2026-03-17 14:06:46.566000
XRPUSDT,1590710945.0,1.4994,1023.1,,,False,347.6367984056695,0.9987690199006504,51.82071350915573,-0.11909056653794792,0.001,0.9999999885336719,67.68266771501676,13.374527816684308,2026-03-17 14:06:46.567000
XRPUSDT,1590710946.0,1.4994,2469.1,,,False,347.8302148892958,0.9987720695841565,51.83049555209939,-0.1188840965084488,0.001,0.9999999885369504,67.70211698399739,13.379493852442662,2026-03-17 14:06:46.568000
XRPUSDT,1590710947.0,1.4994,381.1,,,False,348.02366725152746,0.9987751117215105,51.84027547611393,-0.11867794997328981,0.001,0.9999999885402371,67.7637171423959,13.38445988901882,2026-03-17 14:06:46.568000
XRPUSDT,1590710948.0,1.4994,447.4,,,False,348.2171554857076,0.9987781463313384,51.85005328292477,-0.11847212651974516,0.001,0.9999999885435336,67.82534335946086,13.389425926412208,2026-03-17 14:06:46.569000
XRPUSDT,1590710949.0,1.4994,3.6,,,False,348.4106795851832,0.998781173432221,51.85982897425487,-0.11826662573547753,0.001,0.9999999885468387,67.88699559197077,13.39439196462288,2026-03-17 14:06:46.569000
XRPUSDT,1590710950.0,1.4994,3.6,,,False,348.6042395433045,0.9987841930426934,51.86960255182472,-0.11806144720812481,0.001,0.9999999885501529,67.94867391842556,13.399358003649812,2026-03-17 14:06:46.569000
XRPUSDT,1590710951.0,1.4994,3.5,,,False,348.7978353534262,0.9987872051812451,51.879374017352305,-0.11785659052592672,0.001,0.9999999885534758,68.01037823537173,13.404324043490895,2026-03-17 14:06:46.569000
XRPUSDT,1590710952.0,1.4994,3.5,,,False,348.99146700890583,0.99879020986632,51.88914337255318,-0.1176520552770188,0.001,0.9999999885568078,68.07210866101245,13.409290084145784,2026-03-17 14:06:46.569000
XRPUSDT,1590710953.0,1.4994,3.6,,,False,349.18513450310525,0.9987932071163166,51.89891061914038,-0.11744784105008589,0.001,0.9999999885601482,68.13386509697334,13.414256125614036,2026-03-17 14:06:46.569000
XRPUSDT,1590710954.0,1.4994,3.6,,,False,349.3788378293897,0.998796196949589,51.908675758824536,-0.1172439474338658,0.001,0.9999999885634976,68.19564759747337,13.419222167893981,2026-03-17 14:06:46.569000
XRPUSDT,1590710955.0,1.4994,3.6,,,False,349.57257698112824,0.9987991793844454,51.91843879331378,-0.11704037401742115,0.001,0.999999988566856,68.25745615428792,13.42418821098553,2026-03-17 14:06:46.569000
XRPUSDT,1590710956.0,1.4994,3.6,,,False,349.7663519516935,0.9988021544391493,51.92819972431382,-0.11683712039004843,0.001,0.9999999885702227,68.31929076955228,13.429154254887269,2026-03-17 14:06:46.569000
XRPUSDT,1590710957.0,1.4994,3.4,,,False,349.9601627344619,0.9988051221319192,51.93795855352789,-0.11663418614141653,0.001,0.9999999885735983,68.38115140919412,13.434120299598343,2026-03-17 14:06:46.569000
XRPUSDT,1590710958.0,1.4994,3.4,,,False,350.1540093228136,0.9988080824809292,51.94771528265682,-0.11643157086121755,0.001,0.9999999885769822,68.44303813903434,13.439086345118257,2026-03-17 14:06:46.570000
XRPUSDT,1590710959.0,1.4994,3.5,,,False,350.3478917101321,0.9988110355043084,51.957469913398974,-0.11622927413965484,0.001,0.9999999885803742,68.50495088876725,13.444052391445593,2026-03-17 14:06:46.570000
XRPUSDT,1590710960.0,1.4994,3.6,,,False,350.5418098898049,0.9988139812201415,51.96722244745023,-0.11602729556689668,0.001,0.9999999885837757,68.5668897472622,13.449018438579401,2026-03-17 14:06:46.570000
XRPUSDT,1590710961.0,1.4994,3.6,,,False,350.735763855223,0.9988169196464688,51.97697288650416,-0.1158256347337055,0.001,0.9999999885871853,68.62885460847671,13.453984486519849,2026-03-17 14:06:46.570000
XRPUSDT,1590710962.0,1.4994,3.4,,,False,350.92975359978124,0.998819850801286,51.986721232251774,-0.11562429123087875,0.001,0.9999999885906038,68.6908455484411,13.458950535265082,2026-03-17 14:06:46.570000
XRPUSDT,1590710963.0,1.4994,3.6,,,False,351.123779116878,0.998822774702545,51.99646748638178,-0.11542326464951544,0.001,0.9999999885940298,68.75286254778402,13.463916584813571,2026-03-17 14:06:46.570000
XRPUSDT,1590710964.0,1.4995,6.7,,,False,351.359431555849,0.9988266279271867,52.00626034255365,-0.13980165049977106,0.01,0.9999999886000412,-6326.749182095238,13.468882649122238,2026-03-17 14:06:46.580000
XRPUSDT,1590710965.0,1.4995,3.6,,,False,351.5535366322484,0.9988295350573237,52.016002307415846,-0.11494889808650993,0.01,0.999999988603483,8548.895729297736,13.47384871419318,2026-03-17 14:06:46.580000
XRPUSDT,1590710966.0,1.4995,3.7,,,False,351.74767745912976,0.9988324349932156,52.02574218596015,-0.11474893909686236,0.01,0.9999999886069325,68.95290003083439,13.478814780036132,2026-03-17 14:06:46.580000
XRPUSDT,1590710967.0,1.4995,174.0,,,False,351.94185403013444,0.9988353277526242,52.03547997986527,-0.1145492953645622,0.01,0.9999999886103903,69.01497985239763,13.483780846650518,2026-03-17 14:06:46.580000
XRPUSDT,1590710968.0,1.4995,3.6,,,False,352.13606633868073,0.9988382133532675,52.04521569080726,-0.11434996634816687,0.01,0.9999999886138569,69.07713195057042,13.488746914035268,2026-03-17 14:06:46.580000
XRPUSDT,1590710969.0,1.4995,3.6,,,False,352.33031437819056,0.99884109181282,52.05494932045982,-0.11415095164047792,0.01,0.9999999886173314,69.13931012743012,13.493712982190083,2026-03-17 14:06:46.580000
XRPUSDT,1590710970.0,1.4995,3.4,,,False,352.52459814208964,0.9988439631489137,52.06468087049418,-0.11395225083452055,0.01,0.9999999886208136,69.20151437358022,13.49867905111219,2026-03-17 14:06:46.580000
XRPUSDT,1590710971.0,1.4995,3.6,,,False,352.7189176238071,0.9988468273791355,52.07441034257928,-0.11375386352377187,0.01,0.9999999886243035,69.26374466431193,13.503645120803448,2026-03-17 14:06:46.580000
XRPUSDT,1590710972.0,1.4995,3.6,,,False,352.9132728167757,0.9988496845210311,52.08413773838156,-0.11355578930173951,0.01,0.9999999886278023,69.32600104428438,13.50861119126221,2026-03-17 14:06:46.580000
XRPUSDT,1590710973.0,1.4995,3.6,,,False,353.10766371443196,0.9988525345921013,52.09386305956519,-0.11335802776241308,0.01,0.9999999886313085,69.3882834677631,13.513577262485896,2026-03-17 14:06:46.580000
XRPUSDT,1590710974.0,1.4995,3.5,,,False,353.302090310216,0.9988553776098049,52.1035863077919,-0.1131605784998137,0.01,0.999999988634823,69.45059200650786,13.518543334475924,2026-03-17 14:06:46.580000
XRPUSDT,1590710975.0,1.4995,3.5,,,False,353.4965525975714,0.9988582135915578,52.113307484721076,-0.11296344110851583,0.01,0.9999999886383448,69.51292655450631,13.52350940723066,2026-03-17 14:06:46.580000
XRPUSDT,1590710976.0,1.4995,3.6,,,False,353.6910505699455,0.9988610425547326,52.123026592009744,-0.11276661518309666,0.01,0.9999999886418751,69.57528721848426,13.528475480749039,2026-03-17 14:06:46.580000
XRPUSDT,1590710977.0,1.4995,3.4,,,False,353.88558422078944,0.9988638645166593,52.13274363131252,-0.11257010031863922,0.01,0.9999999886454125,69.63767391711957,13.533441555030151,2026-03-17 14:06:46.580000
XRPUSDT,1590710978.0,1.4995,3.6,,,False,354.08015354355746,0.9988666794946258,52.14245860428171,-0.11237389611028241,0.01,0.9999999886489582,69.70008671170389,13.538407630074106,2026-03-17 14:06:46.580000
XRPUSDT,1590710979.0,1.4995,3.4,,,False,354.27475853170785,0.9988694875058768,52.152171512567236,-0.1121780021535004,0.01,0.9999999886525115,69.76252560051304,13.543373705878848,2026-03-17 14:06:46.580000
XRPUSDT,1590710980.0,1.4996,3.4,,,False,354.51111030125946,0.9988731879496721,52.16192925512399,-0.13586793295321248,0.012,0.9999999886586226,-6401.916124214504,13.548339785460566,2026-03-17 14:06:46.592000
XRPUSDT,1590710981.0,1.4996,6.7,,,False,354.70579432655217,0.9988759798531681,52.17163793160556,-0.11171566874253731,0.012,0.999999988662189,8650.823441705275,13.553305865783607,2026-03-17 14:06:46.592000
XRPUSDT,1590710982.0,1.4996,3.7,,,False,354.9005139958188,0.9988787648469264,52.18134454858074,-0.11152082054860533,0.012,0.9999999886657647,69.96360166085653,13.558271946858632,2026-03-17 14:06:46.592000
XRPUSDT,1590710983.0,1.4996,3.6,,,False,355.0952693027985,0.9988815429480098,52.1910491076899,-0.11132628097691244,0.012,0.9999999886693466,70.02609547049748,13.563238028686277,2026-03-17 14:06:46.592000
XRPUSDT,1590710984.0,1.4996,4.1,,,False,355.29006024096833,0.9988843141734388,52.20075161057071,-0.1111320494721888,0.012,0.999999988672936,70.08867004812244,13.568204111264595,2026-03-17 14:06:46.592000
XRPUSDT,1590710985.0,1.4996,3.6,,,False,355.48488680380893,0.9988870785401924,52.21045205885853,-0.11093812563173719,0.012,0.9999999886765336,70.1512707016712,13.573170194592517,2026-03-17 14:06:46.592000
XRPUSDT,1590710986.0,1.4996,3.6,,,False,355.67974898480463,0.9988898360652079,52.22015045418641,-0.11074450905320936,0.012,0.9999999886801378,70.21389740572947,13.578136278670284,2026-03-17 14:06:46.592000
XRPUSDT,1590710987.0,1.4996,3.6,,,False,355.8746467774431,0.9988925867653802,52.22984679818505,-0.11055119933432002,0.012,0.9999999886837501,70.27655025279034,13.583102363497385,2026-03-17 14:06:46.592000
XRPUSDT,1590710988.0,1.4996,3.6,,,False,356.0695801752157,0.9988953306575635,52.23954109248287,-0.11035819607331354,0.012,0.9999999886873697,70.33922913491693,13.588068449070878,2026-03-17 14:06:46.592000
XRPUSDT,1590710989.0,1.4996,3.6,,,False,356.2645491716176,0.9988980677585704,52.24923333870594,-0.1101654988686486,0.012,0.9999999886909966,70.40193408393844,13.593034535393043,2026-03-17 14:06:46.592000
XRPUSDT,1590710990.0,1.4996,3.5,,,False,356.45955376014706,0.998900798085172,52.258923538478065,-0.10997310731883886,0.012,0.9999999886946308,70.46466517889144,13.598000622460548,2026-03-17 14:06:46.592000
XRPUSDT,1590710991.0,1.4996,3.6,,,False,356.6545939343062,0.9989035216540981,52.268611693420695,-0.10978102102307463,0.01,0.9999999886982723,70.52742227993255,13.602966707318739,2026-03-17 14:06:46.602000
XRPUSDT,1590710992.0,1.4996,3.6,,,False,356.8496696101501,0.9989062384820377,52.27829780506854,-0.10958919618752948,0.01,0.9999999887019201,70.60617742764445,13.6079327929273,2026-03-17 14:06:46.602000
XRPUSDT,1590710993.0,1.4996,165.0,,,False,357.0447808587738,0.9989089485856384,52.2879818751235,-0.10939771944088467,0.01,0.9999999887055773,70.65292507609095,13.612898879286767,2026-03-17 14:06:46.602000
XRPUSDT,1590710994.0,1.4996,3.6,,,False,357.2399276736901,0.9989116519815069,52.297663905200196,-0.10920654674587746,0.01,0.9999999887092398,70.71576058650363,13.61786496639509,2026-03-17 14:06:46.602000
XRPUSDT,1590710995.0,1.4996,3.6,,,False,357.43511004841486,0.9989143486862093,52.30734389691089,-0.10901567770246604,0.01,0.99999998871291,70.77862223450195,13.62283105425177,2026-03-17 14:06:46.602000
XRPUSDT,1590710996.0,1.4996,3.6,,,False,357.63032797646775,0.9989170387162708,52.31702185186562,-0.10882511191109748,0.01,0.9999999887165872,70.84150995088184,13.62779714285652,2026-03-17 14:06:46.602000
XRPUSDT,1590710997.0,1.4996,480.6,,,False,357.8255814513722,0.998919722088176,52.3266977716721,-0.10863484897249798,0.01,0.9999999887202717,70.90442373213985,13.632763232208259,2026-03-17 14:06:46.602000
XRPUSDT,1590710998.0,1.4996,3.5,,,False,358.0208704666547,0.9989223988183694,52.33637165793577,-0.1084448884874795,0.459,0.9999999887239635,70.96736364685634,13.637729977625096,2026-03-17 14:06:47.061000
XRPUSDT,1590710999.0,1.4996,3.6,,,False,358.21621221376546,0.9989250689232541,52.34604353069957,-0.10826473603798875,0.459,0.999999988727662,67.4701771181977,13.64269672240307,2026-03-17 14:06:47.061000
XRPUSDT,1590711000.0,1.4996,3.4,,,False,358.4115894582254,0.9989277324191934,52.3557133730012,-0.10807532592492106,0.459,0.9999999887313641,71.11334778804996,13.647663466542477,2026-03-17 14:06:47.061000
XRPUSDT,1590711001.0,1.4996,3.6,,,False,358.6070021936114,0.9989303893225109,52.36538118643994,-0.10788621728841835,0.459,0.9999999887350692,71.17633346291841,13.652630210046015,2026-03-17 14:06:47.061000
XRPUSDT,1590711002.0,1.4996,3.6,,,False,358.8024504135079,0.9989330396494889,52.375046972612765,-0.10769740973240687,0.459,0.9999999887387775,71.23934426930653,13.657596952915267,2026-03-17 14:06:47.061000
XRPUSDT,1590711003.0,1.4996,3.6,,,False,358.99793411150375,0.9989356834163706,52.384710733114446,-0.10750890285861228,0.459,0.9999999887424891,71.3023811198753,13.662563695151583,2026-03-17 14:06:47.061000
XRPUSDT,1590711004.0,1.4996,3.6,,,False,359.1934532811907,0.9989383206393592,52.394372469537466,-0.10732069626877719,0.459,0.9999999887462039,71.36544412537391,13.667530436757097,2026-03-17 14:06:47.061000
XRPUSDT,1590711005.0,1.4996,3.6,,,False,359.3890079161642,0.9989409513346171,52.40403218347207,-0.10713278956521408,0.459,0.9999999887499216,71.4285331963588,13.672497177733577,2026-03-17 14:06:47.061000
XRPUSDT,1590711006.0,1.4996,333.5,,,False,359.5845980100229,0.9989435755182684,52.41368987650625,-0.10694518235034323,0.459,0.9999999887536434,71.49164837614735,13.677463918082111,2026-03-17 14:06:47.061000
XRPUSDT,1590711007.0,1.4996,3.5,,,False,359.78022355636926,0.9989461932063962,52.42334555022575,-0.1067578742269458,0.459,0.9999999887573678,71.55478966616715,13.682430657804659,2026-03-17 14:06:47.061000
XRPUSDT,1590711008.0,1.4996,3.4,,,False,359.975884548809,0.9989488044150447,52.43299920621408,-0.10657086479807146,0.459,0.9999999887610951,71.61795706356888,13.68739739690277,2026-03-17 14:06:47.061000
XRPUSDT,1590711009.0,1.4996,3.6,,,False,360.1715809809513,0.998951409160219,52.44265084605253,-0.106384153667056,0.459,0.9999999887648265,71.6811505645889,13.692364135378162,2026-03-17 14:06:47.061000
XRPUSDT,1590711010.0,1.4996,3.6,,,False,360.36731284640894,0.9989540074578839,52.45230047132011,-0.10619774043758752,0.459,0.9999999887685609,71.74437016427103,13.697330873233488,2026-03-17 14:06:47.061000
XRPUSDT,1590711011.0,1.4997,3.7,,,False,360.6050250731086,0.9989574314844036,52.461991722158984,-0.12861945547349277,0.174,0.9999999887747998,-6548.347364282008,13.702297203907138,2026-03-17 14:06:47.235000
XRPUSDT,1590711012.0,1.4997,3.4,,,False,360.8008246948096,0.9989600148749194,52.47163721179812,-0.10575214142011813,0.174,0.9999999887785387,8851.667571792306,13.707263534654547,2026-03-17 14:06:47.235000
XRPUSDT,1590711013.0,1.4997,3.6,,,False,360.99665974438085,0.9989625918706746,52.481280691887,-0.10556676260287208,0.174,0.9999999887822827,71.93601963435535,13.712229865645162,2026-03-17 14:06:47.235000
XRPUSDT,1590711014.0,1.4997,3.4,,,False,361.19253021910947,0.9989651624874657,52.490922163998746,-0.1053816817978474,0.174,0.9999999887860327,71.99859802737936,13.717196196878392,2026-03-17 14:06:47.235000
XRPUSDT,1590711015.0,1.4997,3.6,,,False,361.38843611259847,0.9989677267410504,52.500561629700435,-0.10519689662064242,0.174,0.9999999887897875,72.06197480161165,13.722162528354682,2026-03-17 14:06:47.235000
XRPUSDT,1590711016.0,1.4997,3.6,,,False,361.5843774184543,0.998970284647147,52.510199090556874,-0.10501240667733813,0.174,0.9999999887935482,72.12537768664053,13.727128860074648,2026-03-17 14:06:47.235000
XRPUSDT,1590711017.0,1.4997,6.7,,,False,361.78035413028687,0.9989728362214356,52.5198345481308,-0.10482821157437841,0.174,0.9999999887973136,72.18880664389185,13.73209519203732,2026-03-17 14:06:47.235000
XRPUSDT,1590711018.0,1.4997,3.6,,,False,361.9763662417096,0.9989753814795579,52.52946800398259,-0.10464431091832682,0.174,0.999999988801085,72.25226174225791,13.737061524244,2026-03-17 14:06:47.235000
XRPUSDT,1590711019.0,1.4997,3.6,,,False,362.17241374633943,0.9989779204371164,52.53909945967058,-0.10446070431615415,0.174,0.9999999888048611,72.3157429536016,13.742027856694072,2026-03-17 14:06:47.235000
XRPUSDT,1590711020.0,1.4997,3.6,,,False,362.3684966377965,0.9989804531096759,52.54872891675079,-0.10427739137514537,0.174,0.9999999888086427,72.37925026061471,13.746994189388092,2026-03-17 14:06:47.235000
XRPUSDT,1590711021.0,1.4997,3.5,,,False,362.56461490970486,0.9989829795127625,52.558356376777134,-0.10409437170291447,0.174,0.9999999888124284,72.44278365555284,13.75196052232542,2026-03-17 14:06:47.235000
XRPUSDT,1590711022.0,1.4997,3.5,,,False,362.76076855569136,0.9989854996618643,52.567981841301304,-0.10391164490719379,0.174,0.9999999888162202,72.50634321068472,13.75692685550708,2026-03-17 14:06:47.235000
XRPUSDT,1590711023.0,1.4997,3.5,,,False,362.9569575693868,0.9989880135724316,52.57760531187282,-0.1037292105962288,0.174,0.9999999888200172,72.56992883525676,13.761893188932312,2026-03-17 14:06:47.235000
XRPUSDT,1590711024.0,1.4997,3.4,,,False,363.1531819444252,0.9989905212598761,52.587226790039054,-0.10354706837841325,0.001,0.9999999888238191,72.63354060205639,13.766859281500743,2026-03-17 14:06:47.236000
XRPUSDT,1590711025.0,1.4997,3.6,,,False,363.3494353165615,0.9989930227395716,52.596846270958665,-0.1033618783379287,0.001,0.9999999888276262,74.03219814982471,13.771825374823127,2026-03-17 14:06:47.236000
XRPUSDT,1590711026.0,1.4997,3.5,,,False,363.54572404849097,0.9989955180268544,52.606463762603966,-0.10318033793207432,0.001,0.9999999888314396,72.75330864936849,13.776791468900619,2026-03-17 14:06:47.236000
XRPUSDT,1590711027.0,1.4997,3.6,,,False,363.7420481338416,0.9989980071370232,52.616079266515605,-0.1029990883683353,0.001,0.999999988835259,72.8170114790135,13.781757563730485,2026-03-17 14:06:47.236000
XRPUSDT,1590711028.0,1.4997,3.6,,,False,363.93840756624445,0.9990004900853388,52.62569278423203,-0.102818129256641,0.001,0.9999999888390858,72.8807404343052,13.786723659311956,2026-03-17 14:06:47.236000
XRPUSDT,1590711029.0,1.4997,3.6,,,False,364.1348023393347,0.9990029668870243,52.635304317289574,-0.10263746020732674,0.001,0.9999999888429177,72.94449546370357,13.791689755645546,2026-03-17 14:06:47.236000
XRPUSDT,1590711030.0,1.4997,1047.7,,,False,364.33123244675016,0.9990054375572655,52.6449138672224,-0.1024570808308348,0.001,0.9999999888467563,73.0082766554627,13.796655852729483,2026-03-17 14:06:47.236000
XRPUSDT,1590711031.0,1.4997,3.4,,,False,364.52769788213266,0.9990079021112109,52.65452143556251,-0.10227699073807714,0.008,0.9999999888506012,73.07208393142028,13.801621960199487,2026-03-17 14:06:47.244000
XRPUSDT,1590711032.0,1.4997,3.5,,,False,364.7241988935545,0.9990103605639717,52.664127024090966,-0.10209732137880378,0.008,0.9999999888544523,73.08229067375942,13.806588068397856,2026-03-17 14:06:47.244000
XRPUSDT,1590711033.0,1.4997,3.5,,,False,364.9207352197895,0.999012812930622,52.67373063408263,-0.1019178079445369,0.008,0.9999999888583091,73.2000797043871,13.811554177323899,2026-03-17 14:06:47.244000
XRPUSDT,1590711034.0,1.4997,3.6,,,False,365.11730685449004,0.9990152592261985,52.68333226706309,-0.1017385826314402,0.008,0.9999999888621725,73.26396483838505,13.816520286977482,2026-03-17 14:06:47.244000
XRPUSDT,1590711035.0,1.4997,3.6,,,False,365.31391379131213,0.9990176994657012,52.69293192455583,-0.10155964505159532,0.008,0.9999999888660418,73.32787607437152,13.821486397356493,2026-03-17 14:06:47.244000
XRPUSDT,1590711036.0,1.4997,361.6,,,False,365.5105560239151,0.9990201336640929,52.70252960808219,-0.10138099481730485,0.008,0.9999999888699169,73.39181345959915,13.826452508462076,2026-03-17 14:06:47.244000
XRPUSDT,1590711037.0,1.4997,3.6,,,False,365.7072335459621,0.9990225618362999,52.71212531916137,-0.10120263154136509,0.024,0.9999999888737982,73.45577691227808,13.831418642086202,2026-03-17 14:06:47.268000
XRPUSDT,1590711038.0,1.4997,3.6,,,False,365.90394692717626,0.9990249839972116,52.72171905987077,-0.10102484988232321,0.024,0.9999999888776856,73.39795559448498,13.836384776387607,2026-03-17 14:06:47.268000
XRPUSDT,1590711039.0,1.4997,3.6,,,False,366.10069558415597,0.9990274001616808,52.7313108311613,-0.10084705769875016,0.024,0.9999999888815788,73.58447069394036,13.841350911366277,2026-03-17 14:06:47.268000
XRPUSDT,1590711040.0,1.4997,3.6,,,False,366.29747951057584,0.9990298103445238,52.74090063454584,-0.1006695513201854,0.024,0.9999999888854773,73.64851139091591,13.846317047021534,2026-03-17 14:06:47.268000
XRPUSDT,1590711041.0,1.4997,1.3,,,False,366.49429870011386,0.9990322145605198,52.75048847153516,-0.10049233036064242,0.024,0.9999999888893819,73.7125781680933,13.851283183352955,2026-03-17 14:06:47.268000
XRPUSDT,1590711042.0,1.4997,2.2,,,False,366.6911531464513,0.999034612824413,52.76007434363792,-0.10031539443422477,0.011,0.9999999888932919,73.77667108421953,13.856249302806505,2026-03-17 14:06:47.279000
XRPUSDT,1590711043.0,1.4997,3.6,,,False,366.8880423789166,0.9990370051509099,52.76965825191455,-0.1001385076179721,0.011,0.9999999888972083,73.93924553428165,13.861215422971835,2026-03-17 14:06:47.279000
XRPUSDT,1590711044.0,1.4997,1.4,,,False,367.08496685637266,0.9990393915546817,52.779240198318625,-0.09996214193033476,0.011,0.99999998890113,73.9043785131286,13.866181543847901,2026-03-17 14:06:47.279000
XRPUSDT,1590711045.0,1.4997,2.1,,,False,367.28192657250946,0.9990417720503629,52.78882018435249,-0.09978606011467359,0.038,0.9999999889050576,73.96855077228255,13.871147701696671,2026-03-17 14:06:47.317000
XRPUSDT,1590711046.0,1.4997,3.5,,,False,367.47892248088016,0.9990441466525526,52.79839821243167,-0.09961074583168786,0.038,0.9999999889089901,73.82890647924785,13.876113860178128,2026-03-17 14:06:47.317000
XRPUSDT,1590711047.0,1.4997,3.4,,,False,367.6759536136306,0.9990465153758131,52.8079742831329,-0.09943522787506272,0.038,0.9999999889129293,74.09812684716952,13.881080019291918,2026-03-17 14:06:47.317000
XRPUSDT,1590711048.0,1.4997,3.6,,,False,367.873019964464,0.9990488782346721,52.8175483979523,-0.09925999264904431,0.038,0.9999999889168735,74.16237552643217,13.88604617903679,2026-03-17 14:06:47.317000
XRPUSDT,1590711049.0,1.4997,3.6,,,False,368.07012152708654,0.9990512352436202,52.82712055838389,-0.09908503977010105,0.038,0.999999988920822,74.2266503020367,13.891012339412198,2026-03-17 14:06:47.317000
XRPUSDT,1590711050.0,1.4997,3.6,,,False,368.26725829520797,0.9990535864171133,52.83669076591959,-0.09891036885477843,0.038,0.9999999889247785,74.29095123508495,13.895978500418062,2026-03-17 14:06:47.317000
XRPUSDT,1590711051.0,1.4997,3.6,,,False,368.46443026254167,0.9990559317695711,52.84625902204934,-0.09873597952004058,0.038,0.9999999889287378,74.35527831131888,13.900944662053375,2026-03-17 14:06:47.317000
XRPUSDT,1590711052.0,1.4997,2.0,,,False,368.66163742280395,0.9990582713153782,52.85582532826087,-0.09856187138320521,0.038,0.9999999889327037,74.4196314977784,13.905910824317191,2026-03-17 14:06:47.317000
XRPUSDT,1590711053.0,1.4997,1.6,,,False,368.85887976971486,0.9990606050688838,52.86538968603996,-0.09838804406186928,0.02,0.9999999889366743,74.484010806528,13.910876963373425,2026-03-17 14:06:47.337000
XRPUSDT,1590711054.0,1.4997,3.5,,,False,369.0561566651605,0.9990629330444013,52.8749520962796,-0.09821418346075804,0.02,0.9999999889406505,74.68317420291523,13.915843103107807,2026-03-17 14:06:47.337000
XRPUSDT,1590711055.0,1.4997,3.6,,,False,369.2534687358195,0.9990652552562096,52.88451256105604,-0.09804091839648785,0.02,0.9999999889446322,74.61208475966568,13.920809243520765,2026-03-17 14:06:47.337000
XRPUSDT,1590711056.0,1.4997,3.4,,,False,369.4508159754203,0.9990675717185517,52.89407108184881,-0.09786793299489607,0.02,0.999999988948619,74.67654381908015,13.925775384609068,2026-03-17 14:06:47.337000
XRPUSDT,1590711057.0,1.4997,1.1,,,False,369.6481983776944,0.9990698824456358,52.90362766013539,-0.09769522687495161,0.02,0.9999999889526113,74.7410289736576,13.930741526374543,2026-03-17 14:06:47.337000
XRPUSDT,1590711058.0,1.4997,2.5,,,False,369.8456159363771,0.9990721874516356,52.913182297391224,-0.09752279965579191,0.031,0.9999999889566086,74.80554027672827,13.93570768325404,2026-03-17 14:06:47.368000
XRPUSDT,1590711059.0,1.4997,3.6,,,False,370.0430690282746,0.9990744867506891,52.922734995443385,-0.09735083931391339,0.031,0.9999999889606115,74.78815842493154,13.940673840777656,2026-03-17 14:06:47.368000
XRPUSDT,1590711060.0,1.4997,3.6,,,False,370.240557263384,0.9990767803569001,52.93228575540715,-0.09717896769060122,0.031,0.9999999889646191,74.93510546453695,13.945639998945383,2026-03-17 14:06:47.368000
XRPUSDT,1590711061.0,1.4997,3.5,,,False,370.4380806354513,0.9990790682843376,52.94183457875183,-0.0970073738320042,0.031,0.9999999889686325,74.99969438896174,13.950606157755026,2026-03-17 14:06:47.368000
XRPUSDT,1590711062.0,1.4997,3.6,,,False,370.635639138226,0.9990813505470354,52.951381466944724,-0.09683605735863043,0.031,0.9999999889726504,75.0643094402749,13.95557231720831,2026-03-17 14:06:47.368000
XRPUSDT,1590711063.0,1.4997,3.9,,,False,370.8332327654606,0.9990836271589935,52.96092642145107,-0.09666501789114124,0.031,0.9999999889766734,75.12895066874657,13.960538477302803,2026-03-17 14:06:47.368000
XRPUSDT,1590711064.0,1.4997,3.6,,,False,371.03086151091134,0.9990858981341768,52.970469443734096,-0.09649425505067612,0.798,0.9999999889807019,75.19361801799417,13.965505634182005,2026-03-17 14:06:48.166000
XRPUSDT,1590711065.0,1.4997,3.5,,,False,371.22855182500837,0.9990881634865166,52.98001055932262,-0.09633662639091539,0.798,0.9999999889847361,69.5824031386141,13.970472789587436,2026-03-17 14:06:48.166000
XRPUSDT,1590711066.0,1.4997,3.6,,,False,371.42627719807496,0.9990904232299089,52.98954974544658,-0.0961663429392364,0.798,0.9999999889887699,75.35521610970648,13.975439943522339,2026-03-17 14:06:48.166000
XRPUSDT,1590711067.0,1.4997,3.6,,,False,371.62403762393524,0.9990926773782164,52.99908700356396,-0.09599633527863821,0.798,0.9999999889928033,75.41990916737845,13.980407095989767,2026-03-17 14:06:48.166000
XRPUSDT,1590711068.0,1.4997,2.3,,,False,371.8218330964286,0.9990949259452672,53.00862233513069,-0.09582660303610088,0.798,0.9999999889968365,75.48462585477509,13.985374246991539,2026-03-17 14:06:48.166000
XRPUSDT,1590711069.0,1.4996,3.4,,,True,371.977282551506,0.9990964482642859,53.0181175527785,-0.07523007706197346,0.302,0.9999999889984597,13529.704168896511,13.990340757980988,2026-03-17 14:06:48.468000
XRPUSDT,1590711070.0,1.4996,3.6,,,True,372.1751236000381,0.9990986874945904,53.02764910813366,-0.0955414204025849,0.302,0.999999989002494,-9070.68080477404,13.99530726913398,2026-03-17 14:06:48.468000
XRPUSDT,1590711071.0,1.4996,3.6,,,True,372.3729997139896,0.9991009211805083,53.03717874120276,-0.09537245769663744,0.302,0.999999989006532,75.64300092226058,14.000273780183951,2026-03-17 14:06:48.468000
XRPUSDT,1590711072.0,1.4996,3.6,,,True,372.5709108812826,0.9991031493357428,53.04670645342836,-0.09520376601650427,0.302,0.9999999890105726,75.70912363651475,14.005240291134502,2026-03-17 14:06:48.468000
XRPUSDT,1590711073.0,1.4996,3.6,,,True,372.76885709572707,0.9991053719739638,53.0562322462563,-0.09503534782524288,0.302,0.9999999890146167,75.77400121911026,14.01020680198424,2026-03-17 14:06:48.468000
XRPUSDT,1590711074.0,1.4996,3.6,,,True,372.9668383511359,0.9991075891088069,53.06575612113044,-0.09486720274648672,0.302,0.9999999890186635,75.83890500600677,14.015173312734216,2026-03-17 14:06:48.468000
XRPUSDT,1590711075.0,1.4996,3.6,,,True,373.1648546413253,0.9991098007538745,53.07527807949266,-0.09469933040431547,0.302,0.9999999890227135,75.90383494888599,14.020139823385435,2026-03-17 14:06:48.468000
XRPUSDT,1590711076.0,1.4996,3.4,,,True,373.362905960115,0.9991120069227352,53.0847981227828,-0.09453173042318248,0.302,0.9999999890267669,75.96879101956627,14.02510633393829,2026-03-17 14:06:48.468000
XRPUSDT,1590711077.0,1.4996,3.6,,,True,373.5609923013276,0.9991142076289246,53.09431625243878,-0.09436440242778055,0.302,0.9999999890308233,76.0337732535423,14.030072844393692,2026-03-17 14:06:48.468000
XRPUSDT,1590711078.0,1.4996,3.6,,,True,373.75911365878943,0.9991164028859448,53.10383246989651,-0.09419734604308375,0.302,0.9999999890348819,76.09878167056482,14.035039354753547,2026-03-17 14:06:48.468000
XRPUSDT,1590711079.0,1.4996,3.4,,,True,373.9572700263298,0.9991185927072646,53.11334677658991,-0.0940305608945225,0.302,0.999999989038944,76.16381622522405,14.040005865016957,2026-03-17 14:06:48.468000
XRPUSDT,1590711080.0,1.4996,14.0,,,False,374.1554613977811,0.9991207771063195,53.122859173950914,-0.09386404660775693,2.029,0.9999999890430106,76.22887694744163,14.044974556721657,2026-03-17 14:06:50.497000
XRPUSDT,1590711081.0,1.4996,2040.1,,,False,374.3537458640882,0.999122956096512,53.132369714245776,-0.09372519026534593,3.861,0.99999998904708,63.72508829491876,14.04994555377003,2026-03-17 14:06:54.358000
XRPUSDT,1590711082.0,1.4996,3.6,,,False,374.55212675008033,0.9991251296912121,53.14187840143218,-0.09358801102085045,3.861,0.9999999890511435,63.11169441484018,14.054916541184998,2026-03-17 14:06:54.358000
XRPUSDT,1590711083.0,1.4996,3.4,,,False,374.75054240954387,0.999127297903756,53.15138518286911,-0.09342198829723544,3.861,0.9999999890551875,76.57124025347306,14.05988751897979,2026-03-17 14:06:54.358000
XRPUSDT,1590711084.0,1.4996,3.6,,,False,374.94899283651523,0.9991294607474472,53.16089005998418,-0.09325623622156823,3.861,0.9999999890592112,76.63617872033011,14.06485848717281,2026-03-17 14:06:54.358000
XRPUSDT,1590711085.0,1.4996,3.6,,,False,375.14747802516234,0.9991316182355575,53.170393034203016,-0.09309075447686081,3.861,0.9999999890632162,76.70111548664143,14.069829445783128,2026-03-17 14:06:54.358000
XRPUSDT,1590711086.0,1.4996,3.6,,,False,375.3459979696565,0.9991337703813244,53.17989410694938,-0.09292554268597386,3.861,0.9999999890672009,76.76607849964692,14.074800394827275,2026-03-17 14:06:54.358000
XRPUSDT,1590711087.0,1.4996,3.6,,,False,375.5445526641711,0.9991359171979541,53.18939327964498,-0.09276060047195853,3.861,0.9999999890711668,76.83106779326177,14.079771334324153,2026-03-17 14:06:54.358000
XRPUSDT,1590711088.0,1.4996,3.6,,,False,375.743142102883,0.9991380586986196,53.19889055370964,-0.0925959274583894,3.861,0.9999999890751129,76.89608330492716,14.084742264291743,2026-03-17 14:06:54.358000
XRPUSDT,1590711089.0,1.4996,195.0,,,False,375.94176627997166,0.9991401948964616,53.208385930561164,-0.09243152326903308,3.861,0.99999998907904,76.96112510168118,14.08971318474812,2026-03-17 14:06:54.358000
XRPUSDT,1590711090.0,1.4996,333.6,,,False,376.1404251896194,0.9991423258045884,53.217879411615435,-0.09226738752805003,3.861,0.9999999890829475,77.02619315944257,14.09468409571022,2026-03-17 14:06:54.358000
XRPUSDT,1590711091.0,1.4996,3.5,,,False,376.33911882601126,0.9991444514360761,53.22737099828637,-0.09210351985994035,3.861,0.9999999890868372,77.09128748644713,14.099654997197948,2026-03-17 14:06:54.358000
XRPUSDT,1590711092.0,1.4996,3.4,,,False,376.53784718333543,0.9991465718039684,53.23686069198593,-0.0919399198895949,3.861,0.9999999890907066,77.15640806584955,14.104625889227798,2026-03-17 14:06:54.358000
XRPUSDT,1590711093.0,1.4996,3.6,,,False,376.7366102557825,0.9991486869212772,53.246348494124156,-0.09177658724217724,3.861,0.9999999890945571,77.22155491515271,14.1095967718178,2026-03-17 14:06:54.358000
XRPUSDT,1590711094.0,1.4996,3.6,,,False,376.9354080375465,0.9991507968009818,53.2558344061091,-0.09161352154326645,3.861,0.9999999890983893,77.28672803199528,14.114567644986296,2026-03-17 14:06:54.358000
XRPUSDT,1590711095.0,1.4996,3.4,,,False,377.13424052282346,0.9991529014560304,53.265318429346955,-0.09145072241872029,3.861,0.9999999891022019,77.35192741275226,14.119538508750235,2026-03-17 14:06:54.358000
XRPUSDT,1590711096.0,1.4997,3.4,,,False,377.37569409490027,0.9991556749590579,53.27483645352561,-0.11074548290499356,0.007,0.9999999891083653,-6956.819695240204,14.124504631202141,2026-03-17 14:06:54.365000
XRPUSDT,1590711097.0,1.4997,0.3,,,False,377.57447708672265,0.9991577675343289,53.28431651464842,-0.09100929773151287,0.007,0.9999999891121363,9431.529391754419,14.129470754352722,2026-03-17 14:06:54.365000
XRPUSDT,1590711098.0,1.4997,3.3,,,False,377.77329498789834,0.9991598549277221,53.29379469213317,-0.09084772346923717,0.001,0.9999999891159127,77.40479720164662,14.134436870870047,2026-03-17 14:06:54.366000
XRPUSDT,1590711099.0,1.4997,0.4,,,False,377.9721475964083,0.9991619371520479,53.30327098721044,-0.09068632366553814,0.001,0.9999999891196949,77.51316786347773,14.139402988106433,2026-03-17 14:06:54.366000
XRPUSDT,1590711100.0,1.4997,3.0,,,False,378.1710351024921,0.9991640142200849,53.312745401437674,-0.09052527670476075,0.001,0.9999999891234823,77.5357176114665,14.14436910606002,2026-03-17 14:06:54.366000
XRPUSDT,1590711101.0,1.4997,0.7,,,False,378.36995750002416,0.9991660861445805,53.322217936205455,-0.0903644925589677,0.001,0.9999999891272747,77.60135378489105,14.1493352247306,2026-03-17 14:06:54.366000
XRPUSDT,1590711102.0,1.4997,3.7,,,False,378.5689147828821,0.9991681529382506,53.33168859290241,-0.09020397086166215,0.001,0.9999999891310732,77.66701612649085,14.154301344117043,2026-03-17 14:06:54.367000
XRPUSDT,1590711103.0,1.4997,2.3,,,False,378.7679069449472,0.99917021461378,53.341157372915326,-0.0900437112467341,0.001,0.9999999891348766,77.73270460947818,14.15926746421893,2026-03-17 14:06:54.368000
XRPUSDT,1590711104.0,1.4997,1.4,,,False,378.9669339801033,0.9991722711838218,53.35062427762904,-0.08988371334825701,0.001,0.9999999891386859,77.7984193212951,14.164233585035026,2026-03-17 14:06:54.368000
XRPUSDT,1590711105.0,1.4997,2.2,,,False,379.165995882238,0.9991743226609981,53.360089308426545,-0.08972397680084557,0.001,0.9999999891424999,77.86416015366561,14.169199706565186,2026-03-17 14:06:54.368000
XRPUSDT,1590711106.0,1.4997,1.5,,,False,379.36509264524204,0.9991763690579004,53.36955246668895,-0.08956450123930462,0.001,0.9999999891463189,77.92992716335178,14.174165828807977,2026-03-17 14:06:54.368000
XRPUSDT,1590711107.0,1.4997,2.1,,,False,379.5642242630089,0.9991784103870883,53.37901375379544,-0.08940528629874081,0.001,0.9999999891501443,77.99572038992441,14.179131951763484,2026-03-17 14:06:54.368000
XRPUSDT,1590711108.0,1.4997,1.6,,,False,379.7633907294359,0.999180446661091,53.38847317112338,-0.08924633161475014,0.001,0.9999999891539738,78.06153974604008,14.184098075430834,2026-03-17 14:06:54.368000
XRPUSDT,1590711109.0,1.4997,1.9,,,False,379.96259203842305,0.9991824778924067,53.39793072004821,-0.08908763682312132,0.001,0.9999999891578089,78.1273852968109,14.1890641998092,2026-03-17 14:06:54.368000
XRPUSDT,1590711110.0,1.4997,1.8,,,False,380.16182818387415,0.9991845040935028,53.40738640194352,-0.08892920156005826,0.001,0.9999999891616492,78.19325700978835,14.194030324897797,2026-03-17 14:06:54.368000
XRPUSDT,1590711111.0,1.4997,1.8,,,False,380.3610991596953,0.999186525276816,53.41684021818105,-0.08877102546205534,0.001,0.9999999891654952,78.25915490838514,14.198996450694466,2026-03-17 14:06:54.369000
XRPUSDT,1590711112.0,1.4997,1.9,,,False,380.56040495979687,0.9991885414547524,53.42629217013062,-0.0886131081659145,0.001,0.9999999891693457,78.3250789935589,14.203962577200935,2026-03-17 14:06:54.369000
XRPUSDT,1590711113.0,1.4997,1.7,,,False,380.7597455780916,0.9991905526396874,53.43574225916025,-0.08845544930887417,0.001,0.9999999891732015,78.39102923980285,14.208928704415642,2026-03-17 14:06:54.370000
XRPUSDT,1590711114.0,1.4997,2.0,,,False,380.9591210084959,0.999192558843966,53.44519048663607,-0.08829804852841831,0.001,0.9999999891770619,78.45700566756489,14.213894832336338,2026-03-17 14:06:54.370000
XRPUSDT,1590711115.0,1.4997,1.4,,,False,381.1585312449291,0.9991945600799027,53.45463685392234,-0.08814090546239965,0.001,0.9999999891809283,78.52300827374945,14.21886096096429,2026-03-17 14:06:54.370000
XRPUSDT,1590711116.0,1.4997,2.3,,,False,381.3579762813138,0.9991965563597819,53.464081362381506,-0.08798401974896972,0.001,0.9999999891847989,78.58903707150432,14.223827090297386,2026-03-17 14:06:54.370000
XRPUSDT,1590711117.0,1.4997,3.7,,,False,381.55745611157573,0.9991985476958571,53.47352401337413,-0.08782739102668422,0.001,0.9999999891886745,78.65509204177494,14.228793220335898,2026-03-17 14:06:54.371000
XRPUSDT,1590711118.0,1.4997,3.7,,,False,381.756970729644,0.9992005341003526,53.482964808258956,-0.08767101893438137,0.001,0.9999999891925552,78.72117318567467,14.233759351077826,2026-03-17 14:06:54.371000
XRPUSDT,1590711119.0,1.4997,3.7,,,False,381.95652012945067,0.9992025155854616,53.49240374839285,-0.08751490311125272,0.001,0.999999989196441,78.7872805201167,14.238725482523684,2026-03-17 14:06:54.372000
XRPUSDT,1590711120.0,1.4997,3.7,,,False,382.1561043049311,0.9992044921633476,53.50184083513088,-0.08735904319680134,0.001,0.9999999892003315,78.85341405104843,14.24369161467245,2026-03-17 14:06:54.372000
XRPUSDT,1590711121.0,1.4997,3.6,,,False,382.3557232500237,0.9992064638461444,53.511276069826245,-0.08720343883091453,0.003,0.9999999892042271,78.91957374618018,14.248657749870574,2026-03-17 14:06:54.375000
XRPUSDT,1590711122.0,1.4997,696.3,,,False,382.5553770216411,0.9992084306459554,53.52070945388007,-0.08704811703462775,0.003,0.9999999892081273,78.97183811839379,14.253623885764611,2026-03-17 14:06:54.375000
XRPUSDT,1590711123.0,1.4997,416.1,,,False,382.75506555064493,0.9992103925748549,53.53014098859181,-0.08689302253092618,0.003,0.9999999892120326,79.05205114460853,14.258590022354557,2026-03-17 14:06:54.378000
XRPUSDT,1590711124.0,1.4997,3.6,,,False,382.9547888309835,0.9992123496448864,53.53957067530922,-0.086738182498063,0.003,0.9999999892159427,79.11828926544706,14.263556159639064,2026-03-17 14:06:54.378000
XRPUSDT,1590711125.0,1.4997,3.5,,,False,383.1545468566082,0.9992143018680644,53.54899851537817,-0.08658359657722726,0.003,0.9999999892198569,79.18455357847067,14.268522297618091,2026-03-17 14:06:54.378000
XRPUSDT,1590711126.0,1.4997,3.6,,,False,383.3543396214733,0.9992162492563741,53.55842451014274,-0.08642926441003795,0.003,0.9999999892237773,79.25084402479175,14.27348843628987,2026-03-17 14:06:54.378000
XRPUSDT,1590711127.0,1.4997,3.5,,,False,383.55416711953666,0.9992181918217703,53.56784866094521,-0.08627518563823464,0.003,0.999999989227701,79.31716075256944,14.278454575654647,2026-03-17 14:06:54.378000
XRPUSDT,1590711128.0,1.4997,195.0,,,False,383.75402934475886,0.9992201295761789,53.57727096912605,-0.08612135990418124,0.003,0.9999999892316297,79.38350359096802,14.283420715711449,2026-03-17 14:06:54.378000
XRPUSDT,1590711129.0,1.4998,3.4,,,False,383.99675647201764,0.9992226830990053,53.58672466802852,-0.10430109970923096,0.7,0.9999999892378822,-7119.474169969338,14.288387663017065,2026-03-17 14:06:55.078000
XRPUSDT,1590711130.0,1.4998,6.7,,,False,384.19671724572424,0.9992246097301755,53.596143235218406,-0.08576809234610157,0.7,0.9999999892418197,9619.385199512768,14.293354608739673,2026-03-17 14:06:55.078000
XRPUSDT,1590711131.0,1.4998,3.7,,,False,384.3967126760567,0.9992265315897597,53.605559963848506,-0.08561506000925712,0.7,0.9999999892457578,79.6272204787209,14.298321553438281,2026-03-17 14:06:55.078000
XRPUSDT,1590711132.0,1.4998,3.6,,,False,384.59674276953893,0.9992284486895571,53.614974855261906,-0.0854622847167382,0.7,0.9999999892496969,79.69083963688404,14.303288497113593,2026-03-17 14:06:55.078000
XRPUSDT,1590711133.0,1.4998,1997.2,,,False,384.796807520207,0.9992303610413381,53.62438791079022,-0.08530976075804783,0.7,0.9999999892536364,79.75727070847508,14.308255439768548,2026-03-17 14:06:55.078000
XRPUSDT,1590711134.0,1.4998,3.6,,,False,384.99690692209987,0.9992322686568436,53.63379913176327,-0.08515748777683194,0.7,0.9999999892575767,79.82372798975857,14.313222381405932,2026-03-17 14:06:55.078000
XRPUSDT,1590711135.0,1.4998,3.6,,,False,385.1970409692598,0.999234171547786,53.64320851950907,-0.08500546541697288,0.7,0.9999999892615179,79.89021150133367,14.318189322028628,2026-03-17 14:06:55.078000
XRPUSDT,1590711136.0,1.4998,3.4,,,False,385.3972096557317,0.9992360697258484,53.652616075353855,-0.084853693322788,0.7,0.9999999892654593,79.95672123252412,14.32315626163793,2026-03-17 14:06:55.078000
XRPUSDT,1590711137.0,1.4998,3.6,,,False,385.5974129755639,0.9992379632026854,53.66202180062203,-0.08470217113897277,0.7,0.9999999892694021,80.02325714010232,14.3281232002367,2026-03-17 14:06:55.078000
XRPUSDT,1590711138.0,1.4998,3.6,,,False,385.7976509228078,0.9992398519899229,53.67142569663627,-0.08455089851041753,0.7,0.999999989273345,80.0898193039675,14.333090137827789,2026-03-17 14:06:55.078000
XRPUSDT,1590711139.0,1.4998,2197.8,,,False,385.99792349151755,0.9992417360991578,53.68082776471745,-0.08439987508249089,0.7,0.9999999892772893,80.15640767165333,14.338057074413086,2026-03-17 14:06:55.078000
XRPUSDT,1590711140.0,1.4998,1112.4,,,False,386.1982306757504,0.9992436155419585,53.69022800618465,-0.08424910050079207,0.7,0.9999999892812337,80.22302229193879,14.343024009994842,2026-03-17 14:06:55.078000
XRPUSDT,1590711141.0,1.4998,3.6,,,False,386.3985724695671,0.9992454903298656,53.699626422355195,-0.0840985744114196,0.7,0.999999989285179,80.2896630595376,14.347990944576306,2026-03-17 14:06:55.078000
XRPUSDT,1590711142.0,1.4998,333.5,,,False,386.59894886703086,0.9992473604743901,53.70902301454463,-0.08394829646072627,0.7,0.9999999892891249,80.35633007373845,14.352957878159403,2026-03-17 14:06:55.078000
XRPUSDT,1590711143.0,1.4998,1494.6,,,False,386.7993598622082,0.9992492259870154,53.71841778406671,-0.08379826629528103,0.7,0.9999999892930717,80.42302336275841,14.357924810746576,2026-03-17 14:06:55.078000
XRPUSDT,1590711144.0,1.4998,3.5,,,False,386.99980544916883,0.9992510868791962,53.727810732233465,-0.08364848356227941,0.7,0.9999999892970184,80.48974279515721,14.362891742339038,2026-03-17 14:06:55.078000
XRPUSDT,1590711145.0,1.4998,3.4,,,False,387.2002856219849,0.9992529431623594,53.73720186035514,-0.08349894790901508,0.7,0.9999999893009665,80.55648848746618,14.367858672941658,2026-03-17 14:06:55.078000
XRPUSDT,1590711146.0,1.4998,3.6,,,False,387.4008003747324,0.9992547948479032,53.74659116974022,-0.083349658983248,0.7,0.9999999893049152,80.62326039059313,14.372825602553752,2026-03-17 14:06:55.078000
XRPUSDT,1590711147.0,1.4998,3.4,,,False,387.6013497014898,0.9992566419471979,53.75597866169543,-0.08320061643302731,0.7,0.9999999893088646,80.69005854434064,14.377792531180825,2026-03-17 14:06:55.078000
XRPUSDT,1590711148.0,1.4998,3.6,,,False,387.8019335963388,0.9992584844715862,53.76536433752573,-0.08305181990678445,0.7,0.9999999893128141,80.75688288792975,14.38275945882288,2026-03-17 14:06:55.078000
XRPUSDT,1590711149.0,1.4998,3.4,,,False,388.0025520533639,0.9992603224323819,53.774748198534354,-0.08290326905329362,0.7,0.9999999893167648,80.82373347235817,14.387726385483521,2026-03-17 14:06:55.078000
XRPUSDT,1590711150.0,1.4999,3.4,,,False,388.2461886677597,0.9992627444127286,53.784161879555064,-0.10039955320303892,0.7,0.9999999893230023,-7223.957937652475,14.392693311251348,2026-03-17 14:06:55.078000
XRPUSDT,1590711151.0,1.4999,6.7,,,False,388.4468836517277,0.9992645718223732,53.7935420419225,-0.08255324936377552,0.7,0.9999999893269526,9765.902183969798,14.397660235506999,2026-03-17 14:06:55.078000
XRPUSDT,1590711152.0,1.4999,3.7,,,False,388.64761316676794,0.9992663947058066,53.802920393524445,-0.08240552004745652,0.7,0.9999999893309036,81.04155954813788,14.40262715878928,2026-03-17 14:06:55.078000
XRPUSDT,1590711153.0,1.4999,3.4,,,False,388.8483772190893,0.9992682130742234,53.81229693566573,-0.08225803984110486,0.7,0.9999999893348551,81.10578966610625,14.407594081100058,2026-03-17 14:06:55.078000
XRPUSDT,1590711154.0,1.4999,5.0,,,False,389.04917580279204,0.9992700269387902,53.82167166964044,-0.08211080341726068,0.7,0.999999989338808,81.17277692152715,14.412561002441636,2026-03-17 14:06:55.078000
XRPUSDT,1590711155.0,1.4999,3.4,,,False,389.2500089119797,0.9992718363106456,53.831044596741,-0.08196381042692608,0.7,0.9999999893427602,81.23979042310954,14.417527922816161,2026-03-17 14:06:55.078000
XRPUSDT,1590711156.0,1.4999,3.6,,,False,389.4508765407586,0.999273641200902,53.840415718258114,-0.08181706052140009,0.7,0.999999989346714,81.30683015693205,14.422494842226719,2026-03-17 14:06:55.078000
XRPUSDT,1590711157.0,1.4999,7.3,,,False,389.6517786832381,0.9992754416206433,53.84978503548073,-0.08167055335245124,0.7,0.9999999893506683,81.37389609135589,14.427461760675197,2026-03-17 14:06:55.078000
XRPUSDT,1590711158.0,1.4999,1110.4,,,False,389.8527153335307,0.9992772375809262,53.85915254969608,-0.08152428857205968,0.7,0.9999999893546232,81.44098830097931,14.43242867816349,2026-03-17 14:06:55.078000
XRPUSDT,1590711159.0,1.4999,242.8,,,False,390.0536864857519,0.9992790290927808,53.86851826218967,-0.08137826583266583,0.7,0.9999999893585786,81.50810670019023,14.437395594694326,2026-03-17 14:06:55.078000
XRPUSDT,1590711160.0,1.4999,3.6,,,False,390.2546921340199,0.9992808161672089,53.87788217424527,-0.08123248478697014,0.7,0.9999999893625349,81.57525137340025,14.442362510269964,2026-03-17 14:06:55.078000
XRPUSDT,1590711161.0,1.4999,3.6,,,False,390.4557322724561,0.9992825988151866,53.887244287145,-0.08108694508803804,0.7,0.9999999893664921,81.64242225867181,14.44732942489324,2026-03-17 14:06:55.078000
XRPUSDT,1590711162.0,1.4999,3.4,,,False,390.65680689518496,0.9992843770476616,53.89660460216924,-0.08094164638937498,0.7,0.9999999893704489,81.7096193562744,14.452296338565924,2026-03-17 14:06:55.078000
XRPUSDT,1590711163.0,1.4999,3.6,,,False,390.8579159963338,0.9992861508755552,53.90596312059662,-0.08079658834468333,0.7,0.9999999893744077,81.77684273514038,14.457263251290525,2026-03-17 14:06:55.078000
XRPUSDT,1590711164.0,1.4999,3.4,,,False,391.059059570033,0.9992879203097618,53.915319843704104,-0.08065177060809291,0.7,0.999999989378366,81.84409233768329,14.462230163069076,2026-03-17 14:06:55.078000
XRPUSDT,1590711165.0,1.5,6.7,,,False,391.30332967659984,0.9992902519534415,53.924705303764064,-0.09767090380539903,0.7,0.9999999893845877,-7299.199850120061,14.467197073986696,2026-03-17 14:06:55.078000
XRPUSDT,1590711166.0,1.5,3.4,,,False,391.5045495784725,0.9992920112294144,53.934058369665074,-0.08031059624945609,0.7,0.9999999893885463,9867.87054637803,14.472163983443046,2026-03-17 14:06:55.078000
XRPUSDT,1590711167.0,1.5,3.7,,,False,391.70580392221063,0.9992937661476936,53.94340964421876,-0.08016658211304253,0.7,0.9999999893925051,82.06315822012684,14.47713089196125,2026-03-17 14:06:55.078000
XRPUSDT,1590711168.0,1.5,1397.9,,,False,391.9070927137957,0.999295516719058,53.95275912870333,-0.0800228114894938,0.7,0.9999999893964647,82.1278277884614,14.482097799544032,2026-03-17 14:06:55.078000
XRPUSDT,1590711169.0,1.5,500.0,,,False,392.10841594737406,0.9992972629542594,53.96210682438687,-0.07987927931325288,0.7,0.9999999894004248,82.19521409934245,14.487064706193202,2026-03-17 14:06:55.078000
XRPUSDT,1590711170.0,1.5,3.4,,,False,392.30977361709444,0.9992990048640235,53.97145273253583,-0.07973598524063331,0.7,0.9999999894043857,82.26262667162527,14.492031611911347,2026-03-17 14:06:55.078000
XRPUSDT,1590711171.0,1.5,3.6,,,False,392.5111657171083,0.9993007424590493,53.98079685441498,-0.07959292892831238,0.7,0.9999999894083464,82.33006551675513,14.496998516699419,2026-03-17 14:06:55.078000
XRPUSDT,1590711172.0,1.5,15.0,,,False,392.71259224157086,0.9993024757500095,53.990139191287334,-0.07945011003342269,0.7,0.9999999894123085,82.39753057552014,14.501965420562161,2026-03-17 14:06:55.078000
XRPUSDT,1590711173.0,1.5,3.5,,,False,392.91405318463944,0.9993042047475508,53.9994797444143,-0.07930752821335157,0.7,0.9999999894162711,82.46502188082532,14.50693232349907,2026-03-17 14:06:55.078000
XRPUSDT,1590711174.0,1.5,7.3,,,False,393.1155485404752,0.9993059294622928,54.008818515055594,-0.07916518312595444,0.7,0.9999999894202342,82.53253939841765,14.511899225514162,2026-03-17 14:06:55.078000
XRPUSDT,1590711175.0,1.5,3.4,,,False,393.3170783032413,0.9993076499048299,54.018155504469235,-0.0790230744291781,0.7,0.9999999894241978,82.60008324126424,14.516866126609546,2026-03-17 14:06:55.078000
XRPUSDT,1590711176.0,1.5,1462.5,,,False,393.51864246710466,0.9993093660857296,54.02749071391161,-0.07888120178164179,0.7,0.9999999894281619,82.66765325209688,14.521833026787034,2026-03-17 14:06:55.078000
XRPUSDT,1590711177.0,1.5,698.9,,,False,393.7202410262348,0.9993110780155338,54.036824144637414,-0.07873956484209288,0.7,0.9999999894321261,82.7352495450218,14.52679992604891,2026-03-17 14:06:55.078000
XRPUSDT,1590711178.0,1.5,4.0,,,False,393.92187397480404,0.9993127857047581,54.04615579789968,-0.0785981632697057,0.7,0.9999999894360917,82.80287207412171,14.531766824397412,2026-03-17 14:06:55.078000
XRPUSDT,1590711179.0,1.5,1082.4,,,False,394.12354130698776,0.9993144891638924,54.05548567494978,-0.07845699672397172,0.7,0.999999989440058,82.87052086607363,14.53673372183515,2026-03-17 14:06:55.078000
XRPUSDT,1590711180.0,1.5,951.0,,,False,394.3252430169645,0.9993161884034006,54.06481377703746,-0.07831606486475484,0.7,0.9999999894440247,82.93819590218301,14.541700618363702,2026-03-17 14:06:55.078000
XRPUSDT,1590711181.0,1.5,3.4,,,False,394.5269790989156,0.9993178834337206,54.07414010541073,-0.07817536735236391,0.7,0.9999999894479916,83.00589714026556,14.546667513986256,2026-03-17 14:06:55.078000
XRPUSDT,1590711182.0,1.5,3.4,,,False,394.7287495470253,0.9993195742652652,54.083464661316064,-0.07803490384722696,0.7,0.9999999894519588,83.07362468447342,14.551634408704794,2026-03-17 14:06:55.078000
XRPUSDT,1590711183.0,1.5001,3.4,,,False,394.9737767206089,0.9993218022975948,54.09281670900253,-0.09449986339769695,0.7,0.9999999894581626,-7389.910519471515,14.556601302600743,2026-03-17 14:06:55.078000
XRPUSDT,1590711184.0,1.5001,3.4,,,False,395.1756232609763,0.9993234834216302,54.10213765620207,-0.07770404332402754,0.7,0.9999999894621299,9990.827398664444,14.56156819509373,2026-03-17 14:06:55.078000
XRPUSDT,1590711185.0,1.5001,6.7,,,False,395.3775041373089,0.9993251603812905,54.11145683480902,-0.07756436235041234,0.7,0.999999989466098,83.29417631590556,14.566535086688825,2026-03-17 14:06:55.078000
XRPUSDT,1590711186.0,1.5001,3.7,,,False,395.5794193553238,0.9993268331868775,54.12077424607069,-0.07742491832756594,0.7,0.9999999894700657,83.35937177991786,14.571501977390374,2026-03-17 14:06:55.078000
XRPUSDT,1590711187.0,1.5001,3.4,,,False,395.7813689092202,0.999328501848668,54.1300898912249,-0.07728570648634997,0.7,0.9999999894740348,83.42723613376877,14.576468867198988,2026-03-17 14:06:55.078000
XRPUSDT,1590711188.0,1.5001,3.6,,,False,395.98335279320054,0.9993301663769126,54.139403771507865,-0.07714672648959692,0.7,0.9999999894780045,83.49512674058468,14.581435756117052,2026-03-17 14:06:55.078000
XRPUSDT,1590711189.0,1.5001,7.3,,,False,396.18537100147046,0.9993318267818372,54.14871588815419,-0.07700797800052647,0.7,0.9999999894819741,83.5630435797561,14.586402644147725,2026-03-17 14:06:55.078000
XRPUSDT,1590711190.0,1.5001,212.5,,,False,396.38742352823806,0.9993334830736424,54.15802624239682,-0.07686946068264605,0.7,0.9999999894859442,83.63098666566927,14.591369531292512,2026-03-17 14:06:55.078000
XRPUSDT,1590711191.0,1.5,3.4,,,True,396.54623171827905,0.9993346045425362,54.16730610998824,-0.060351224956198365,0.165,0.999999989487692,14729.107350640701,14.596335864921027,2026-03-17 14:06:55.243000
XRPUSDT,1590711192.0,1.5,3.6,,,True,396.7483304893351,0.9993362539533016,54.17661299945255,-0.07663738147618358,0.165,0.9999999894916645,-9873.9239863613,14.601302198967032,2026-03-17 14:06:55.243000
XRPUSDT,1590711193.0,1.5,3.4,,,True,396.9504635924856,0.9993378992781458,54.18591813012012,-0.07649950335299543,0.165,0.9999999894956388,83.79993998066755,14.60626853331489,2026-03-17 14:06:55.243000
XRPUSDT,1590711194.0,1.5,3.6,,,True,397.1526310192265,0.9993395405271769,54.19522150321561,-0.07636185403591675,0.165,0.9999999894996174,83.86863569648133,14.611234867962347,2026-03-17 14:06:55.243000
XRPUSDT,1590711195.0,1.5,3.6,,,True,397.35483276373816,0.9993411777104786,54.20452311996386,-0.07622443420667047,0.165,0.9999999895035988,83.93674007247249,14.61620120291119,2026-03-17 14:06:55.243000
XRPUSDT,1590711196.0,1.5,3.6,,,True,397.5570688202041,0.999342810838109,54.21382298158813,-0.07608724353121914,0.165,0.9999999895075834,84.00487071084899,14.621167538160423,2026-03-17 14:06:55.243000
XRPUSDT,1590711197.0,1.5,3.4,,,True,397.7593391828108,0.9993444399201017,54.223121089310034,-0.07595028167592116,0.165,0.9999999895115695,84.07302758052133,14.626133873710186,2026-03-17 14:06:55.243000
XRPUSDT,1590711198.0,1.5,3.4,,,True,397.9616438457473,0.9993460649664657,54.23241744434959,-0.07581354830740235,0.165,0.99999998951556,84.14121070356565,14.63110020956133,2026-03-17 14:06:55.243000
XRPUSDT,1590711199.0,1.5,3.6,,,True,398.1639828032061,0.9993476859871849,54.241712047925226,-0.07567704309273404,0.165,0.999999989519553,84.20942005893635,14.636066545712772,2026-03-17 14:06:55.243000
XRPUSDT,1590711200.0,1.5,3.4,,,True,398.36635604938226,0.999349302992219,54.25100490125376,-0.07554076569923455,0.165,0.999999989523549,84.27765568205496,14.64103288216503,2026-03-17 14:06:55.243000
XRPUSDT,1590711201.0,1.5,10.3,,,False,398.5687635784741,0.9993509159915028,54.260296005550394,-0.07540471579466598,1.848,0.9999999895275475,84.34591753041954,14.646000927276868,2026-03-17 14:06:57.091000
XRPUSDT,1590711202.0,1.4999,204.0,,,True,398.7278895812753,0.9993520081150719,54.269557363258855,-0.059215520588388734,0.277,0.9999999895293434,14823.592920663601,14.650967377203413,2026-03-17 14:06:57.368000
XRPUSDT,1590711203.0,1.4999,3.6,,,True,398.93036138652224,0.9993536144130203,54.27884503972687,-0.07518343621665988,0.277,0.9999999895333413,-9940.818043046087,14.655933827380817,2026-03-17 14:06:57.368000
XRPUSDT,1590711204.0,1.4999,3.6,,,True,399.13286745740135,0.9993552167317084,54.28813097064125,-0.07504797746377542,0.277,0.9999999895373426,84.5392080198515,14.660900277616808,2026-03-17 14:06:57.368000
XRPUSDT,1590711205.0,1.4999,3.4,,,True,399.335407783704,0.9993568150809813,54.29741515720841,-0.07491274339027941,0.277,0.9999999895413455,84.60858698777923,14.665866727911897,2026-03-17 14:06:57.368000
XRPUSDT,1590711206.0,1.4999,3.6,,,True,399.53798235965115,0.9993584094706596,54.30669760063602,-0.07477773530797038,0.277,0.9999999895453513,84.67696708523114,14.67083317826663,2026-03-17 14:06:57.368000
XRPUSDT,1590711207.0,1.4999,6.7,,,True,399.74059117946666,0.9993599999105401,54.31597830213016,-0.07464295288629202,0.277,0.9999999895493585,84.74537348112153,14.67579962868017,2026-03-17 14:06:57.368000
XRPUSDT,1590711208.0,1.4999,3.6,,,True,399.94323423737677,0.9993615864103949,54.325257262895356,-0.07450839579520108,0.277,0.9999999895533689,84.81380612256989,14.680766079153614,2026-03-17 14:06:57.368000
XRPUSDT,1590711209.0,1.4999,3.6,,,True,400.1459115276115,0.9993631689799725,54.334534484134515,-0.0743740637049346,0.277,0.9999999895573815,84.88226499941683,14.685732529687966,2026-03-17 14:06:57.368000
XRPUSDT,1590711210.0,1.4999,3.6,,,True,400.3486230444032,0.9993647476289966,54.34380996704903,-0.07423995628611918,0.277,0.9999999895613954,84.95075014279732,14.690698980283015,2026-03-17 14:06:57.368000
XRPUSDT,1590711211.0,1.4999,91.4,,,True,400.55136878198726,0.9993663223671678,54.35308371283867,-0.07410607320967433,0.277,0.9999999895654119,85.01926154698582,14.695665430939817,2026-03-17 14:06:57.368000
XRPUSDT,1590711212.0,1.4999,3.5,,,True,400.7541487346019,0.9993678932041623,54.362355722701636,-0.0739724141469156,0.277,0.9999999895694315,85.08779919775647,14.700631881658301,2026-03-17 14:06:57.368000
XRPUSDT,1590711213.0,1.4999,3.5,,,True,400.95696289648833,0.9993694601496323,54.37162599783462,-0.07383897876948686,0.277,0.9999999895734527,85.1563631151735,14.705598332438486,2026-03-17 14:06:57.368000
XRPUSDT,1590711214.0,1.4999,3.6,,,True,401.15981126189087,0.9993710232132064,54.380894539432695,-0.07370576674940853,0.277,0.999999989577476,85.22495328579286,14.71056478328161,2026-03-17 14:06:57.368000
XRPUSDT,1590711215.0,1.4999,3.4,,,True,401.3626938250563,0.9993725824044893,54.39016134868938,-0.07357277775902188,0.277,0.9999999895815018,85.29356971070587,14.715531234187633,2026-03-17 14:06:57.368000
XRPUSDT,1590711216.0,1.4999,3.6,,,True,401.56561058023453,0.9993741377330622,54.39942642679667,-0.07344001147102568,0.277,0.99999998958553,85.36221240718777,14.720497685157593,2026-03-17 14:06:57.368000
XRPUSDT,1590711217.0,1.4999,3.4,,,True,401.7685615216785,0.9993756892084823,54.408689774944975,-0.07330746755849023,0.277,0.9999999895895593,85.43088135022516,14.725464136191368,2026-03-17 14:06:57.368000
XRPUSDT,1590711218.0,1.4999,3.4,,,False,401.9715466436439,0.9993772368402836,54.41795139432314,-0.07317514569481293,1.683,0.9999999895935919,85.49957655873716,14.730431972149633,2026-03-17 14:06:59.051000
XRPUSDT,1590711219.0,1.4999,3.6,,,False,402.1746037195899,0.9993787806379764,54.42721130953963,-0.07305660113677948,1.683,0.9999999895976286,76.7876248208072,14.735399805206916,2026-03-17 14:06:59.051000
XRPUSDT,1590711220.0,1.4999,3.6,,,False,402.37769489633985,0.9993803206110474,54.436469498200815,-0.07292464440335927,1.683,0.9999999896016611,85.6876888951796,14.740367635365624,2026-03-17 14:06:59.051000
XRPUSDT,1590711221.0,1.4999,3.6,,,False,402.5808201682372,0.9993818567689603,54.44572596149172,-0.0727929090656115,1.683,0.9999999896056894,85.75637741652126,14.74533546263435,2026-03-17 14:06:59.051000
XRPUSDT,1590711222.0,1.4999,3.6,,,False,402.78397952965537,0.9993833891211548,54.45498070059585,-0.07266139480692044,1.683,0.999999989609714,85.82508588167592,14.750303287016267,2026-03-17 14:06:59.051000
XRPUSDT,1590711223.0,1.4999,3.6,,,False,402.9871729749704,0.9993849176770478,54.46423371669509,-0.07253010130107701,1.683,0.9999999896137354,85.89382072165171,14.75527110851928,2026-03-17 14:06:59.051000
XRPUSDT,1590711224.0,1.4999,3.6,,,False,403.1904004985613,0.9993864424460328,54.473485010969895,-0.07239902822246311,1.683,0.999999989617753,85.96258181181935,14.760238927148603,2026-03-17 14:06:59.051000
XRPUSDT,1590711225.0,1.4999,3.5,,,False,403.3936620948097,0.99938796343748,54.48273458459914,-0.07226817524564695,1.683,0.9999999896217658,86.03136924540716,14.765206742910683,2026-03-17 14:06:59.051000
XRPUSDT,1590711226.0,1.4999,225.6,,,False,403.5969577581001,0.9993894806607369,54.49198243876014,-0.07213754204561953,1.683,0.9999999896257745,86.1001829765098,14.770174555811213,2026-03-17 14:06:59.051000
XRPUSDT,1590711227.0,1.4999,3.7,,,False,403.8002874828193,0.9993909941251273,54.501228574628676,-0.07200712829769992,0.002,0.9999999896297801,86.16902303088285,14.775140736861111,2026-03-17 14:06:59.053000
XRPUSDT,1590711228.0,1.4999,3.7,,,False,404.00360675701364,0.9993925038399526,54.510472966396684,-0.07186124590810712,0.001,0.9999999896337782,96.62910316004736,14.780106917586362,2026-03-17 14:06:59.054000
XRPUSDT,1590711229.0,1.4999,3.7,,,False,404.20696013549394,0.9993940098144909,54.51971564238566,-0.07173135113905744,0.001,0.9999999896377816,86.25296493833063,14.785073098955523,2026-03-17 14:06:59.054000
XRPUSDT,1590711230.0,1.4999,3.7,,,False,404.41034763901075,0.9993955120579969,54.528956603782,-0.07160168381489943,0.001,0.9999999896417872,86.31578278560328,14.790039280968294,2026-03-17 14:06:59.054000
XRPUSDT,1590711231.0,1.4999,3.7,,,False,404.6137692618364,0.999397010579704,54.538195851754466,-0.07147223426125873,0.001,0.9999999896457963,86.38483715733838,14.795005463624085,2026-03-17 14:06:59.054000
XRPUSDT,1590711232.0,1.4999,3.7,,,False,404.8172249982461,0.999398505388821,54.54743338747031,-0.07134300215675146,0.001,0.9999999896498084,86.45391778383629,14.799971646921884,2026-03-17 14:06:59.054000
XRPUSDT,1590711233.0,1.4999,0.4,,,False,405.02071484251826,0.9993999964945348,54.55666921209528,-0.07121398718028053,0.001,0.9999999896538233,86.52302467737435,14.804937830860922,2026-03-17 14:06:59.054000
XRPUSDT,1590711234.0,1.4999,3.3,,,False,405.224238788934,0.9994014839060102,54.565903326793595,-0.07108518901107816,0.001,0.9999999896578421,86.59215780556444,14.809904015440734,2026-03-17 14:06:59.054000
XRPUSDT,1590711235.0,1.4999,0.2,,,False,405.42779683177713,0.9994029676323882,54.57513573272797,-0.07095660732875281,0.001,0.9999999896618637,86.66131723035397,14.814870200661538,2026-03-17 14:06:59.054000
XRPUSDT,1590711236.0,1.4999,3.4,,,False,405.6313889653345,0.9994044476827884,54.58436643105964,-0.07082824181322447,0.001,0.9999999896658888,86.73050290540644,14.819836386521287,2026-03-17 14:06:59.054000
XRPUSDT,1590711237.0,1.4999,0.1,,,False,405.835015183896,0.9994059240663064,54.59359542294831,-0.0707000921448495,0.001,0.999999989669917,86.79971485252939,14.824802573019994,2026-03-17 14:06:59.054000
XRPUSDT,1590711238.0,1.4999,3.5,,,False,406.0386754817541,0.9994073967920171,54.60282270955222,-0.07057215800423655,0.001,0.9999999896739484,86.86895304539821,14.829768760157442,2026-03-17 14:06:59.054000
XRPUSDT,1590711239.0,1.4999,0.2,,,False,406.24236985320437,0.9994088658689716,54.61204829202807,-0.07044443907242114,0.001,0.9999999896779828,86.93821751242041,14.834734947932333,2026-03-17 14:06:59.054000
XRPUSDT,1590711240.0,1.4999,3.4,,,False,406.446098292545,0.9994103313061995,54.6212721715311,-0.0703169350307209,0.001,0.9999999896820201,87.00750825271378,14.839701136343981,2026-03-17 14:06:59.054000
XRPUSDT,1590711241.0,1.4999,0.3,,,False,406.6498607940772,0.9994117931127074,54.63049434921502,-0.07018964556087891,0.001,0.9999999896860611,87.07682524982623,14.844667325391995,2026-03-17 14:06:59.054000
XRPUSDT,1590711242.0,1.4999,3.1,,,False,406.85365735210524,0.9994132512974806,54.639714826232115,-0.07006257034491316,0.001,0.9999999896901041,87.14616851412826,14.84963351507587,2026-03-17 14:06:59.054000
XRPUSDT,1590711243.0,1.5,3.6,,,False,407.10115333924676,0.9994151727957999,54.64895909936304,-0.08484733842257243,0.024,0.9999999896962997,-7694.39552915709,14.854599727049544,2026-03-17 14:06:59.078000
XRPUSDT,1590711244.0,1.5,3.4,,,False,407.305025887692,0.9994166226071151,54.65817611993932,-0.06976358715914924,0.024,0.9999999897003481,10403.94091713138,14.859565939595084,2026-03-17 14:06:59.078000
XRPUSDT,1590711245.0,1.5,333.5,,,False,407.5089324729067,0.9994180688263794,54.66739144342853,-0.06963723075232642,0.024,0.9999999897043991,87.37015882584748,14.864532152728644,2026-03-17 14:06:59.078000
XRPUSDT,1590711246.0,1.5,6.7,,,False,407.7128730895693,0.9994195114624823,54.67660507097689,-0.06951108733543657,0.024,0.9999999897084529,87.4395259035443,14.869498366449099,2026-03-17 14:06:59.078000
XRPUSDT,1590711247.0,1.5,3.6,,,False,407.91684773200063,0.9994209505242914,54.68581700372892,-0.06938515646893403,0.024,0.9999999897125104,87.50900462411667,14.87446458075554,2026-03-17 14:06:59.078000
XRPUSDT,1590711248.0,1.5,3.6,,,False,408.12085639452414,0.9994223860206519,54.69502724282774,-0.06925943783716382,0.024,0.9999999897165698,87.57850958351534,14.879430795647902,2026-03-17 14:06:59.078000
XRPUSDT,1590711249.0,1.5,3.6,,,False,408.32489907146595,0.9994238179603875,54.70423578941493,-0.0691339311247362,0.024,0.9999999897206323,87.64804084317136,14.884397011126083,2026-03-17 14:06:59.078000
XRPUSDT,1590711250.0,1.5,3.6,,,False,408.52897575715525,0.9994252463523,54.713442644630625,-0.06900863601665212,0.024,0.9999999897246981,87.71759836019605,14.889363227188793,2026-03-17 14:06:59.078000
XRPUSDT,1590711251.0,1.5,3.6,,,False,408.73308644592413,0.9994266712051694,54.722647809613505,-0.06888355219827402,0.024,0.9999999897287662,87.78718214914991,14.894329443835847,2026-03-17 14:06:59.078000
XRPUSDT,1590711252.0,1.5,3.5,,,False,408.9372311321073,0.9994280925277542,54.73185128550078,-0.06875867935522822,0.024,0.9999999897328375,87.85679224188873,14.899295661066642,2026-03-17 14:06:59.078000
XRPUSDT,1590711253.0,1.5,3.5,,,False,409.1414098100424,0.9994295103287915,54.7410530734282,-0.06863401717364216,0.055,0.999999989736911,87.92642854087039,14.90426190752208,2026-03-17 14:06:59.133000
XRPUSDT,1590711254.0,1.5,3.4,,,False,409.3456232600862,0.999430924616996,54.75025317497643,-0.06850982832074475,0.055,0.9999999897409879,87.81014541307415,14.909228154499113,2026-03-17 14:06:59.133000
XRPUSDT,1590711255.0,1.5,3.6,,,False,409.54987068913965,0.9994323354010616,54.75945159082891,-0.06838558500331532,0.055,0.999999989745067,88.06685619833188,14.914194401996347,2026-03-17 14:06:59.133000
XRPUSDT,1590711256.0,1.5,3.6,,,False,409.754152091551,0.9994337426896606,54.768648322117016,-0.06826155141405436,0.055,0.9999999897491486,88.13656939326388,14.919160650013582,2026-03-17 14:06:59.133000
XRPUSDT,1590711257.0,1.5,3.6,,,False,409.95846746167155,0.9994351464914436,54.77784336997071,-0.06813772724036946,0.055,0.9999999897532331,88.20630888271158,14.924126898551645,2026-03-17 14:06:59.133000
XRPUSDT,1590711258.0,1.5,3.6,,,False,410.1628167938551,0.9994365468150406,54.78703673551846,-0.06801411217000866,0.055,0.99999998975732,88.27607463625539,14.929093147608233,2026-03-17 14:06:59.133000
XRPUSDT,1590711259.0,1.5,3.6,,,False,410.3672000824587,0.9994379436690594,54.79622841988733,-0.06789070589111158,0.055,0.9999999897614095,88.34586666704392,14.934059397183889,2026-03-17 14:06:59.133000
XRPUSDT,1590711260.0,1.5,3.6,,,False,410.5716173218416,0.9994393370620867,54.80541842420292,-0.06776750809211333,0.055,0.9999999897655018,88.41568501138424,14.93902564727877,2026-03-17 14:06:59.133000
XRPUSDT,1590711261.0,1.5,3.5,,,False,410.7760685063667,0.9994407270026885,54.814606749589394,-0.06764451846185664,0.055,0.9999999897695964,88.48552959324641,14.943991897891106,2026-03-17 14:06:59.133000
XRPUSDT,1590711262.0,1.5,3.4,,,False,410.98055363039873,0.9994421134994091,54.823793397169496,-0.06752173668946582,0.02,0.9999999897736935,88.55540050081373,14.948958117208527,2026-03-17 14:06:59.153000
XRPUSDT,1590711263.0,1.5,3.6,,,False,411.1850718139517,0.9994434965607722,54.832978367578875,-0.06739887510035103,0.02,0.9999999897777928,88.83307161380121,14.953924337111085,2026-03-17 14:06:59.153000
XRPUSDT,1590711264.0,1.5,3.6,,,False,411.3896239273388,0.9994448761952802,54.84216166242629,-0.0672765097730117,0.02,0.9999999897818949,88.69401760572615,14.958890557599336,2026-03-17 14:06:59.153000
XRPUSDT,1590711265.0,1.5,3.6,,,False,411.59420996493117,0.9994462524114144,54.85134328283018,-0.06715435136598996,0.02,0.9999999897859991,88.76396954609466,14.963856778671412,2026-03-17 14:06:59.153000
XRPUSDT,1590711266.0,1.5,3.5,,,False,411.7988299211028,0.999447625217635,54.860523229907486,-0.06703239956990445,0.02,0.9999999897901066,88.83394776075552,14.968823000328086,2026-03-17 14:06:59.153000
XRPUSDT,1590711267.0,1.5,3.6,,,False,412.0034837902306,0.9994489946223819,54.869701504773786,-0.06691065407563004,0.02,0.9999999897942166,88.90395228087912,14.973789222567381,2026-03-17 14:06:59.153000
XRPUSDT,1590711268.0,1.5,3.6,,,False,412.20817156669375,0.9994503606340737,54.8788781085432,-0.06678911457448433,0.02,0.9999999897983284,88.97398307696831,14.978755445390574,2026-03-17 14:06:59.153000
XRPUSDT,1590711269.0,1.5,3.6,,,False,412.4128932448746,0.9994517232611084,54.88805304232845,-0.06666778075808796,0.02,0.9999999898024439,89.04404015258896,14.983721668795184,2026-03-17 14:06:59.153000
XRPUSDT,1590711270.0,1.5,3.5,,,False,412.6176488191589,0.9994530825118629,54.8972263072408,-0.0665466523185102,0.02,0.9999999898065609,89.11412348026256,14.988687892782147,2026-03-17 14:06:59.153000
XRPUSDT,1590711271.0,1.5,3.4,,,False,412.8224382839338,0.9994544383946942,54.90639790439015,-0.06642572894789944,0.02,0.9999999898106804,89.18423319865713,14.993654117349708,2026-03-17 14:06:59.153000
XRPUSDT,1590711272.0,1.5,3.5,,,False,413.0272616335904,0.9994557909179376,54.91556783488493,-0.06630501033912291,0.005,0.9999999898148026,89.25436909520025,14.998620329110196,2026-03-17 14:06:59.158000
XRPUSDT,1590711273.0,1.5,3.6,,,False,413.23211849394175,0.9994571400899088,54.92473609963251,-0.06618437742745073,0.005,0.9999999898189276,89.41255395338466,15.00358654147909,2026-03-17 14:06:59.158000
XRPUSDT,1590711274.0,1.5,3.6,,,False,413.4370092286349,0.9994584859189024,54.93390269993958,-0.06606406810847235,0.005,0.9999999898230544,89.39420948138468,15.008552754456224,2026-03-17 14:06:59.158000
XRPUSDT,1590711275.0,1.5,3.4,,,False,413.6419338320677,0.9994598284131927,54.94306763691035,-0.06594396262844245,0.005,0.9999999898271839,89.46442521099813,15.013518968041863,2026-03-17 14:06:59.158000
XRPUSDT,1590711276.0,1.5,3.6,,,False,413.8468922986409,0.9994611675810335,54.95223091164763,-0.06582406068142267,0.005,0.9999999898313162,89.53466724860785,15.0184851822342,2026-03-17 14:06:59.158000
XRPUSDT,1590711277.0,1.5,3.6,,,False,414.05188462275817,0.9994625034306582,54.96139252525286,-0.06570436196186544,0.005,0.9999999898354502,89.60493557390683,15.02345139703283,2026-03-17 14:06:59.158000
XRPUSDT,1590711278.0,1.5,3.6,,,False,414.2569107988257,0.9994638359702798,54.97055247882605,-0.06558486616459139,0.005,0.9999999898395872,89.67523017171297,15.028417612437922,2026-03-17 14:06:59.158000
XRPUSDT,1590711279.0,1.5,3.5,,,False,414.4619708212526,0.9994651652080913,54.97971077346581,-0.06546557298469481,0.005,0.9999999898437266,89.74555107119411,15.033383828448041,2026-03-17 14:06:59.158000
XRPUSDT,1590711280.0,1.5,3.6,,,False,414.6670646844507,0.9994664911522652,54.98886741026937,-0.06534648211764595,0.005,0.9999999898478684,89.81589828053355,15.03835004506288,2026-03-17 14:06:59.158000
XRPUSDT,1590711281.0,1.5,3.5,,,False,414.87219238283484,0.9994678138109537,54.998022390332565,-0.06522759325936114,0.005,0.9999999898520122,89.8862717281841,15.043316262281994,2026-03-17 14:06:59.158000
XRPUSDT,1590711282.0,1.5,3.4,,,False,415.07735391082235,0.9994691331922892,55.007175714749835,-0.0651089061059391,0.005,0.9999999898561583,89.95667153000667,15.048282480104701,2026-03-17 14:06:59.158000
XRPUSDT,1590711283.0,1.5,3.6,,,False,415.2825492628333,0.9994704493043842,55.01632738461423,-0.06499042035394542,0.005,0.999999989860307,90.02709757490074,15.053248698530513,2026-03-17 14:06:59.158000
XRPUSDT,1590711284.0,1.5,3.4,,,False,415.4877784332906,0.9994717621553306,55.02547740101741,-0.06487213570021616,0.005,0.9999999898644585,90.09754995691894,15.058214917558479,2026-03-17 14:06:59.158000
XRPUSDT,1590711285.0,1.5001,3.4,,,False,415.7370096803758,0.999473492115832,55.0346488792462,-0.07855962984630824,0.043,0.9999999898706986,-7912.026971115117,15.06318117031719,2026-03-17 14:06:59.201000
XRPUSDT,1590711286.0,1.5001,3.6,,,False,415.94231463506856,0.9994747974270682,55.04379553901379,-0.06459403129351698,0.043,0.9999999898748522,10699.056413040336,15.068147423579866,2026-03-17 14:06:59.201000
XRPUSDT,1590711287.0,1.5001,3.7,,,False,416.147653388028,0.9994760995038906,55.052940548705564,-0.06447642038372134,0.043,0.9999999898790084,90.32563038964295,15.073113677371486,2026-03-17 14:06:59.201000
XRPUSDT,1590711288.0,1.5001,5.1,,,False,416.3530259342975,0.9994773983543055,55.06208390940774,-0.06435900944344186,0.043,0.9999999898831672,90.39604478980297,15.078079931693328,2026-03-17 14:06:59.201000
XRPUSDT,1590711289.0,1.5001,3.6,,,False,416.5584322683168,0.9994786939862991,55.07122562220488,-0.0642417979808682,0.043,0.9999999898873274,90.46663184792051,15.083046186542838,2026-03-17 14:06:59.201000
XRPUSDT,1590711290.0,1.5001,3.6,,,False,416.7638723845288,0.9994799864078382,55.08036568818003,-0.06412478569511273,0.043,0.9999999898914901,90.53724517378494,15.08801244192087,2026-03-17 14:06:59.201000
XRPUSDT,1590711291.0,1.5001,3.6,,,False,416.9693462773787,0.9994812756268694,55.089504108415106,-0.06400797228557512,0.043,0.9999999898956545,90.6078848596555,15.092978697826979,2026-03-17 14:06:59.201000
XRPUSDT,1590711292.0,1.5001,3.6,,,False,417.17485394131484,0.9994825616513203,55.09864088399039,-0.06389135745208442,0.043,0.9999999898998218,90.67855078985214,15.097944954260289,2026-03-17 14:06:59.201000
XRPUSDT,1590711293.0,1.5001,3.6,,,False,417.380395370788,0.9994838444890983,55.10777601598502,-0.06377494089474353,0.043,0.9999999899039903,90.74924307416084,15.102911211220617,2026-03-17 14:06:59.201000
XRPUSDT,1590711294.0,1.5001,3.5,,,False,417.58597056025184,0.9994851241480921,55.116909505476634,-0.06365872231405623,0.043,0.9999999899081611,90.81996160945344,15.107877468707255,2026-03-17 14:06:59.201000
XRPUSDT,1590711295.0,1.5001,3.5,,,False,417.7915795041626,0.99948640063617,55.12604135354159,-0.06354270141086671,0.043,0.9999999899123337,90.89070646068993,15.112843726720355,2026-03-17 14:06:59.201000
XRPUSDT,1590711296.0,1.5001,3.5,,,False,417.99722219697946,0.9994876739611813,55.13517156125484,-0.06342687788631321,0.005,0.9999999899165086,90.96147764621058,15.117809952811406,2026-03-17 14:06:59.206000
XRPUSDT,1590711297.0,1.5001,3.4,,,False,418.2028977362791,0.9994889441309558,55.14430012923251,-0.06331097610885714,0.005,0.9999999899206848,91.2490438567101,15.12277617949612,2026-03-17 14:06:59.206000
XRPUSDT,1590711298.0,1.5001,3.6,,,False,418.408607015047,0.9994902111533043,55.15342705900746,-0.06319554804275238,0.005,0.9999999899248642,91.10183908194276,15.127742406776676,2026-03-17 14:06:59.206000
XRPUSDT,1590711299.0,1.5001,3.5,,,False,418.61435002774795,0.9994914750360179,55.16255235165059,-0.06308031645403026,0.005,0.9999999899290448,91.1726914866016,15.132708634650283,2026-03-17 14:06:59.206000
XRPUSDT,1590711300.0,1.5001,3.6,,,False,418.82012676884943,0.9994927357868683,55.17167600823144,-0.0629652810452833,0.005,0.9999999899332276,91.24357021995448,15.137674863117471,2026-03-17 14:06:59.206000
XRPUSDT,1590711301.0,1.5001,3.6,,,False,419.0259372328212,0.9994939934136088,55.18079802981822,-0.06285044151947863,0.005,0.9999999899374128,91.31447519692541,15.142641092177263,2026-03-17 14:06:59.206000
XRPUSDT,1590711302.0,1.5001,3.5,,,False,419.23178141413655,0.9994952479239726,55.18991841747778,-0.06273579757985978,0.005,0.9999999899415999,91.3854065504993,15.147607321828138,2026-03-17 14:06:59.206000
XRPUSDT,1590711303.0,1.5002,3.4,,,False,419.48175515779855,0.999496900983236,55.19905932358723,-0.07597099166113669,0.012,0.999999989947849,-8006.484930465439,15.152573557974346,2026-03-17 14:06:59.218000
XRPUSDT,1590711304.0,1.5002,6.7,,,False,419.6876741487994,0.9994981482886645,55.208176395410554,-0.06246606569293273,0.012,0.9999999899520386,10827.280680136564,15.157539794690894,2026-03-17 14:06:59.218000
XRPUSDT,1590711305.0,1.5002,3.4,,,False,419.8936268389316,0.9994993925032668,55.217291836615864,-0.06235207837382071,0.012,0.9999999899562301,91.61387344030834,15.162506031984403,2026-03-17 14:06:59.218000
XRPUSDT,1590711306.0,1.5002,1803.6,,,False,420.09961322284437,0.9995006336346942,55.2264056482645,-0.062238285393906134,0.012,0.9999999899604235,91.68487510792363,15.167472269855852,2026-03-17 14:06:59.218000
XRPUSDT,1590711307.0,1.5002,1817.1,,,False,420.3056332950251,0.9995018716905797,55.23551783141636,-0.062124686408568004,0.001,0.999999989964619,91.75594306417197,15.172438499103794,2026-03-17 14:06:59.219000
XRPUSDT,1590711308.0,1.5002,3643.4,,,False,420.5116867951673,0.9995031066785363,55.244628387003694,-0.062011204650105026,0.001,0.9999999899688161,91.88895961259253,15.17740472894665,2026-03-17 14:06:59.220000
XRPUSDT,1590711309.0,1.5002,3643.4,,,False,420.717773973026,0.9995043386061592,55.253737316210945,-0.06189799321454767,0.001,0.9999999899730159,91.89779776966543,15.182370959385183,2026-03-17 14:06:59.220000
XRPUSDT,1590711310.0,1.5002,4970.8,,,False,420.9238948230959,0.9995055674810244,55.26284462009409,-0.06178497488923149,0.272,0.9999999899772171,91.96894534723523,15.187337415846972,2026-03-17 14:06:59.492000
XRPUSDT,1590711311.0,1.5002,4168.3,,,False,421.13005558586207,0.9995067933106893,55.271950302782486,-0.06167401285309926,0.065,0.9999999899814203,90.51994686599492,15.192303700540753,2026-03-17 14:06:59.557000
XRPUSDT,1590711312.0,1.5002,10953.8,,,False,421.3362452354419,0.9995080161026922,55.28105435989491,-0.0615599508550773,0.004,0.9999999899856248,93.27996727440839,15.197269935156935,2026-03-17 14:06:59.561000
XRPUSDT,1590711313.0,1.5002,1563.5,,,False,421.5424671367943,0.9995092358645536,55.290156794151834,-0.06144709116708421,0.001,0.9999999899898302,92.52600164361776,15.202236167879109,2026-03-17 14:06:59.562000
XRPUSDT,1590711314.0,1.5002,588.8,,,False,421.7487226194397,0.9995104526037749,55.29925760726133,-0.061334821839416694,0.001,0.9999999899940384,92.2706572659953,15.20720240119321,2026-03-17 14:06:59.563000
XRPUSDT,1590711315.0,1.5002,12680.4,,,False,421.9550117468117,0.9995116663278393,55.308356800306626,-0.06122276468094713,0.008,0.9999999899982474,92.32506939564372,15.212168640869065,2026-03-17 14:06:59.571000
XRPUSDT,1590711316.0,1.5002,4424.3,,,False,422.16133467341814,0.9995128770442105,55.31745437441353,-0.06111094613900864,0.008,0.9999999900024586,92.35733867318571,15.217134881123913,2026-03-17 14:06:59.571000
XRPUSDT,1590711317.0,1.5002,4424.3,,,False,422.3676912334832,0.9995140847603353,55.32655033055043,-0.060999271124179924,0.008,0.999999990006672,92.46793392747183,15.222101121956772,2026-03-17 14:06:59.571000
XRPUSDT,1590711318.0,1.5002,7442.7,,,False,422.57408142152343,0.9995152894836407,55.33564466976279,-0.06088778688290647,0.002,0.9999999900108865,92.53929161955931,15.227067358448686,2026-03-17 14:06:59.573000
XRPUSDT,1590711319.0,1.5002,523.2,,,False,422.78050509560205,0.9995164912215362,55.34473739302883,-0.06077645305670393,0.002,0.9999999900151035,92.64401714948195,15.232033595528714,2026-03-17 14:06:59.573000
XRPUSDT,1590711320.0,1.5002,8869.3,,,False,422.98696238694737,0.999517689981413,55.35382850145766,-0.06066534972359318,0.002,0.9999999900193218,92.6818917284527,15.236999833195624,2026-03-17 14:06:59.573000
XRPUSDT,1590711321.0,1.5002,284.3,,,False,423.19345329008377,0.9995188857706433,55.36291799609084,-0.06055443629205996,0.002,0.999999990023542,92.75332869927287,15.241966071449362,2026-03-17 14:06:59.573000
XRPUSDT,1590711322.0,1.5002,3535.3,,,False,423.39997779953836,0.999520078596582,55.37200587796854,-0.06044371247243471,0.002,0.9999999900277642,92.82479197836224,15.246932310289486,2026-03-17 14:06:59.573000
XRPUSDT,1590711323.0,1.5002,15579.9,,,False,423.60653590984094,0.9995212684665651,55.381092148129696,-0.06033317797537803,0.002,0.9999999900319871,92.89628163312412,15.251898549714484,2026-03-17 14:06:59.573000
XRPUSDT,1590711324.0,1.5002,1364.7,,,False,423.81312761552414,0.9995224553879111,55.39017680761193,-0.060222832512025086,0.001,0.9999999900362135,92.96779750918625,15.256864788913765,2026-03-17 14:06:59.574000
XRPUSDT,1590711325.0,1.5002,174.0,,,False,424.01975288860666,0.9995236393679198,55.39925985744087,-0.060112669260801194,0.001,0.99999999004044,93.04485752656952,15.261831028699346,2026-03-17 14:06:59.574000
XRPUSDT,1590711326.0,1.5002,279.8,,,False,424.22641174618394,0.9995248204138732,55.40834129866233,-0.06000270103723007,0.001,0.9999999900446689,93.1108762085804,15.266797269069809,2026-03-17 14:06:59.574000
XRPUSDT,1590711327.0,1.5002,48824.4,,,False,424.4331041827964,0.9995259985330358,55.41742113231007,-0.05989292098236762,0.001,0.9999999900488993,93.1824711381249,15.271763510025485,2026-03-17 14:06:59.575000
XRPUSDT,1590711328.0,1.5002,302.2,,,False,424.63983019298706,0.9995271737326532,55.42649935941655,-0.05978332880861885,0.002,0.9999999900531317,93.25409243359817,15.276729752371157,2026-03-17 14:06:59.577000
XRPUSDT,1590711329.0,1.5002,1992.2,,,False,424.8465897936682,0.9995283460199538,55.435575981023526,-0.059673930666634,0.002,0.9999999900573652,93.32024831458638,15.281695995298199,2026-03-17 14:06:59.577000
XRPUSDT,1590711330.0,1.5002,990.3,,,False,425.05338295698067,0.9995295154021481,55.44465099815027,-0.059564713356400734,0.002,0.9999999900616011,93.39744590408137,15.286662238806272,2026-03-17 14:06:59.577000
XRPUSDT,1590711331.0,1.5002,1319.0,,,False,425.2602096774758,0.9995306818864284,55.45372441182544,-0.05945568306676427,0.002,0.9999999900658377,93.46914611686427,15.29162848289624,2026-03-17 14:06:59.577000
XRPUSDT,1590711332.0,1.5002,6698.7,,,False,425.4670699497072,0.9995318454799694,55.46279622307635,-0.059346839511548385,0.001,0.9999999900700763,93.5408726274355,15.296594726767237,2026-03-17 14:06:59.578000
XRPUSDT,1590711333.0,1.5002,1916.8,,,False,425.67396374601395,0.9995330061899284,55.471866432918766,-0.05923817606079661,0.001,0.9999999900743164,93.61809116587101,15.301560971220022,2026-03-17 14:06:59.578000
XRPUSDT,1590711334.0,1.5002,358.1,,,False,425.88089108321327,0.9995341640234442,55.480935042387905,-0.059129705154160675,0.001,0.9999999900785584,93.68437271149013,15.30652721625263,2026-03-17 14:06:59.578000
XRPUSDT,1590711335.0,1.5002,3.7,,,False,426.08785195586694,0.9995353189876393,55.4900020525073,-0.05902142012529892,0.001,0.9999999900828018,93.7561781784031,15.311493461866597,2026-03-17 14:06:59.578000
XRPUSDT,1590711336.0,1.5002,3.6,,,False,426.2948463585391,0.999536471089617,55.49906746429924,-0.05891332068931155,0.001,0.9999999900870468,93.82801008847792,15.316459708060677,2026-03-17 14:06:59.578000
XRPUSDT,1590711337.0,1.5002,3.6,,,False,426.50187428579665,0.9995376203364642,55.5081312787847,-0.05880540656177523,0.001,0.9999999900912935,93.89986824432926,15.321425954833652,2026-03-17 14:06:59.578000
XRPUSDT,1590711338.0,1.5002,3.6,,,False,426.7089357322094,0.9995387667352501,55.51719349698347,-0.058697677458558965,0.001,0.9999999900955411,93.97175271049366,15.326392202184753,2026-03-17 14:06:59.578000
XRPUSDT,1590711339.0,1.5002,3.6,,,False,426.9160306923496,0.9995399102930258,55.52625411991398,-0.058590133095809585,0.001,0.9999999900997909,94.04366358660769,15.331358450115273,2026-03-17 14:06:59.578000
XRPUSDT,1590711340.0,1.5002,3.5,,,False,427.12315916079194,0.9995410510168259,55.53531314859349,-0.058482773190113704,0.001,0.9999999901040417,94.11560071577892,15.336324698622624,2026-03-17 14:06:59.578000
XRPUSDT,1590711341.0,1.5002,3.5,,,False,427.3303211321141,0.9995421889136666,55.54437058403796,-0.058375597458372876,0.001,0.9999999901082937,94.18756419952103,15.341290947706215,2026-03-17 14:06:59.578000
XRPUSDT,1590711342.0,1.5002,3.6,,,False,427.5375166008961,0.9995433239905478,55.55342642726207,-0.05826860561778183,0.001,0.9999999901125477,94.25955401568537,15.34625719736761,2026-03-17 14:06:59.578000
XRPUSDT,1590711343.0,1.5002,3.5,,,False,427.7447455617208,0.9995444562544513,55.56248067927931,-0.05816179738596387,0.001,0.9999999901168033,94.33157012728229,15.351223447604477,2026-03-17 14:06:59.578000
XRPUSDT,1590711344.0,1.5002,3.6,,,False,427.9520080091734,0.9995455857123421,55.571533341101876,-0.05805517248074627,0.001,0.99999999012106,94.40361264372787,15.356189698416175,2026-03-17 14:06:59.578000
XRPUSDT,1590711345.0,1.5002,3.4,,,False,428.1593039378422,0.9995467123711678,55.58058441374072,-0.05794873062048532,0.001,0.9999999901253187,94.47568139967895,15.361155949804122,2026-03-17 14:06:59.578000
XRPUSDT,1590711346.0,1.5002,10.3,,,False,428.3666333423179,0.9995478362378588,55.58963389820558,-0.05784247152373452,0.001,0.9999999901295776,94.54777652684827,15.366122201765137,2026-03-17 14:06:59.578000
XRPUSDT,1590711347.0,1.5002,29.9,,,False,428.5739962171934,0.9995489573193284,55.59868179550489,-0.05773639490942208,0.001,0.9999999901338393,94.61989801274768,15.371088454299683,2026-03-17 14:06:59.579000
XRPUSDT,1590711348.0,1.5002,33.4,,,False,428.7813925570649,0.9995500756224728,55.6077281066459,-0.057630500496861616,0.001,0.9999999901381013,94.69204579168823,15.376054707408414,2026-03-17 14:06:59.579000
XRPUSDT,1590711349.0,1.5002,34.7,,,False,428.9888223565309,0.9995511911541715,55.61677283263459,-0.057524788005657926,0.001,0.9999999901423648,94.76421990399554,15.381020961088787,2026-03-17 14:06:59.579000
XRPUSDT,1590711350.0,1.5002,36.6,,,False,429.1962856101924,0.9995523039212864,55.625815974475714,-0.05741925715577525,0.001,0.99999999014663,94.8364203703589,15.385987215341663,2026-03-17 14:06:59.579000
XRPUSDT,1590711351.0,1.5002,3.6,,,False,429.40378231265316,0.9995534139306629,55.634857533172756,-0.057313907667535406,0.001,0.9999999901508966,94.90864714094573,15.390953470166059,2026-03-17 14:06:59.579000
XRPUSDT,1590711352.0,1.5002,3.6,,,False,429.6113124585197,0.9995545211891291,55.64389750972803,-0.05720873926158179,0.001,0.9999999901551644,94.98090026796139,15.395919725560812,2026-03-17 14:06:59.579000
XRPUSDT,1590711353.0,1.5002,3.4,,,False,429.81887604240075,0.9995556257034967,55.652935905142556,-0.05710375165887918,0.001,0.999999990159434,95.05317974097393,15.400885981526766,2026-03-17 14:06:59.579000
XRPUSDT,1590711354.0,1.5002,3.5,,,False,430.02647305890804,0.9995567274805601,55.66197272041618,-0.0569989445807878,0.001,0.9999999901637047,95.12548551433635,15.405852238061978,2026-03-17 14:06:59.579000
XRPUSDT,1590711355.0,1.5003,6.7,,,False,430.2785709079421,0.9995581792618901,55.67102757536337,-0.06902205479297642,0.001,0.9999999901699614,-8281.626140461061,15.410818495166978,2026-03-17 14:06:59.580000
XRPUSDT,1590711356.0,1.5003,3.7,,,False,430.48624194050973,0.9995592747104787,55.68006118789112,-0.05675241217368718,0.001,0.9999999901742336,11200.56454203595,15.415784752839391,2026-03-17 14:06:59.580000
XRPUSDT,1590711357.0,1.5003,3.4,,,False,430.69394638838656,0.999560367444211,55.68909322337426,-0.056648211162063436,0.001,0.9999999901785062,95.35809918356443,15.420751011081071,2026-03-17 14:06:59.580000
XRPUSDT,1590711358.0,1.5003,3.6,,,False,430.9016842462077,0.9995614574698095,55.698123682807456,-0.05654418946031482,0.001,0.9999999901827803,95.43051272008162,15.425717269889644,2026-03-17 14:06:59.580000
XRPUSDT,1590711359.0,1.5004,6.7,,,False,431.15394881772596,0.9995628937449034,55.70717198808794,-0.06847016428618913,0.004,0.9999999901890347,-8303.405717243573,15.430683531545442,2026-03-17 14:06:59.584000
XRPUSDT,1590711360.0,1.5004,3.7,,,False,431.3617607048984,0.9995639775095203,55.71619925342371,-0.05629953152644962,0.004,0.9999999901933097,11229.959503682554,15.435649793761105,2026-03-17 14:06:59.584000
XRPUSDT,1590711361.0,1.5004,3.6,,,False,431.56960598457874,0.9995650585882124,55.72522494578922,-0.05619611166456731,0.004,0.9999999901975865,95.66358363727053,15.440616056537985,2026-03-17 14:06:59.584000
XRPUSDT,1590711362.0,1.5004,3.6,,,False,431.77748465145095,0.9995661369876301,55.73424906617415,-0.056092869911645304,0.004,0.9999999902018638,95.73609854748395,15.445582319874257,2026-03-17 14:06:59.584000
XRPUSDT,1590711363.0,1.5004,3.6,,,False,431.9853967001512,0.9995672127144077,55.74327161556681,-0.05598980597873386,0.004,0.9999999902061425,95.80865239415544,15.450548583771871,2026-03-17 14:06:59.584000
XRPUSDT,1590711364.0,1.5004,3.4,,,False,432.1933421253181,0.9995682857751637,55.75229259495442,-0.05588691959081182,0.004,0.9999999902104231,95.8812325905825,15.455514848228793,2026-03-17 14:06:59.584000
XRPUSDT,1590711365.0,1.5004,3.6,,,False,432.4013209215934,0.9995693561764992,55.761312005322935,-0.055784210473324124,0.004,0.9999999902147044,95.95383906468831,15.460481113244104,2026-03-17 14:06:59.584000
XRPUSDT,1590711366.0,1.5004,171.7,,,False,432.6093330836211,0.9995704239249997,55.770329847657095,-0.05568167835188105,0.004,0.9999999902189866,96.02647195905593,15.465447378818803,2026-03-17 14:06:59.584000
XRPUSDT,1590711367.0,1.5004,3.6,,,False,432.81737860604755,0.999571489027234,55.779346122940474,-0.05557932295259364,1.481,0.9999999902232696,96.09913113625416,15.470414750311473,2026-03-17 14:07:01.065000
XRPUSDT,1590711368.0,1.5004,0.1,,,False,433.0254883992554,0.9995725514897553,55.78836084534661,-0.05548536439589845,1.481,0.9999999902275575,88.43470222427983,15.475382119974824,2026-03-17 14:07:01.065000
XRPUSDT,1590711369.0,1.5004,3.5,,,False,433.23363148528966,0.9995736113190999,55.79737400257588,-0.055383313640936946,1.481,0.9999999902318417,96.28979937165364,15.480349487812472,2026-03-17 14:07:01.065000
XRPUSDT,1590711370.0,1.5004,0.2,,,False,433.4418078588813,0.9995746685217884,55.8063855956087,-0.05528143899378646,1.481,0.9999999902361228,96.36245561830948,15.485316853827358,2026-03-17 14:07:01.065000
XRPUSDT,1590711371.0,1.5004,3.4,,,False,433.6500175147784,0.999575723104325,55.815395625424294,-0.05517974018499414,1.481,0.9999999902404019,96.43513453956065,15.490284218023598,2026-03-17 14:07:01.065000
XRPUSDT,1590711372.0,1.5004,0.3,,,False,433.8582604477317,0.9995767750731978,55.82440409300071,-0.05507821694145554,1.481,0.9999999902446781,96.50783988446331,15.495251580405126,2026-03-17 14:07:01.065000
XRPUSDT,1590711373.0,1.5004,3.1,,,False,434.0665366524942,0.9995778244348791,55.833410999314786,-0.05497686899045931,1.481,0.9999999902489506,96.58057159862192,15.500218940976971,2026-03-17 14:07:01.065000
XRPUSDT,1590711374.0,1.5004,0.6,,,False,434.27484612382176,0.999578871195825,55.84241634534218,-0.054875696059626694,1.481,0.9999999902532204,96.65332970892236,15.50518629974152,2026-03-17 14:07:01.065000
XRPUSDT,1590711375.0,1.5004,3.0,,,False,434.48318885647205,0.999579915362476,55.85142013205734,-0.05477469787685858,1.481,0.9999999902574879,96.72611423502049,15.510153656703801,2026-03-17 14:07:01.065000
XRPUSDT,1590711376.0,1.5004,0.7,,,False,434.6915648452057,0.9995809569412561,55.86042236043355,-0.05467387417044992,1.481,0.999999990261752,96.79892518316446,15.515121011867327,2026-03-17 14:07:01.065000
XRPUSDT,1590711377.0,1.5004,2.9,,,False,434.89997408478536,0.9995819959385738,55.86942303144291,-0.054573224669027934,1.481,0.9999999902660137,96.87176252961764,15.520088365235543,2026-03-17 14:07:01.065000
XRPUSDT,1590711378.0,1.5004,0.8,,,False,435.10841656997655,0.9995830323608219,55.87842214605632,-0.054472749101554745,1.481,0.9999999902702721,96.94462624087366,15.52505571681352,2026-03-17 14:07:01.065000
XRPUSDT,1590711379.0,1.5004,2.8,,,False,435.3168922955468,0.9995840662143769,55.88741970524352,-0.05437244719732885,1.481,0.999999990274528,97.01751639964971,15.530023066603944,2026-03-17 14:07:01.065000
XRPUSDT,1590711380.0,1.5004,0.9,,,False,435.5254012562665,0.9995850975056,55.896415709973056,-0.05427231868597181,1.481,0.9999999902787812,97.09043295979596,15.534990414611794,2026-03-17 14:07:01.065000
XRPUSDT,1590711381.0,1.5004,3.7,,,False,435.7339434469079,0.9995861262408363,55.90541016121231,-0.05417236329748309,1.481,0.9999999902830319,97.16337591903668,15.53995776083991,2026-03-17 14:07:01.065000
XRPUSDT,1590711382.0,1.5004,3.7,,,False,435.9425188622462,0.9995871524264155,55.914403059927494,-0.054072580762160885,1.481,0.9999999902872787,97.2363453032637,15.544925105292819,2026-03-17 14:07:01.065000
XRPUSDT,1590711383.0,1.5004,3.7,,,False,436.1511274970588,0.9995881760686516,55.92339440708361,-0.053972970810690205,1.481,0.9999999902915232,97.30934105600963,15.54989244797391,2026-03-17 14:07:01.065000
XRPUSDT,1590711384.0,1.5004,3.7,,,False,436.35976934612546,0.9995891971738429,55.93238420364455,-0.05387353317401716,1.481,0.9999999902957653,97.38236326799228,15.554859788887596,2026-03-17 14:07:01.065000
XRPUSDT,1590711385.0,1.5004,3.7,,,False,436.5684444042285,0.9995902157482721,55.941372450572956,-0.05377426758352126,1.481,0.9999999903000042,97.45541184399754,15.55982712803831,2026-03-17 14:07:01.065000
XRPUSDT,1590711386.0,1.5004,3.7,,,False,436.77715266615246,0.9995912317982064,55.95035914883041,-0.0536751737708431,1.481,0.9999999903042408,97.5284868715667,15.564794465427843,2026-03-17 14:07:01.065000
XRPUSDT,1590711387.0,1.5004,3.7,,,False,436.98589412668457,0.9995922453298978,55.95934429937723,-0.053576251468002906,1.481,0.9999999903084743,97.60158827224953,15.569761801061402,2026-03-17 14:07:01.065000
XRPUSDT,1590711388.0,1.5004,3.7,,,False,437.1946687806142,0.9995932563495824,55.968327903172636,-0.053477500407323894,0.001,0.9999999903127049,97.67471611036764,15.57472806938374,2026-03-17 14:07:01.066000
XRPUSDT,1590711389.0,1.5004,44.0,,,False,437.40344672037895,0.9995942648634811,55.97730994906374,-0.053371296820606595,0.001,0.9999999903169305,105.30701346949103,15.579694338261415,2026-03-17 14:07:01.067000
XRPUSDT,1590711390.0,1.5004,6.7,,,False,437.6122578982811,0.9995952708777994,55.986290450200656,-0.05327293202527868,0.001,0.9999999903211568,97.7767349223092,15.584660607694893,2026-03-17 14:07:01.067000
XRPUSDT,1590711391.0,1.5004,4.5,,,False,437.8211023090284,0.9995962743987274,55.995269407538686,-0.05317473747602525,0.001,0.9999999903253842,97.85002635365295,15.589626877682594,2026-03-17 14:07:01.067000
XRPUSDT,1590711392.0,1.5004,3.5,,,False,438.02997994733084,0.99959727543244,56.004246822031966,-0.05307671290729024,0.001,0.9999999903296133,97.92334414143411,15.594593148224488,2026-03-17 14:07:01.067000
XRPUSDT,1590711393.0,1.5004,3.6,,,False,438.2388908079013,0.9995982739850967,56.01322269463348,-0.05297885805386052,0.001,0.9999999903338426,97.99668828262902,15.5995594193197,2026-03-17 14:07:01.067000
XRPUSDT,1590711394.0,1.5004,3.4,,,False,438.44783488545494,0.9995992700628418,56.02219702629509,-0.0528811726508369,0.001,0.9999999903380735,98.07005879584997,15.604525690967657,2026-03-17 14:07:01.067000
XRPUSDT,1590711395.0,1.5004,3.6,,,False,438.65681217470944,0.9996002636718045,56.03116981796748,-0.0527836564336645,0.001,0.9999999903423056,98.1434556509788,15.609491963168503,2026-03-17 14:07:01.067000
XRPUSDT,1590711396.0,1.5004,3.6,,,False,438.8658226703853,0.9996012548180988,56.04014107060022,-0.05268630913812135,0.001,0.9999999903465375,98.21687888749906,15.614458235921072,2026-03-17 14:07:01.067000
XRPUSDT,1590711397.0,1.5004,3.5,,,False,439.07486636720483,0.9996022435078238,56.049110785141686,-0.052589130500321865,0.001,0.9999999903507716,98.29032844612338,15.619424509225087,2026-03-17 14:07:01.067000
XRPUSDT,1590711398.0,1.5005,6.7,,,False,439.32871226024554,0.9996035462375286,56.05809668719103,-0.06367940358932796,0.007,0.9999999903569298,-8513.103714711919,15.624390787321232,2026-03-17 14:07:01.074000
XRPUSDT,1590711399.0,1.5005,3.4,,,False,439.5378295796658,0.9996045292479208,56.06706328732503,-0.052360648709265364,0.007,0.9999999903611639,11514.379674832146,15.62935706595569,2026-03-17 14:07:01.074000
XRPUSDT,1590711400.0,1.5005,3.7,,,False,439.7469800829798,0.9996055098218923,56.07602835230017,-0.05226403588453067,0.007,0.9999999903653997,98.52680933330342,15.6343233451307,2026-03-17 14:07:01.074000
XRPUSDT,1590711401.0,1.5005,3.6,,,False,439.95616376500396,0.9996064879654776,56.08499188306016,-0.052167590586138256,0.007,0.9999999903696356,98.6003485048555,15.639289624845254,2026-03-17 14:07:01.074000
XRPUSDT,1590711402.0,1.5005,3.5,,,False,440.16538062047465,0.9996074636846951,56.09395388054748,-0.05207131253136526,0.007,0.9999999903738728,98.67393512697456,15.644255905100113,2026-03-17 14:07:01.074000
XRPUSDT,1590711403.0,1.5005,3.5,,,False,440.37463064413043,0.9996084369855495,56.102914345703525,-0.05197520145839633,0.007,0.9999999903781109,98.74754813860157,15.649222185894399,2026-03-17 14:07:01.074000
XRPUSDT,1590711404.0,1.5005,8.1,,,False,440.58391383071256,0.9996094078740297,56.11187327946854,-0.05187925710581648,0.007,0.9999999903823494,98.82118752953518,15.654188467226572,2026-03-17 14:07:01.074000
XRPUSDT,1590711405.0,1.5005,32.5,,,False,440.7932301749648,0.9996103763561106,56.12083068278163,-0.05178347921256764,0.007,0.9999999903865893,98.89485323596983,15.659154749097517,2026-03-17 14:07:01.074000
XRPUSDT,1590711406.0,1.5004,318.6,,,True,440.9577565447342,0.9996110321878293,56.12976915927839,-0.04065653681746287,0.142,0.9999999903889176,16966.15469741463,15.664121125459284,2026-03-17 14:07:01.216000
XRPUSDT,1590711407.0,1.5005,3.6,,,False,441.211967737454,0.9996123061440658,56.13874090390133,-0.06263007667631733,0.838,0.9999999903950719,-17248.268997980944,15.669087986105973,2026-03-17 14:07:02.054000
XRPUSDT,1590711408.0,1.5005,3.6,,,False,441.4213997841246,0.9996132674426003,56.1476937277546,-0.05150112606744948,0.838,0.999999990399315,11576.997374015702,15.674054845635073,2026-03-17 14:07:02.054000
XRPUSDT,1590711409.0,1.5005,3.6,,,False,441.63086492768355,0.9996142263584862,56.15664502485477,-0.05140598567351062,0.838,0.9999999904035577,99.21662091120675,15.679021704452849,2026-03-17 14:07:02.054000
XRPUSDT,1590711410.0,1.5005,3.4,,,False,441.8403631726815,0.9996151828976243,56.165594796139345,-0.051311012935722065,0.838,0.9999999904077986,99.28787438354914,15.683988562562227,2026-03-17 14:07:02.054000
XRPUSDT,1590711411.0,1.5005,3.5,,,False,442.04989451392584,0.9996161370659011,56.17454304254093,-0.05121620519966978,0.838,0.9999999904120388,99.36165176946201,15.688955419964033,2026-03-17 14:07:02.054000
XRPUSDT,1590711412.0,1.5005,3.5,,,False,442.25945894622606,0.999617088869189,56.18348976499104,-0.051121562206156414,0.838,0.9999999904162776,99.43545554140844,15.69392227666097,2026-03-17 14:07:02.054000
XRPUSDT,1590711413.0,1.5005,3.6,,,False,442.4690564643946,0.9996180383133447,56.19243496442006,-0.05102708369640248,0.838,0.9999999904205151,99.50928570442706,15.69888913265368,2026-03-17 14:07:02.054000
XRPUSDT,1590711414.0,1.5005,175.1,,,False,442.678687063246,0.9996189854042111,56.20137864175724,-0.050932769411890705,0.838,0.9999999904247521,99.58314229170442,15.703855987945818,2026-03-17 14:07:02.054000
XRPUSDT,1590711415.0,1.5004,1112.4,,,True,442.8434636841695,0.9996196267503142,56.21030376060046,-0.03998934757236502,0.48,0.9999999904270868,17063.207816169514,15.708822597441308,2026-03-17 14:07:02.534000
XRPUSDT,1590711416.0,1.5004,835.4,,,True,443.0531464236113,0.999620569904076,56.21924443346014,-0.050776590116467665,0.48,0.9999999904313216,-11437.416656232117,15.713789206999307,2026-03-17 14:07:02.534000
XRPUSDT,1590711417.0,1.5004,368.8,,,True,443.2628622475984,0.9996215107201283,56.22818358693817,-0.0506827181308135,0.48,0.9999999904355563,99.77719387978239,15.718755816390603,2026-03-17 14:07:02.534000
XRPUSDT,1590711418.0,1.5004,3.4,,,True,443.47261114542147,0.9996224492042607,56.23712122195746,-0.050589008061198634,0.48,0.9999999904397905,99.85258821004214,15.7237224256147,2026-03-17 14:07:02.534000
XRPUSDT,1590711419.0,1.5004,3.6,,,True,443.68239311188626,0.9996233853622493,56.246057339441826,-0.05049546098470971,0.48,0.9999999904440242,99.92659105698652,15.728689034673712,2026-03-17 14:07:02.534000
XRPUSDT,1590711420.0,1.5004,3.6,,,True,443.8922081418003,0.9996243191998545,56.25499194031403,-0.05040207664485182,0.48,0.9999999904482578,100.00062037929872,15.733655643568861,2026-03-17 14:07:02.534000
XRPUSDT,1590711421.0,1.5004,3.6,,,True,444.1020562299741,0.9996252507228242,56.26392502549572,-0.05030885478547647,0.48,0.9999999904524914,100.07467600121703,15.738622252299718,2026-03-17 14:07:02.534000
XRPUSDT,1590711422.0,1.5004,3.6,,,True,444.31193737122004,0.9996261799368906,56.27285659590748,-0.050215795150697615,0.48,0.9999999904567243,100.14875811385124,15.743588860868432,2026-03-17 14:07:02.534000
XRPUSDT,1590711423.0,1.5004,6663.8,,,True,444.5218515603534,0.9996271068477727,56.281786652468746,-0.050122897485054045,0.48,0.9999999904609567,100.22286655891561,15.748555469275114,2026-03-17 14:07:02.534000
XRPUSDT,1590711424.0,1.5004,3.5,,,True,444.7317987921916,0.9996280314611748,56.290715196097906,-0.05003016153335854,0.48,0.9999999904651885,100.29700140328168,15.753522077520909,2026-03-17 14:07:02.534000
XRPUSDT,1590711425.0,1.5004,3.5,,,True,444.94177906155466,0.9996289537827877,56.2996422277122,-0.049937587040769574,0.48,0.9999999904694209,100.37116261618219,15.758488685606471,2026-03-17 14:07:02.534000
XRPUSDT,1590711426.0,1.5004,667.4,,,True,445.15179236326503,0.9996298738182872,56.30856774822786,-0.04984517375278638,0.48,0.9999999904736521,100.44535024814667,15.76345529353237,2026-03-17 14:07:02.534000
XRPUSDT,1590711427.0,1.5004,124.8,,,True,445.3618386921475,0.9996307915733357,56.31749175855994,-0.04975292141517189,0.002,0.9999999904778828,100.51956430419808,15.768421581092525,2026-03-17 14:07:02.536000
XRPUSDT,1590711428.0,1.5004,3.4,,,True,445.5719090020481,0.9996317070535816,56.3264142562985,-0.04965869833586923,0.002,0.9999999904821126,102.92202340801495,15.77338786918946,2026-03-17 14:07:02.536000
XRPUSDT,1590711429.0,1.5004,3.6,,,True,445.78201234552233,0.9996326202646594,56.33533524570304,-0.04956677964377121,0.002,0.9999999904863434,100.65437699652374,15.778354157820868,2026-03-17 14:07:02.536000
XRPUSDT,1590711430.0,1.5004,3.5,,,True,445.99214871737496,0.999633531212189,56.344254727685325,-0.04947502108650093,0.002,0.9999999904905748,100.72869653365244,15.78332044698778,2026-03-17 14:07:02.536000
XRPUSDT,1590711431.0,1.5004,3.5,,,True,446.2023181124131,0.9996344399017774,56.353172703155956,-0.049383422411356494,0.002,0.9999999904948069,100.8030424454477,15.788286736688761,2026-03-17 14:07:02.536000
XRPUSDT,1590711432.0,1.5004,3.5,,,True,446.4125205254468,0.9996353463390166,56.36208917302454,-0.04929198336604444,0.002,0.9999999904990388,100.87741472971794,15.79325302692281,2026-03-17 14:07:02.536000
XRPUSDT,1590711433.0,1.5003,3.4,,,True,446.577738528093,0.999635960137466,56.37098778474106,-0.03869910276336576,0.009,0.9999999905013959,17257.913592038898,15.798219322327174,2026-03-17 14:07:02.545000
XRPUSDT,1590711434.0,1.5003,0.3,,,True,446.7880000149428,0.9996368628065215,56.379901284140914,-0.04914219629791444,0.009,0.9999999905056314,-11569.127656353561,15.803185618258576,2026-03-17 14:07:02.545000
XRPUSDT,1590711435.0,1.5003,3.3,,,True,446.9982945052016,0.9996377632381405,56.388813280573444,-0.04905117626443653,0.009,0.9999999905098673,101.08489258268531,15.808151914711965,2026-03-17 14:07:02.545000
XRPUSDT,1590711436.0,1.5003,0.4,,,True,447.20862199358845,0.9996386614378645,56.39772377494405,-0.048960314927846,0.009,0.9999999905141036,101.15939045454263,15.813118211687684,2026-03-17 14:07:02.545000
XRPUSDT,1590711437.0,1.5003,3.7,,,True,447.418982474925,0.9996395574112217,56.40663276815714,-0.04886961206076383,0.009,0.9999999905183408,101.23388865972098,15.81808450918389,2026-03-17 14:07:02.545000
XRPUSDT,1590711438.0,1.5003,3.7,,,True,447.6293759440356,0.9996404511637269,56.41554026111604,-0.04877906741268829,0.009,0.9999999905225787,101.30841317483664,15.823050807201131,2026-03-17 14:07:02.545000
XRPUSDT,1590711439.0,1.5003,3.7,,,True,447.839802395747,0.9996413427008807,56.42444625472303,-0.048688680733359434,0.009,0.9999999905268168,101.38296418356263,15.828017105737818,2026-03-17 14:07:02.545000
XRPUSDT,1590711440.0,1.5003,3.7,,,True,448.0502618248881,0.9996422320281706,56.43335074987931,-0.04859845177295596,0.009,0.9999999905310556,101.4575414766154,15.832983404795623,2026-03-17 14:07:02.545000
XRPUSDT,1590711441.0,1.5003,3.7,,,True,448.26075422629054,0.9996431191510704,56.44225374748502,-0.04850838028190313,0.009,0.9999999905352952,101.53214517682123,15.837949704371542,2026-03-17 14:07:02.545000
XRPUSDT,1590711442.0,1.5003,3.7,,,True,448.4712795947885,0.9996440040750397,56.45115524843922,-0.048418466011020844,0.009,0.9999999905395356,101.60677527013324,15.842916004467368,2026-03-17 14:07:02.545000
XRPUSDT,1590711443.0,1.5003,3.7,,,True,448.68183792521796,0.9996448868055259,56.46005525363994,-0.048328708711312784,0.009,0.999999990543776,101.68143178037437,15.847882305080999,2026-03-17 14:07:02.545000
XRPUSDT,1590711444.0,1.5003,3.7,,,True,448.89242921241816,0.9996457673479615,56.468953763984125,-0.048239108134332125,0.009,0.9999999905480175,101.75611458891676,15.852848606213021,2026-03-17 14:07:02.545000
XRPUSDT,1590711445.0,1.5003,3.7,,,True,449.10305345123015,0.9996466457077666,56.477850780367696,-0.048149664031738565,0.009,0.9999999905522592,101.83082385258525,15.857814907861949,2026-03-17 14:07:02.545000
XRPUSDT,1590711446.0,1.5003,3.7,,,True,449.3137106364977,0.9996475218903477,56.48674630368549,-0.04806037615562936,0.009,0.9999999905565009,101.90555945859828,15.8627812100276,2026-03-17 14:07:02.545000
XRPUSDT,1590711447.0,1.5003,3.7,,,True,449.5244007630668,0.9996483959010973,56.49564033483131,-0.04797124425841989,0.009,0.999999990560744,101.9803214592443,15.867747512711265,2026-03-17 14:07:02.545000
XRPUSDT,1590711448.0,1.5003,3.7,,,True,449.7351238257861,0.9996492677453953,56.50453287469788,-0.04788226809277513,0.009,0.9999999905649872,102.05510989873751,15.872713815909464,2026-03-17 14:07:02.545000
XRPUSDT,1590711449.0,1.5003,3.7,,,True,449.9458798195064,0.999650137428608,56.513423924176905,-0.04779344741180508,0.004,0.9999999905692314,102.12992463959009,15.877680116406005,2026-03-17 14:07:02.549000
XRPUSDT,1590711450.0,1.5003,1905.2,,,True,450.15666864793377,0.9996510049560885,56.52231348412729,-0.04770476139640988,0.108,0.999999990573475,102.22847965820982,15.882646484223082,2026-03-17 14:07:02.657000
XRPUSDT,1590711451.0,1.5003,3.5,,,True,450.36749228988265,0.9996518703331766,56.53120155612837,-0.04761667738587843,0.108,0.9999999905777205,101.78685308724306,15.887612852416579,2026-03-17 14:07:02.657000
XRPUSDT,1590711452.0,1.5003,3.5,,,True,450.57834884405526,0.9996527335651988,56.540088140406446,-0.04752831929455105,0.108,0.9999999905819653,102.3572910357479,15.892579220986136,2026-03-17 14:07:02.657000
XRPUSDT,1590711453.0,1.5003,3.6,,,True,450.7892383053175,0.9996535946574686,56.54897323784907,-0.047440115713790414,0.108,0.9999999905862106,102.43220599217995,15.89754558993348,2026-03-17 14:07:02.657000
XRPUSDT,1590711454.0,1.5003,3.6,,,True,451.0001606685378,0.999654453615286,56.55785684934273,-0.04735206639817602,0.108,0.9999999905904562,102.50714741492935,15.902511959256454,2026-03-17 14:07:02.657000
XRPUSDT,1590711455.0,1.5003,3.6,,,True,451.2111159285871,0.9996553104439385,56.56673897577288,-0.0472641711026707,0.108,0.999999990594702,102.58211516571339,15.90747832895413,2026-03-17 14:07:02.657000
XRPUSDT,1590711456.0,1.5003,3.4,,,True,451.42210408033844,0.9996561651487003,56.57561961802396,-0.047176429582497514,0.108,0.9999999905989483,102.65710933234736,15.912444699029297,2026-03-17 14:07:02.657000
XRPUSDT,1590711457.0,1.5003,3.5,,,True,451.63312511866775,0.9996570177348322,56.584498776979316,-0.047088841593291464,0.108,0.9999999906031949,102.73212984261605,15.917411069478694,2026-03-17 14:07:02.657000
XRPUSDT,1590711458.0,1.5003,3.6,,,True,451.84417903845286,0.9996578682075822,56.59337645352135,-0.04700140689090718,0.108,0.9999999906074408,102.80717681316703,15.922377440303492,2026-03-17 14:07:02.657000
XRPUSDT,1590711459.0,1.5003,3.5,,,True,452.05526583457424,0.9996587165721852,56.60225264853135,-0.04691412523159464,0.108,0.9999999906116879,102.8822501582883,15.927343811503777,2026-03-17 14:07:02.657000
XRPUSDT,1590711460.0,1.5003,3.5,,,True,452.26638550191467,0.9996595628338637,56.61112736288961,-0.04682699637183721,0.108,0.9999999906159346,102.95734991892321,15.932310183077881,2026-03-17 14:07:02.657000
XRPUSDT,1590711461.0,1.5003,3.6,,,True,452.47753803535943,0.9996604069978268,56.62000059747538,-0.046740020068576894,0.004,0.9999999906201816,103.03247599494874,15.93727648958075,2026-03-17 14:07:02.661000
XRPUSDT,1590711462.0,1.5003,3.4,,,True,452.6887215722767,0.9996612490692705,56.62887235253875,-0.04665278683867992,0.004,0.9999999906244287,103.5936208870976,15.942242796599803,2026-03-17 14:07:02.661000
XRPUSDT,1590711463.0,1.5003,3.6,,,True,452.89993796852826,0.9996620890533785,56.63774262958934,-0.04656611732818572,0.004,0.999999990628676,103.17994074394531,15.947209104134842,2026-03-17 14:07:02.661000
XRPUSDT,1590711464.0,1.5003,3.6,,,True,453.11118721900067,0.9996629269553213,56.646611429503366,-0.04647959963598614,0.004,0.9999999906329237,103.25515167970023,15.952175412185419,2026-03-17 14:07:02.661000
XRPUSDT,1590711465.0,1.5003,3.6,,,True,453.3224693185833,0.9996637627802566,56.65547875315589,-0.04639323352035701,0.004,0.9999999906371717,103.33038891917424,15.957141720751409,2026-03-17 14:07:02.661000
XRPUSDT,1590711466.0,1.5003,3.5,,,True,453.5337842621673,0.9996645965333298,56.664344601421114,-0.04630701873972966,0.004,0.9999999906414203,103.40565257704431,15.962108029831159,2026-03-17 14:07:02.661000
XRPUSDT,1590711467.0,1.5002,3.4,,,True,453.6998717978547,0.9996651610967113,56.67319385169886,-0.036354326115643223,0.057,0.9999999906438375,17629.008452231377,15.967074372404175,2026-03-17 14:07:02.718000
XRPUSDT,1590711468.0,1.5002,3.6,,,True,453.91124631045,0.9996659913835972,56.682056787255675,-0.04616592443596112,0.057,0.9999999906480885,-11817.11825973368,15.972040715443814,2026-03-17 14:07:02.718000
XRPUSDT,1590711469.0,1.5002,6.7,,,True,454.1226536516903,0.9996668196123397,56.69091824995865,-0.046080106079385875,0.057,0.9999999906523387,103.61673312437114,15.97700705892493,2026-03-17 14:07:02.718000
XRPUSDT,1590711470.0,1.5002,3.7,,,True,454.3340938158755,0.9996676457880371,56.699778240677816,-0.045994438060020064,0.057,0.9999999906565898,103.69225291222423,15.981973402847409,2026-03-17 14:07:02.718000
XRPUSDT,1590711471.0,1.5002,3.5,,,True,454.5455667979113,0.9996684699157748,56.708636760282445,-0.04590892026950079,0.057,0.9999999906608409,103.76764014265511,15.98693974721112,2026-03-17 14:07:02.718000
XRPUSDT,1590711472.0,1.5002,3.5,,,True,454.75707259270575,0.9996692920006265,56.71749380964072,-0.04582355246808699,0.057,0.9999999906650928,103.84305372346005,15.99190609201577,2026-03-17 14:07:02.718000
XRPUSDT,1590711473.0,1.5002,3.6,,,True,454.9686111951695,0.9996701120476522,56.72634938961991,-0.04573833441634715,0.057,0.9999999906693439,103.91849377670671,15.996872437259768,2026-03-17 14:07:02.718000
XRPUSDT,1590711474.0,1.5002,3.6,,,True,455.18018260021506,0.9996709300619009,56.73520350108619,-0.04565326587516616,0.057,0.9999999906735957,103.99396015309298,16.001838782943807,2026-03-17 14:07:02.718000
XRPUSDT,1590711475.0,1.5002,3.6,,,True,455.39178680275774,0.9996717460484078,56.74405614490478,-0.04556834660577147,0.057,0.9999999906778476,104.06945295617977,16.006805129067736,2026-03-17 14:07:02.718000
XRPUSDT,1590711476.0,1.5002,3.5,,,True,455.6034237977151,0.999672560012196,56.75290732193988,-0.04548357636972265,0.057,0.9999999906820992,104.14497215116997,16.011771475631278,2026-03-17 14:07:02.718000
XRPUSDT,1590711477.0,1.5002,3.5,,,True,455.8150935800071,0.9996733719582762,56.76175703305468,-0.045398954928820734,0.057,0.9999999906863517,104.22051778969286,16.016737822632436,2026-03-17 14:07:02.718000
XRPUSDT,1590711478.0,1.5002,3.4,,,True,456.0267961445559,0.9996741818916471,56.77060527911138,-0.04531448204525764,0.057,0.999999990690604,104.29608977149725,16.021704170073185,2026-03-17 14:07:02.718000
XRPUSDT,1590711479.0,1.5002,3.5,,,True,456.2385314862861,0.9996749898172944,56.77945206097119,-0.045230157481514204,0.057,0.9999999906948566,104.37168819692715,16.0266705179522,2026-03-17 14:07:02.718000
XRPUSDT,1590711480.0,1.5002,3.6,,,True,456.45029960012477,0.9996757957401919,56.788297379494324,-0.04514598100038732,0.057,0.9999999906991089,104.44731299358548,16.031636866268915,2026-03-17 14:07:02.718000
XRPUSDT,1590711481.0,1.5001,3.6,,,True,456.61673895509796,0.9996763414427556,56.797126584086335,-0.03544181926247272,0.05,0.9999999907015482,17782.87731003857,16.036603210773787,2026-03-17 14:07:02.768000
XRPUSDT,1590711482.0,1.5001,3.4,,,True,456.8285654512532,0.9996771440151301,56.805969012523626,-0.0450079825925917,0.05,0.9999999907058021,-11919.377784095075,16.041569555746072,2026-03-17 14:07:02.768000
XRPUSDT,1590711483.0,1.5001,6.7,,,True,457.0404247061419,0.9996779445980165,56.814809980120884,-0.04492419536457991,0.05,0.9999999907100565,104.65778051482502,16.046535901163942,2026-03-17 14:07:02.768000
XRPUSDT,1590711484.0,1.5001,3.5,,,True,457.2523167141817,0.9996787431963428,56.82364948773442,-0.04484055525253912,0.05,0.9999999907143109,104.73364304927073,16.051502247028107,2026-03-17 14:07:02.768000
XRPUSDT,1590711485.0,1.5001,3.5,,,True,457.4642414703105,0.9996795398150259,56.8324875362196,-0.04475706213063038,0.05,0.9999999907185653,104.80939460357445,16.056468593337353,2026-03-17 14:07:02.768000
XRPUSDT,1590711486.0,1.5001,3.6,,,True,457.6761989694687,0.9996803344589698,56.84132412643086,-0.044673715763434624,0.05,0.9999999907228196,104.8851725843053,16.061434940092084,2026-03-17 14:07:02.768000
XRPUSDT,1590711487.0,1.5001,3.6,,,True,457.8881892065987,0.9996811271330666,56.85015925922165,-0.044590515915792966,0.05,0.9999999907270742,104.96097699791552,16.066401287291296,2026-03-17 14:07:02.768000
XRPUSDT,1590711488.0,1.5001,3.6,,,True,458.1002121766454,0.9996819178421962,56.85899293544443,-0.04450746235293454,0.05,0.9999999907313285,105.03680778125309,16.071367634935033,2026-03-17 14:07:02.768000
XRPUSDT,1590711489.0,1.5001,3.5,,,True,458.31226787455597,0.9996827065912264,56.86782515595063,-0.04442455484037202,0.05,0.9999999907355837,105.1126649771485,16.076333983022284,2026-03-17 14:07:02.768000
XRPUSDT,1590711490.0,1.5001,3.4,,,True,458.5243562952801,0.9996834933850133,56.876655921590796,-0.044341793143887004,0.05,0.9999999907398384,105.18854859175585,16.081300331553532,2026-03-17 14:07:02.768000
XRPUSDT,1590711491.0,1.5001,3.5,,,True,458.7364774337695,0.9996842782284003,56.88548523321441,-0.04425917702963747,0.05,0.9999999907440931,105.26445863191834,16.086266680527263,2026-03-17 14:07:02.768000
XRPUSDT,1590711492.0,1.5001,3.6,,,True,458.94863128497855,0.9996850611262197,56.894313091670014,-0.04417670626408154,0.05,0.9999999907483478,105.34039502659407,16.091233029945222,2026-03-17 14:07:02.768000
XRPUSDT,1590711493.0,1.5001,3.4,,,True,459.1608178438638,0.9996858420832909,56.903139497805164,-0.04409438061397071,0.05,0.9999999907526027,105.4163578809597,16.096199379804464,2026-03-17 14:07:02.768000
XRPUSDT,1590711494.0,1.5,3.4,,,True,459.32758151320513,0.9996863708655824,56.911950225370504,-0.03461524191575348,0.262,0.9999999907550605,17926.3542868778,16.1011658556996,2026-03-17 14:07:03.030000
XRPUSDT,1590711495.0,1.5,0.1,,,True,459.5398300423593,0.9996871485758964,56.920773763595555,-0.043960168405495,0.262,0.9999999907593172,-12015.94774095911,16.106132331871557,2026-03-17 14:07:03.030000
XRPUSDT,1590711496.0,1.5001,17.2,,,False,459.7975836942139,0.9996881733734627,56.92961001385509,-0.05323326999243967,0.388,0.9999999907653676,-9048.715464713749,16.1110988826552,2026-03-17 14:07:03.418000
XRPUSDT,1590711497.0,1.5001,28.8,,,False,460.0099067288997,0.9996889466154649,56.93843062092548,-0.043767690525694854,0.876,0.9999999907696223,12241.419167280246,16.116065720807523,2026-03-17 14:07:04.294000
XRPUSDT,1590711498.0,1.5001,3.4,,,False,460.22227063583887,0.9996897179406402,56.94724978242681,-0.04368776251311531,0.083,0.9999999907738772,103.62427564988236,16.12103209199339,2026-03-17 14:07:04.377000
XRPUSDT,1590711499.0,1.5001,0.3,,,False,460.4346538851654,0.9996904873537374,56.95606749253067,-0.043603560785348966,0.083,0.9999999907781291,109.43630680186581,16.125998463576902,2026-03-17 14:07:04.377000
XRPUSDT,1590711500.0,1.5001,3.7,,,False,460.64706980589756,0.999691254859494,56.964883756218654,-0.04352224379822216,0.083,0.9999999907823804,105.94967716869995,16.130964835559933,2026-03-17 14:07:04.377000
XRPUSDT,1590711501.0,1.5001,3.7,,,False,460.8595183930125,0.9996920204626347,56.97369857433055,-0.04344107007484875,0.083,0.9999999907866325,106.02584949093117,16.13593120794059,2026-03-17 14:07:04.377000
XRPUSDT,1590711502.0,1.5001,3.7,,,False,461.0719996414893,0.9996927841678734,56.982511947705184,-0.04336003938472073,0.083,0.9999999907908843,106.1020483037521,16.140897580719287,2026-03-17 14:07:04.377000
XRPUSDT,1590711503.0,1.5001,3.7,,,False,461.2845135463094,0.999693545979912,56.991323877180456,-0.04327915149771208,0.083,0.9999999907951362,106.17827352951257,16.14586395389505,2026-03-17 14:07:04.377000
XRPUSDT,1590711504.0,1.5001,3.7,,,False,461.49706010245694,0.9996943059034407,57.00013436359328,-0.04319840618400181,0.083,0.9999999907993875,106.25452517930438,16.15083032746741,2026-03-17 14:07:04.377000
XRPUSDT,1590711505.0,1.5001,3.7,,,False,461.70963930491786,0.9996950639431383,57.00894340777964,-0.04311780321410892,0.083,0.9999999908036388,106.33080317516604,16.155796701436888,2026-03-17 14:07:04.377000
XRPUSDT,1590711506.0,1.5001,3.7,,,False,461.9222511486805,0.999695820103672,57.017751010574514,-0.04303734235877487,0.083,0.9999999908078901,106.40710769116427,16.160763075804354,2026-03-17 14:07:04.377000
XRPUSDT,1590711507.0,1.5001,3.7,,,False,462.1348956287357,0.9996965743896972,57.02655717281197,-0.04295702338917751,0.083,0.9999999908121409,106.48343852927017,16.165729450567834,2026-03-17 14:07:04.377000
XRPUSDT,1590711508.0,1.5001,3.7,,,False,462.3475727400765,0.9996973268058579,57.03536189532509,-0.04287684607668332,0.083,0.9999999908163925,106.55979586955242,16.170695825726582,2026-03-17 14:07:04.377000
XRPUSDT,1590711509.0,1.5001,3.7,,,False,462.56028247769825,0.999698077356787,57.04416517894603,-0.04279681019302994,0.083,0.9999999908206427,106.6361795756307,16.175662201281458,2026-03-17 14:07:04.377000
XRPUSDT,1590711510.0,1.5001,3.7,,,False,462.77302483659855,0.9996988260471054,57.05296702450602,-0.042716915510309775,0.083,0.9999999908248931,106.71258964588343,16.180628577232472,2026-03-17 14:07:04.377000
XRPUSDT,1590711511.0,1.5001,3.7,,,False,462.98579981177727,0.9996995728814225,57.061767432835246,-0.04263716180080671,0.083,0.9999999908291439,106.78902625366038,16.185594953578892,2026-03-17 14:07:04.377000
XRPUSDT,1590711512.0,1.5001,3.7,,,False,463.19860739823673,0.999700317864337,57.07056640476304,-0.04255754883719915,0.083,0.9999999908333941,106.86548920965055,16.190561330319422,2026-03-17 14:07:04.377000
XRPUSDT,1590711513.0,1.5001,3.7,,,False,463.4114475909814,0.9997010610004355,57.07936394111777,-0.04247807639246114,0.001,0.9999999908376447,106.94197858702407,16.195527660565414,2026-03-17 14:07:04.378000
XRPUSDT,1590711514.0,1.5001,1060.3,,,False,463.62431904373574,0.9997018022942937,57.08816004232751,-0.04239847781062632,0.125,0.9999999908418943,107.37790547673568,16.20049406208247,2026-03-17 14:07:04.503000
XRPUSDT,1590711515.0,1.5001,3.4,,,False,463.8372251200994,0.9997025417504757,57.09695471022211,-0.0423196886873102,0.125,0.9999999908461441,106.55009078162375,16.20546046394215,2026-03-17 14:07:04.503000
XRPUSDT,1590711516.0,1.5001,3.5,,,False,464.0501637864938,0.9997032793735345,57.10574794502163,-0.042240635635377305,0.125,0.9999999908503936,107.17269611336884,16.21042686614387,2026-03-17 14:07:04.503000
XRPUSDT,1590711517.0,1.5001,3.5,,,False,464.263135037935,0.9997040151680116,57.1145397475507,-0.04216172220081963,0.125,0.9999999908546433,107.2492890650077,16.215393268687343,2026-03-17 14:07:04.503000
XRPUSDT,1590711518.0,1.5001,3.6,,,False,464.47613886944094,0.9997047491384377,57.123330118632964,-0.04208294815811539,0.125,0.9999999908588924,107.32590837815009,16.220359671572254,2026-03-17 14:07:04.503000
XRPUSDT,1590711519.0,1.5001,3.6,,,False,464.6891752760322,0.9997054812893315,57.13211905909114,-0.042004313282078515,0.125,0.9999999908631414,107.40255417659407,16.22532607479879,2026-03-17 14:07:04.503000
XRPUSDT,1590711520.0,1.5001,3.6,,,False,464.9022442527311,0.9997062116252013,57.14090656974702,-0.041925817347787483,0.125,0.9999999908673898,107.47922637657243,16.230292478367698,2026-03-17 14:07:04.503000
XRPUSDT,1590711521.0,1.5001,3.6,,,False,465.11534579456287,0.9997069401505441,57.14969265142147,-0.04184746013068422,0.125,0.9999999908716382,107.55592497413701,16.23525888227642,2026-03-17 14:07:04.503000
XRPUSDT,1590711522.0,1.5001,3.4,,,False,465.32847989655454,0.9997076668698454,57.15847730493437,-0.041769241406464735,0.125,0.9999999908758865,107.63265002108064,16.2402252865268,2026-03-17 14:07:04.503000
XRPUSDT,1590711523.0,1.5001,2658.6,,,False,465.54164655373575,0.99970839178758,57.167260531104766,-0.041691160951153924,0.125,0.9999999908801341,107.70940147015914,16.245191691118343,2026-03-17 14:07:04.503000
XRPUSDT,1590711524.0,1.5001,1992.2,,,False,465.7548457611381,0.9997091149082112,57.1760423307507,-0.041613218541068885,0.125,0.9999999908843811,107.78617939430802,16.250158096049383,2026-03-17 14:07:04.503000
XRPUSDT,1590711525.0,1.5001,3.4,,,False,465.96807751379566,0.9997098362361919,57.1848227046893,-0.041535413952866904,0.125,0.999999990888628,107.86298367171428,16.255124501322957,2026-03-17 14:07:04.503000
XRPUSDT,1590711526.0,1.5001,3.5,,,False,466.1813418067449,0.9997105557759631,57.19360165373678,-0.04145774696349016,0.125,0.999999990892875,107.93981442627931,16.260090906935392,2026-03-17 14:07:04.503000
XRPUSDT,1590711527.0,1.5001,3.6,,,False,466.39463863502425,0.9997112735319557,57.202379178708426,-0.04138021735015735,0.125,0.999999990897121,108.01667159831145,16.26505731288985,2026-03-17 14:07:04.503000
XRPUSDT,1590711528.0,1.5001,3.4,,,False,466.6079679936743,0.999711989508589,57.2111552804186,-0.04130282489040562,0.125,0.9999999909013673,108.09355522328168,16.270023719182717,2026-03-17 14:07:04.503000
XRPUSDT,1590711529.0,1.5002,3.4,,,False,466.86703025140474,0.9997129329446591,57.219943062938256,-0.05001438719400425,0.125,0.9999999909073628,-9233.8660553472,16.274990125823138,2026-03-17 14:07:04.503000
XRPUSDT,1590711530.0,1.5002,1992.2,,,False,467.08043163061734,0.9997136448075012,57.22871629008062,-0.041120997099002965,0.125,0.9999999909116071,12493.123069248968,16.279956532755126,2026-03-17 14:07:04.503000
XRPUSDT,1590711531.0,1.5002,1112.4,,,False,467.2938655230765,0.9997143549055852,57.23748809646903,-0.041044064221291476,0.125,0.9999999909158506,108.3411988356558,16.284922940025574,2026-03-17 14:07:04.503000
XRPUSDT,1590711532.0,1.5002,207.0,,,False,467.5073319250306,0.9997150632432837,57.24625848291433,-0.04096726775759703,0.125,0.9999999909200937,108.41786884629433,16.289889347636578,2026-03-17 14:07:04.503000
XRPUSDT,1590711533.0,1.5002,3.4,,,False,467.72083083153234,0.9997157698249582,57.25502745022612,-0.04089060725642134,0.125,0.9999999909243366,108.49489017611027,16.29485575558713,2026-03-17 14:07:04.503000
XRPUSDT,1590711534.0,1.5002,6.7,,,False,467.93436223763666,0.9997164746549594,57.26379499921312,-0.040814082497254524,0.125,0.9999999909285794,108.5719379749572,16.299822163876584,2026-03-17 14:07:04.503000
XRPUSDT,1590711535.0,1.5002,3.5,,,False,468.1479261384006,0.9997171777376276,57.272561130683094,-0.0407376932598454,0.125,0.9999999909328213,108.64901222082698,16.304788572504073,2026-03-17 14:07:04.503000
XRPUSDT,1590711536.0,1.5002,3.5,,,False,468.36152252888354,0.9997178790772918,57.28132584544294,-0.040661439324347806,0.125,0.9999999909370628,108.72611287568431,16.30975498147169,2026-03-17 14:07:04.503000
XRPUSDT,1590711537.0,1.5002,3.6,,,False,468.57515140414716,0.9997185786782712,57.29008914429862,-0.040585320471126396,0.125,0.9999999909413042,108.80323994103959,16.314721390778693,2026-03-17 14:07:04.503000
XRPUSDT,1590711538.0,1.5002,3.4,,,False,468.7888127592554,0.9997192765448734,57.29885102805519,-0.040509336480929616,0.125,0.9999999909455448,108.88039341644769,16.319687800423583,2026-03-17 14:07:04.503000
XRPUSDT,1590711539.0,1.5002,3.5,,,False,469.0025065892741,0.9997199726813955,57.30761149751678,-0.040433487134709456,0.125,0.9999999909497856,108.95757342545315,16.324654210407004,2026-03-17 14:07:04.503000
XRPUSDT,1590711540.0,1.5002,3.4,,,False,469.216232889272,0.9997206670921243,57.31637055348668,-0.04035777221382604,0.125,0.9999999909540253,109.03477976705274,16.32962062072873,2026-03-17 14:07:04.503000
XRPUSDT,1590711541.0,1.5003,1112.4,,,False,469.47577281475776,0.9997215820971759,57.325140927862726,-0.0488691023791034,0.125,0.9999999909599998,-9301.94882557783,16.334587031394125,2026-03-17 14:07:04.503000
XRPUSDT,1590711542.0,1.5003,538.4,,,False,469.6895710014437,0.9997222725179902,57.33389712962926,-0.04017990119227,0.125,0.9999999909642375,12585.369685981988,16.33955344235071,2026-03-17 14:07:04.503000
XRPUSDT,1590711543.0,1.5003,5.0,,,False,469.9034016410964,0.9997229612271731,57.342651920376404,-0.040104636673648615,0.653,0.9999999909684746,109.28345445295304,16.3445201387388,2026-03-17 14:07:05.156000
XRPUSDT,1590711544.0,1.5003,3.4,,,False,470.11727292382994,0.9997236482289655,57.351405303164775,-0.04003103539239136,0.116,0.9999999909727123,107.13404545032581,16.349486545434317,2026-03-17 14:07:05.272000
XRPUSDT,1590711545.0,1.5003,6.7,,,False,470.33116831632856,0.9997243335275982,57.36015727422702,-0.039954478967166626,0.116,0.9999999909769485,111.71250252196135,16.354452952476993,2026-03-17 14:07:05.272000
XRPUSDT,1590711546.0,1.5003,5.0,,,False,470.54509614847046,0.9997250171272909,57.36890783666626,-0.03987961459379968,0.116,0.9999999909811834,109.51493127029279,16.35941935986882,2026-03-17 14:07:05.272000
XRPUSDT,1590711547.0,1.5003,3.7,,,False,470.75905641533933,0.9997256990322533,57.37765699127931,-0.03980488304098688,0.116,0.9999999909854185,109.59232874827502,16.364385767608443,2026-03-17 14:07:05.272000
XRPUSDT,1590711548.0,1.5003,3.4,,,False,470.9730491120219,0.9997263792466848,57.386404738862055,-0.03973028409256245,0.116,0.9999999909896528,109.66975260063822,16.3693521756954,2026-03-17 14:07:05.272000
XRPUSDT,1590711549.0,1.5003,3.6,,,False,471.1870742336067,0.9997270577747738,57.39515108020951,-0.03965581753264886,0.116,0.9999999909938863,109.74720299373344,16.374318584129917,2026-03-17 14:07:05.272000
XRPUSDT,1590711550.0,1.5003,3.5,,,False,471.40113177518435,0.9997277346206986,57.40389601611581,-0.0395814831456993,0.116,0.99999999099812,109.82467976683171,16.379284992911103,2026-03-17 14:07:05.272000
XRPUSDT,1590711551.0,1.5003,3.5,,,False,471.6152217318479,0.9997284097886275,57.41263954737418,-0.03950728071640674,0.116,0.9999999910023529,109.90218302225114,16.384251402039745,2026-03-17 14:07:05.272000
XRPUSDT,1590711552.0,1.5003,3.6,,,False,471.8293440986927,0.9997290832827184,57.42138167477699,-0.03943321002983519,0.116,0.9999999910065857,109.97971263596165,16.38921781151685,2026-03-17 14:07:05.272000
XRPUSDT,1590711553.0,1.5003,3.6,,,False,472.043498870816,0.9997297551071184,57.4301223991157,-0.03935927087127224,0.116,0.9999999910108174,110.05726877874268,16.394184221339234,2026-03-17 14:07:05.272000
XRPUSDT,1590711554.0,1.5003,3.6,,,False,472.25768604331773,0.9997304252659648,57.438861721180906,-0.03928546302639493,0.116,0.9999999910150484,110.13485126994432,16.3991506315081,2026-03-17 14:07:05.272000
XRPUSDT,1590711555.0,1.5003,3.5,,,False,472.47190561129946,0.9997310937633844,57.44759964176227,-0.03921178628107068,0.116,0.9999999910192797,110.21246030186904,16.404117042023227,2026-03-17 14:07:05.272000
XRPUSDT,1590711556.0,1.5003,3.5,,,False,472.6861575698655,0.9997317606034941,57.456336161648636,-0.03913824042155834,0.116,0.9999999910235107,110.29009569761654,16.409083452885085,2026-03-17 14:07:05.272000
XRPUSDT,1590711557.0,1.5003,3.5,,,False,472.9004419141223,0.9997324257904003,57.46507128162796,-0.039064825234368335,0.116,0.99999999102774,110.36775754773635,16.414049864092345,2026-03-17 14:07:05.272000
XRPUSDT,1590711558.0,1.5003,3.4,,,False,473.114758639178,0.9997330893281994,57.47380500248726,-0.038991540506302304,0.001,0.99999999103197,110.44544586928853,16.419016215275043,2026-03-17 14:07:05.273000
XRPUSDT,1590711559.0,1.5003,3.6,,,False,473.3291060010985,0.9997337512209777,57.48253732455047,-0.038918071123717694,0.001,0.9999999910361984,110.9989185350945,16.42398256693632,2026-03-17 14:07:05.273000
XRPUSDT,1590711560.0,1.5003,3.4,,,False,473.5434857373064,0.9997344114728113,57.491268249068305,-0.03884504854303883,0.001,0.999999991040427,110.59807329482607,16.42894891907144,2026-03-17 14:07:05.273000
XRPUSDT,1590711561.0,1.5004,3.4,,,False,473.8038151840495,0.9997352814545076,57.50000991775675,-0.04703650420147553,0.503,0.9999999910463634,-9415.664367199899,16.433915533761084,2026-03-17 14:07:05.776000
XRPUSDT,1590711562.0,1.5004,3.6,,,False,474.0182741467847,0.9997359379126236,57.508738023263156,-0.03867488375571758,0.503,0.9999999910505905,12737.47744486148,16.438882148170517,2026-03-17 14:07:05.776000
XRPUSDT,1590711563.0,1.5003,27.9,,,True,474.1868370754492,0.9997363824362897,57.51745264990948,-0.030362848414307312,1.668,0.999999991053111,18698.74649050183,16.443849367897986,2026-03-17 14:07:07.444000
XRPUSDT,1590711564.0,1.5003,3.4,,,True,474.4013712347044,0.9997370361648718,57.526177998626835,-0.03855872375094337,1.668,0.9999999910573392,-12537.122533323707,16.44881658681945,2026-03-17 14:07:07.444000
XRPUSDT,1590711565.0,1.5003,3.6,,,True,474.6159377119893,0.9997376882727387,57.53490195367137,-0.03848632426877505,1.668,0.9999999910615645,111.02378278219818,16.453783804329692,2026-03-17 14:07:07.444000
XRPUSDT,1590711566.0,1.5003,3.6,,,True,474.83053648738667,0.9997383387639066,57.54362451581943,-0.03841405094613415,1.668,0.9999999910657871,111.10577084517263,16.458751020432096,2026-03-17 14:07:07.444000
XRPUSDT,1590711567.0,1.5003,3.6,,,True,475.0451675560976,0.9997389876423818,57.55234568585045,-0.03834190628717143,1.668,0.9999999910700065,111.18362177668668,16.463718235129328,2026-03-17 14:07:07.444000
XRPUSDT,1590711568.0,1.5003,3.6,,,True,475.2598309133253,0.9997396349121599,57.56106546454299,-0.038269890081197896,1.668,0.999999991074223,111.26149931474241,16.46868544842469,2026-03-17 14:07:07.444000
XRPUSDT,1590711569.0,1.5003,6664.3,,,True,475.47452655427503,0.9997402805772271,57.569783852674746,-0.03819800211787322,1.668,0.9999999910784366,111.3394033188372,16.473652660322298,2026-03-17 14:07:07.444000
XRPUSDT,1590711570.0,1.5003,3.5,,,True,475.6892544741542,0.9997409246415602,57.57850085102257,-0.038126242187113815,1.668,0.9999999910826476,111.41733375498707,16.478619870824136,2026-03-17 14:07:07.444000
XRPUSDT,1590711571.0,1.5003,3.5,,,True,475.9040146681723,0.9997415671091254,57.587216460362434,-0.03805461007911999,1.668,0.9999999910868564,111.49529076210874,16.483587079933578,2026-03-17 14:07:07.444000
XRPUSDT,1590711572.0,1.5003,666.2,,,True,476.118807131541,0.9997422079838791,57.595930681469476,-0.03798310558441817,1.668,0.9999999910910612,111.57327432212348,16.488554287654686,2026-03-17 14:07:07.444000
XRPUSDT,1590711573.0,1.5003,791.9,,,True,476.3336318594737,0.9997428472697688,57.60464351511794,-0.03791172849379412,1.668,0.9999999910952636,111.65128431180894,16.493521493990094,2026-03-17 14:07:07.444000
XRPUSDT,1590711574.0,1.5003,3.4,,,True,476.5484888471864,0.9997434849707311,57.61335496208124,-0.03784047859839913,0.002,0.9999999910994632,111.72932081312611,16.49848785026927,2026-03-17 14:07:07.446000
XRPUSDT,1590711575.0,1.5003,3.6,,,True,476.7633535840064,0.9997441210906934,57.62206501687117,-0.037765060080750666,0.002,0.999999991103657,118.56021208213687,16.503454207020518,2026-03-17 14:07:07.446000
XRPUSDT,1590711576.0,1.5003,791.9,,,True,476.97825061712615,0.9997447556335737,57.63077368656294,-0.037694089459868685,0.002,0.9999999911078511,111.84527175708781,16.50842056424072,2026-03-17 14:07:07.446000
XRPUSDT,1590711577.0,1.5003,3.6,,,True,477.19317994169126,0.9997453886032797,57.63948097192722,-0.03762324529536803,0.002,0.9999999911120441,111.92346779168815,16.51338692193172,2026-03-17 14:07:07.446000
XRPUSDT,1590711578.0,1.5003,3.6,,,True,477.40814155284875,0.9997460200037095,57.648186873733735,-0.037552527379966706,0.002,0.9999999911162374,112.00169030683247,16.51835328009386,2026-03-17 14:07:07.446000
XRPUSDT,1590711579.0,1.5003,3.4,,,True,477.623135445748,0.9997466498387519,57.65689139275144,-0.037481935506644734,0.002,0.9999999911204295,112.07993929163692,16.52331963872447,2026-03-17 14:07:07.446000
XRPUSDT,1590711580.0,1.5002,3.4,,,True,477.7921125965977,0.9997470763219533,57.66558290561914,-0.029425142620263862,0.119,0.9999999911229371,18891.231498992758,16.52828605674944,2026-03-17 14:07:07.565000
XRPUSDT,1590711581.0,1.5002,0.3,,,True,478.0071658215008,0.9997477035381346,57.674284688863544,-0.03736642807760404,0.119,0.9999999911271297,-12661.161643746082,16.53325247515686,2026-03-17 14:07:07.565000
XRPUSDT,1590711582.0,1.5002,3.3,,,True,478.22225131249013,0.9997483291992969,57.68298509155563,-0.037296165977992846,0.119,0.999999991131322,112.30056113803366,16.53821889390363,2026-03-17 14:07:07.565000
XRPUSDT,1590711583.0,1.5002,0.4,,,True,478.4373690636796,0.9997489533092938,57.69168411446084,-0.03722602899845358,0.119,0.9999999911355141,112.37919579412312,16.543185312990023,2026-03-17 14:07:07.565000
XRPUSDT,1590711584.0,1.5002,3.7,,,True,478.65251907023435,0.9997495758719687,57.700381758344015,-0.037156017115462445,0.119,0.9999999911397056,112.45756583019354,16.548151732416514,2026-03-17 14:07:07.565000
XRPUSDT,1590711585.0,1.5002,3.7,,,True,478.867701327322,0.9997501968911562,57.70907802396918,-0.037086130123667876,0.119,0.9999999911438964,112.53596217176862,16.553118152180996,2026-03-17 14:07:07.565000
XRPUSDT,1590711586.0,1.5002,3.7,,,True,479.0829158301119,0.999750816370681,57.7177729120995,-0.03701636781791261,0.119,0.9999999911480864,112.61438508256714,16.558084572285743,2026-03-17 14:07:07.565000
XRPUSDT,1590711587.0,1.5002,3.7,,,True,479.2981625737756,0.999751434314358,57.72646642349731,-0.036946729993420115,0.119,0.999999991152276,112.69283445038106,16.563050992728403,2026-03-17 14:07:07.565000
XRPUSDT,1590711588.0,1.5002,3.7,,,True,479.5134415534874,0.9997520507259937,57.73515855892407,-0.03687721644564031,0.119,0.9999999911564647,112.7713101927345,16.568017413510486,2026-03-17 14:07:07.565000
XRPUSDT,1590711589.0,1.5002,3.7,,,True,479.72875276442306,0.9997526656093843,57.74384931914049,-0.0368078269703557,0.119,0.9999999911606527,112.84981242374178,16.572983834630463,2026-03-17 14:07:07.565000
XRPUSDT,1590711590.0,1.5002,3.7,,,True,479.94409620176094,0.9997532789683165,57.75253870490636,-0.03673856136361391,0.119,0.9999999911648404,112.92834114822861,16.57795025608964,2026-03-17 14:07:07.565000
XRPUSDT,1590711591.0,1.5002,3.7,,,True,480.15947186068126,0.9997538908065684,57.761226716980666,-0.03666941942175428,0.119,0.9999999911690272,113.00689624928727,16.5829166778863,2026-03-17 14:07:07.565000
XRPUSDT,1590711592.0,1.5002,3.7,,,True,480.3748797363665,0.9997545011279082,57.76991335612158,-0.03660040094137354,0.119,0.9999999911732135,113.08547789488208,16.587883100021354,2026-03-17 14:07:07.565000
XRPUSDT,1590711593.0,1.5002,3.7,,,True,480.5903198240017,0.999755109936095,57.77859862308641,-0.03653150571943487,0.001,0.9999999911773992,113.16408589400721,16.592849464460656,2026-03-17 14:07:07.566000
XRPUSDT,1590711594.0,1.5002,3.7,,,True,480.80579043843375,0.9997557172348781,57.78728251822184,-0.03646244996720159,0.001,0.999999991181584,113.70968318924854,16.59781582936483,2026-03-17 14:07:07.566000
XRPUSDT,1590711595.0,1.5002,3.7,,,True,481.02129325835637,0.9997563230279983,57.795965042696146,-0.03639380234029305,0.001,0.9999999911857688,113.31859774715127,16.602782194732683,2026-03-17 14:07:07.566000
XRPUSDT,1590711596.0,1.5002,3.7,,,True,481.2368282789553,0.9997569273191865,57.8046461972642,-0.036325277356747,0.001,0.999999991189952,113.39729071704438,16.607748560564044,2026-03-17 14:07:07.566000
XRPUSDT,1590711597.0,1.5002,306.5,,,True,481.4523954954185,0.999757530112165,57.813325982679956,-0.03625687481461727,0.03,0.9999999911941353,113.47601013679622,16.612714941013753,2026-03-17 14:07:07.596000
XRPUSDT,1590711598.0,1.5002,6.7,,,True,481.66799531304366,0.999758131410646,57.82200439979566,-0.036188663164088614,0.03,0.9999999911983184,113.44058347605035,16.617681321895066,2026-03-17 14:07:07.596000
XRPUSDT,1590711599.0,1.5002,3.5,,,True,481.8836273161431,0.999758731218333,57.83068144926395,-0.0361205044919369,0.03,0.9999999912025006,113.63420913162913,16.622647703208493,2026-03-17 14:07:07.596000
XRPUSDT,1590711600.0,1.5002,3.5,,,True,482.0992914999123,0.9997593295389208,57.83935713183635,-0.03605246765898923,0.03,0.999999991206682,113.71300660822746,16.627614084952313,2026-03-17 14:07:07.596000
XRPUSDT,1590711601.0,1.5002,3.6,,,True,482.31498785954943,0.9997599263760941,57.84803144826358,-0.03598455246455666,0.03,0.9999999912108634,113.79183044407965,16.6325804671261,2026-03-17 14:07:07.596000
XRPUSDT,1590711602.0,1.5002,3.6,,,True,482.53071639025427,0.9997605217335293,57.856704399295545,-0.035916758708105415,0.03,0.9999999912150441,113.87068078949302,16.637546849731656,2026-03-17 14:07:07.596000
XRPUSDT,1590711603.0,1.5002,3.6,,,True,482.7464770872293,0.9997611156148931,57.86537598568131,-0.03584908618943558,0.03,0.999999991219224,113.9495575842586,16.642513232765968,2026-03-17 14:07:07.596000
XRPUSDT,1590711604.0,1.5002,3.5,,,True,482.9622699456787,0.9997617080238435,57.87404620816917,-0.0357815347086351,0.03,0.9999999912234036,114.02846084916015,16.647479616230772,2026-03-17 14:07:07.596000
XRPUSDT,1590711605.0,1.5002,3.5,,,True,483.1780949608092,0.9997622989640295,57.882715067506545,-0.03571410406608681,0.03,0.9999999912275822,114.10739046856959,16.65244600012397,2026-03-17 14:07:07.596000
XRPUSDT,1590711606.0,1.5002,3.4,,,True,483.3939521278293,0.9997628884390904,57.89138256444008,-0.03564679406240476,0.03,0.9999999912317598,114.18634669545972,16.65741238444689,2026-03-17 14:07:07.596000
XRPUSDT,1590711607.0,1.5002,3.6,,,True,483.60984144194975,0.9997634764526575,57.90004869971559,-0.035579604498541806,0.03,0.999999991235938,114.26532928295696,16.662378769198426,2026-03-17 14:07:07.596000
XRPUSDT,1590711608.0,1.5002,3.5,,,True,483.8257628983835,0.9997640630083524,57.908713474078084,-0.03551253517570699,0.03,0.9999999912401148,114.34433834256353,16.667345154378076,2026-03-17 14:07:07.596000
XRPUSDT,1590711609.0,1.5002,3.6,,,True,484.0417164923457,0.9997646481097877,57.917376888271775,-0.03544558589541031,0.03,0.9999999912442914,114.42337389263675,16.672311539984882,2026-03-17 14:07:07.596000
XRPUSDT,1590711610.0,1.5002,3.4,,,True,484.25770221905367,0.9997652317605678,57.92603894304007,-0.03537875645942655,0.03,0.9999999912484671,114.50243582172118,16.67727792601978,2026-03-17 14:07:07.596000
XRPUSDT,1590711611.0,1.5001,3.4,,,True,484.4274541499126,0.9997656269591769,57.93468881650345,-0.0277731334271355,0.022,0.9999999912509954,19245.06528058028,16.682244308678303,2026-03-17 14:07:07.618000
XRPUSDT,1590711612.0,1.5001,3.6,,,True,484.64349712893096,0.9997662081830692,57.94334817984352,-0.035269082894362196,0.022,0.9999999912551708,-12896.836429708657,16.687210691778443,2026-03-17 14:07:07.618000
XRPUSDT,1590711613.0,1.5001,6.7,,,True,484.8595722277771,0.999766787965915,57.952006185925455,-0.03520256871442275,0.022,0.9999999912593457,114.72257314304224,16.692177075313523,2026-03-17 14:07:07.618000
XRPUSDT,1590711614.0,1.5001,3.7,,,True,485.07567944149173,0.9997673663112857,57.960662835489536,-0.035136173632017785,0.022,0.9999999912635203,114.80178759620381,16.697143459282735,2026-03-17 14:07:07.618000
XRPUSDT,1590711615.0,1.5001,3.5,,,True,485.2918187653016,0.9997679432227435,57.96931812927526,-0.03506989748031126,0.022,0.999999991267694,114.88097663382621,16.70210984368628,2026-03-17 14:07:07.618000
XRPUSDT,1590711616.0,1.5001,3.5,,,True,485.50799019443616,0.9997685187038421,57.97797206802132,-0.03500374006266925,0.022,0.9999999912718671,114.96019210432513,16.707076228523576,2026-03-17 14:07:07.618000
XRPUSDT,1590711617.0,1.5001,3.6,,,True,485.72419372412656,0.999769092758126,57.98662465246562,-0.034937701182761585,0.022,0.9999999912760396,115.03943400719372,16.712042613794008,2026-03-17 14:07:07.618000
XRPUSDT,1590711618.0,1.5001,3.6,,,True,485.9404293496063,0.9997696653891311,57.995275883345265,-0.034871780644480904,0.022,0.9999999912802116,115.11870242028445,16.717008999497555,2026-03-17 14:07:07.618000
XRPUSDT,1590711619.0,1.5001,3.6,,,True,486.15669706611095,0.9997702366003849,58.003925761396566,-0.034805978252045414,0.022,0.9999999912843829,115.19799724616529,16.721975385634337,2026-03-17 14:07:07.618000
XRPUSDT,1590711620.0,1.5001,3.5,,,True,486.37299686887815,0.9997708063954053,58.012574287355015,-0.0347402938099351,0.022,0.9999999912885532,115.27731861452843,16.726941772201386,2026-03-17 14:07:07.618000
XRPUSDT,1590711621.0,1.5001,3.5,,,True,486.58932875314764,0.9997713747777026,58.02122146195535,-0.03467472712291666,0.022,0.9999999912927231,115.35666632370486,16.731908159201193,2026-03-17 14:07:07.618000
XRPUSDT,1590711622.0,1.5001,3.4,,,True,486.8056927141617,0.9997719417507774,58.02986728593144,-0.03460927799604013,0.022,0.9999999912968923,115.43604058624463,16.73687454663287,2026-03-17 14:07:07.618000
XRPUSDT,1590711623.0,1.5001,3.5,,,True,487.0220887471638,0.9997725073181224,58.03851176001646,-0.034543946234611815,0.022,0.9999999913010612,115.51544128368597,16.741840934495407,2026-03-17 14:07:07.618000
XRPUSDT,1590711624.0,1.5001,3.6,,,True,487.23851684740055,0.9997730714832213,58.047154884942756,-0.03447873164422603,0.022,0.9999999913052284,115.59486844825261,16.74680732279027,2026-03-17 14:07:07.618000
XRPUSDT,1590711625.0,1.5001,3.4,,,True,487.45497701012005,0.9997736342495487,58.05579666144182,-0.03441363403081833,0.022,0.9999999913093962,115.67432206765125,16.751773711513408,2026-03-17 14:07:07.618000
XRPUSDT,1590711626.0,1.5001,3.4,,,False,487.67146923057265,0.9997741956205717,58.064437090244446,-0.03434865320047838,0.671,0.9999999913135622,115.75380216933668,16.756740400758208,2026-03-17 14:07:08.289000
XRPUSDT,1590711627.0,1.5001,3.4,,,False,487.88800223492626,0.9997747555997479,58.073076174044225,-0.03428516766872911,0.671,0.9999999913177288,113.37123672039797,16.761707089776117,2026-03-17 14:07:08.289000
XRPUSDT,1590711628.0,1.5001,3.4,,,False,488.1045672710247,0.9997753141905269,58.081713911593276,-0.0342204116054631,0.671,0.9999999913218941,115.92755502691686,16.766673778569572,2026-03-17 14:07:08.289000
XRPUSDT,1590711629.0,1.5002,3.4,,,False,488.36755696738777,0.9997760502403816,58.09036068170194,-0.04143729538592977,0.441,0.9999999913276825,-9804.884457301006,16.771640361409688,2026-03-17 14:07:08.730000
XRPUSDT,1590711630.0,1.5002,100.0,,,False,488.5841898458034,0.9997766056212573,58.09899570405193,-0.03406788532353641,0.441,0.9999999913318434,13269.110237438037,16.776606944116004,2026-03-17 14:07:08.730000
XRPUSDT,1590711631.0,1.5002,6.7,,,False,488.8008547430384,0.9997771596251314,58.10762938239409,-0.03400352164264537,0.441,0.9999999913360026,116.17911696833391,16.781573526830293,2026-03-17 14:07:08.730000
XRPUSDT,1590711632.0,1.5002,3.5,,,False,489.01755165796374,0.9997777122554165,58.116261717455174,-0.033939274103419195,0.441,0.9999999913401607,116.25772412353274,16.786540109553382,2026-03-17 14:07:08.730000
XRPUSDT,1590711633.0,1.5002,3.5,,,False,489.2342805858626,0.9997782635155167,58.12489270996039,-0.033875141949814315,0.441,0.9999999913443174,116.33737609090036,16.79150669228594,2026-03-17 14:07:08.730000
XRPUSDT,1590711634.0,1.5002,3.4,,,False,489.45104152202066,0.9997788134088279,58.13352236063411,-0.033811124990254196,0.441,0.9999999913484733,116.4170544613308,16.796473275028617,2026-03-17 14:07:08.730000
XRPUSDT,1590711635.0,1.5002,3.5,,,False,489.6678344617253,0.9997793619387374,58.142150670200024,-0.03374722303337551,0.441,0.9999999913526273,116.49675937926627,16.80143985778185,2026-03-17 14:07:08.730000
XRPUSDT,1590711636.0,1.5002,3.4,,,False,489.8846594002662,0.999779909108624,58.15077763938095,-0.033683435888134494,0.441,0.9999999913567805,116.57649077654999,16.80640644054536,2026-03-17 14:07:08.730000
XRPUSDT,1590711637.0,1.5003,3.4,,,False,490.14796102306406,0.9997806300984049,58.15941344622121,-0.040786461465341664,0.008,0.9999999913625468,-9851.7701160168,16.811372827347743,2026-03-17 14:07:08.738000
XRPUSDT,1590711638.0,1.5003,6.7,,,False,490.3648510955721,0.9997811741240158,58.16803771181874,-0.03353279448465194,0.008,0.9999999913666962,13333.318938379247,16.81633921458693,2026-03-17 14:07:08.738000
XRPUSDT,1590711639.0,1.5003,5.0,,,False,490.58177316252255,0.9997817168007668,58.17666063925862,-0.03346939719608387,0.008,0.999999991370844,116.82329941993189,16.821305602266875,2026-03-17 14:07:08.738000
XRPUSDT,1590711640.0,1.5003,3.7,,,False,490.7987272192598,0.9997822581320007,58.18528222926045,-0.03340611387305771,0.008,0.9999999913749912,116.90314368972065,16.82627199038661,2026-03-17 14:07:08.738000
XRPUSDT,1590711641.0,1.5003,3.5,,,False,491.0157132610661,0.9997827981210525,58.19390248254305,-0.03334294431623164,0.008,0.999999991379138,116.98303255360594,16.8312383789446,2026-03-17 14:07:08.738000
XRPUSDT,1590711642.0,1.5003,3.5,,,False,491.2327312832256,0.9997833367712484,58.202521399824484,-0.03327988833634194,0.008,0.9999999913832838,117.06294803315724,16.83620476793976,2026-03-17 14:07:08.738000
XRPUSDT,1590711643.0,1.5003,3.4,,,False,491.4497812810247,0.9997838740859065,58.21113898182205,-0.033216945744499404,0.008,0.9999999913874285,117.14288991315561,16.841171157374518,2026-03-17 14:07:08.738000
XRPUSDT,1590711644.0,1.5003,3.5,,,False,491.6668632497518,0.9997844100683367,58.21975522925224,-0.03315411635203112,0.008,0.9999999913915728,117.22285829950222,16.846137547246087,2026-03-17 14:07:08.738000
XRPUSDT,1590711645.0,1.5004,6.7,,,False,491.9304738603656,0.9997851163060869,58.228380123255576,-0.0401450056290854,0.028,0.999999991397321,-9898.775979297037,16.8511039464683,2026-03-17 14:07:08.766000
XRPUSDT,1590711646.0,1.5004,3.4,,,False,492.14762687024165,0.9997856492085281,58.236993680478655,-0.033006650836540426,0.028,0.9999999914014625,13395.237553814219,16.856070346098353,2026-03-17 14:07:08.766000
XRPUSDT,1590711647.0,1.5004,3.6,,,False,492.3648118352001,0.9997861807896766,58.24560590533276,-0.032944200368875125,0.028,0.9999999914056033,117.48059131959641,16.86103674614443,2026-03-17 14:07:08.766000
XRPUSDT,1590711648.0,1.5004,73.1,,,False,492.58202875076057,0.9997867110528067,58.25421679853128,-0.032881862313402704,0.028,0.9999999914097432,117.56060705931215,16.866003146609327,2026-03-17 14:07:08.766000
XRPUSDT,1590711649.0,1.5004,3.5,,,False,492.7992776122234,0.9997872400011854,58.262826360786796,-0.032819636449288425,0.028,0.9999999914138824,117.64071245050054,16.870969547489075,2026-03-17 14:07:08.766000
XRPUSDT,1590711650.0,1.5004,3.5,,,False,493.01655841489077,0.999787767638071,58.27143459281117,-0.032757522589579646,0.028,0.9999999914180209,117.72084439260028,16.875935948786633,2026-03-17 14:07:08.766000
XRPUSDT,1590711651.0,1.5004,3.5,,,False,493.23387115406666,0.9997882939667136,58.28004149531545,-0.03269552054764293,0.028,0.9999999914221583,117.80100285302181,16.8809023504993,2026-03-17 14:07:08.766000
XRPUSDT,1590711652.0,1.5004,3.5,,,False,493.4512158250576,0.999788818990356,58.28864706900997,-0.03263363013710685,0.028,0.9999999914262954,117.88118771246016,16.885868752627363,2026-03-17 14:07:08.766000
XRPUSDT,1590711653.0,1.5004,3.5,,,False,493.668592423172,0.9997893427122321,58.29725131460428,-0.03257185117186627,0.028,0.9999999914304313,117.96139909589525,16.890835155169793,2026-03-17 14:07:08.766000
XRPUSDT,1590711654.0,1.5004,3.5,,,False,493.8860009437202,0.9997898651355683,58.305854232807214,-0.03251018346607658,0.028,0.9999999914345664,118.0416369441585,16.89580155812803,2026-03-17 14:07:08.766000
XRPUSDT,1590711655.0,1.5004,3.4,,,False,494.1034413820149,0.9997903862635831,58.3144558243268,-0.03244862683419377,0.002,0.9999999914387011,118.12190122497654,16.90076795014265,2026-03-17 14:07:08.768000
XRPUSDT,1590711656.0,1.5004,3.4,,,True,494.32091340137754,0.9997909060994867,58.32305608980105,-0.03238713178153717,1.256,0.999999991442834,118.29704763384338,16.90573488941781,2026-03-17 14:07:10.024000
XRPUSDT,1590711657.0,1.5004,0.5,,,True,494.5384333140352,0.9997914246464815,58.33165503333529,-0.03232816626260496,1.256,0.9999999914469682,113.71297013562187,16.910701827937565,2026-03-17 14:07:10.024000
XRPUSDT,1590711658.0,1.5004,5.0,,,True,494.7559851007297,0.9997919419077619,58.34025265228354,-0.032266927879081565,0.051,0.9999999914511009,118.38965305949633,16.915668242232105,2026-03-17 14:07:10.075000
XRPUSDT,1590711659.0,1.5004,61.9,,,True,494.97355345078336,0.9997924578865145,58.34884894417903,-0.03220354044578298,1.299,0.9999999914552289,122.84892154483317,16.920635198040628,2026-03-17 14:07:11.374000
XRPUSDT,1590711660.0,1.5004,3.6,,,True,495.1911695191404,0.999792972585918,58.357443916191116,-0.03214486738770661,0.385,0.9999999914593584,113.99480487560642,16.92560175750454,2026-03-17 14:07:11.759000
XRPUSDT,1590711661.0,1.5004,3.6,,,True,495.408805877456,0.9997934860091431,58.36603756334405,-0.032082258298692386,0.385,0.9999999914634836,121.94440368105569,16.930568317042535,2026-03-17 14:07:11.759000
XRPUSDT,1590711662.0,1.5004,3.6,,,True,495.62647411219973,0.9997939981593529,58.374629888742774,-0.032021470073046204,0.385,0.9999999914676079,118.69218147984846,16.935534876655453,2026-03-17 14:07:11.759000
XRPUSDT,1590711663.0,1.5004,3.6,,,True,495.84417421871603,0.9997945090397022,58.38322089308939,-0.03196079146440024,0.385,0.9999999914717309,118.77264162186499,16.940501436343876,2026-03-17 14:07:11.759000
XRPUSDT,1590711664.0,1.5004,666.4,,,True,496.0619061923503,0.9997950186533383,58.39181057708528,-0.03190022228938729,0.385,0.9999999914758524,118.8531285784461,16.945467996108743,2026-03-17 14:07:11.759000
XRPUSDT,1590711665.0,1.5004,3.5,,,True,496.27967002845014,0.999795527003401,58.40039894143106,-0.03183976236507174,0.385,0.9999999914799733,118.93364189452184,16.950434555948142,2026-03-17 14:07:11.759000
XRPUSDT,1590711666.0,1.5004,3.5,,,True,496.49746572236523,0.9997960340930219,58.40898598682663,-0.0317794115087528,0.385,0.9999999914840922,119.01418178875491,16.95540111586472,2026-03-17 14:07:11.759000
XRPUSDT,1590711667.0,1.5004,3.4,,,True,496.715293269447,0.9997965399253248,58.417571713971135,-0.031719169538024755,0.385,0.9999999914882103,119.0947481581627,16.960367675857626,2026-03-17 14:07:11.759000
XRPUSDT,1590711668.0,1.5004,3.5,,,True,496.933152665049,0.9997970445034262,58.42615612356301,-0.03165903627070708,0.385,0.999999991492327,119.17534104106745,16.96533423592753,2026-03-17 14:07:11.759000
XRPUSDT,1590711669.0,1.5004,3.5,,,True,497.1510439045271,0.9997975478304343,58.43473921629989,-0.03159901152498865,0.385,0.9999999914964426,119.25596035133852,16.97030079607434,2026-03-17 14:07:11.759000
XRPUSDT,1590711670.0,1.5004,3.6,,,True,497.36896698323903,0.9997980499094503,58.44332099287875,-0.03153909511917517,0.385,0.9999999915005566,119.33660619265213,16.975267356299245,2026-03-17 14:07:11.759000
XRPUSDT,1590711671.0,1.5004,3.5,,,True,497.58692189654414,0.9997985507435668,58.451901453995795,-0.03147928687195237,0.385,0.9999999915046697,119.4172785977068,16.98023391660285,2026-03-17 14:07:11.759000
XRPUSDT,1590711672.0,1.5004,3.4,,,True,497.8049086398043,0.9997990503358697,58.46048060034649,-0.031419586602227455,0.385,0.9999999915087815,119.49797741694653,16.98520047698257,2026-03-17 14:07:11.759000
XRPUSDT,1590711673.0,1.5004,3.4,,,True,498.02292720838346,0.9997995486894367,58.46905843262559,-0.0313599941291904,0.385,0.999999991512892,119.57870272607929,16.990167037441516,2026-03-17 14:07:11.759000
XRPUSDT,1590711674.0,1.5003,3.4,,,True,498.194285475837,0.9997998861517827,58.477625625255136,-0.02461932109716547,0.011,0.9999999915154311,19974.593048914012,16.995133440367642,2026-03-17 14:07:11.770000
XRPUSDT,1590711675.0,1.5003,3.6,,,True,498.41235623800657,0.9998003824329466,58.48620085231379,-0.03126150258607022,0.011,0.9999999915195394,-13383.908100867358,17.000099843719916,2026-03-17 14:07:11.770000
XRPUSDT,1590711676.0,1.5003,3.6,,,True,498.63045882144564,0.9998008774835813,58.49477476733663,-0.031202197645752515,0.011,0.9999999915236468,119.79570605478528,17.005066247496703,2026-03-17 14:07:11.770000
XRPUSDT,1590711677.0,1.5003,3.6,,,True,498.8485932214274,0.9998013713067366,58.50334737101559,-0.031142999818696882,0.011,0.9999999915277532,119.87657203230572,17.01003265169664,2026-03-17 14:07:11.770000
XRPUSDT,1590711678.0,1.5003,3.6,,,True,499.06675943331055,0.9998018639054552,58.51191866404183,-0.031083908937307538,0.011,0.999999991531859,119.95744032401872,17.014999056319592,2026-03-17 14:07:11.770000
XRPUSDT,1590711679.0,1.5003,3.5,,,True,499.2849574524555,0.9998023552827714,58.52048864710581,-0.031024924822285013,0.011,0.9999999915359639,120.03833527015811,17.01996546136553,2026-03-17 14:07:11.770000
XRPUSDT,1590711680.0,1.5003,3.4,,,True,499.5031872742249,0.9998028454417125,58.52905732089729,-0.030966047294674587,0.011,0.9999999915400675,120.11925657835783,17.02493186683408,2026-03-17 14:07:11.770000
XRPUSDT,1590711681.0,1.5003,3.6,,,True,499.72144889398345,0.9998033343852987,58.53762468610525,-0.030907276175675857,0.011,0.9999999915441707,120.20020440103113,17.029898272723322,2026-03-17 14:07:11.770000
XRPUSDT,1590711682.0,1.5003,3.4,,,True,499.9397423070976,0.9998038221165418,58.54619074341798,-0.030848611286850416,0.011,0.9999999915482728,120.28117871653751,17.03486467903523,2026-03-17 14:07:11.770000
XRPUSDT,1590711683.0,1.5002,3.4,,,True,500.11131111145846,0.9998041523762422,58.554746353444116,-0.024217053699414657,0.148,0.9999999915508141,20079.826815392636,17.03983114255261,2026-03-17 14:07:11.918000
XRPUSDT,1590711684.0,1.5002,3.6,,,True,500.32966294836996,0.999804638079262,58.56330981868415,-0.03075253291833098,0.148,0.9999999915549163,-13455.710490660887,17.044797606410558,2026-03-17 14:07:11.918000
XRPUSDT,1590711685.0,1.5002,6.7,,,True,500.5480465636762,0.999805122577971,58.57187197803814,-0.030694146241759174,0.148,0.9999999915590166,120.50945747066162,17.049764070564958,2026-03-17 14:07:11.918000
XRPUSDT,1590711686.0,1.5002,3.7,,,True,500.7664619516558,0.9998056058753539,58.5804328321914,-0.030635865001482996,0.148,0.9999999915631164,120.59084600762874,17.054730535014503,2026-03-17 14:07:11.918000
XRPUSDT,1590711687.0,1.5002,3.5,,,True,500.9849091076908,0.9998060879743883,58.58899238182875,-0.030577689175152065,0.148,0.9999999915672144,120.67194120839625,17.059696999761286,2026-03-17 14:07:11.918000
XRPUSDT,1590711688.0,1.5002,3.5,,,True,501.2033880271646,0.9998065688780444,58.59755062763433,-0.030519618585707512,0.148,0.9999999915713118,120.7530629173391,17.064663464804475,2026-03-17 14:07:11.918000
XRPUSDT,1590711689.0,1.5002,3.6,,,True,501.421898705463,0.9998070485892853,58.60610757029145,-0.030461653056368825,0.148,0.9999999915754086,120.83421109120684,17.069629930142465,2026-03-17 14:07:11.918000
XRPUSDT,1590711690.0,1.5002,3.6,,,True,501.6404411379737,0.999807527111066,58.61466321048289,-0.030403792410642033,0.148,0.9999999915795035,120.91538578540055,17.074596395776425,2026-03-17 14:07:11.918000
XRPUSDT,1590711691.0,1.5002,3.6,,,True,501.8590153200864,0.9998080044463349,58.623217548890565,-0.030346036472252248,0.148,0.9999999915835971,120.99658700451903,17.079562861705977,2026-03-17 14:07:11.918000
XRPUSDT,1590711692.0,1.5002,3.5,,,True,502.0776212471927,0.9998084805980331,58.63177058619572,-0.030288385065208284,0.148,0.9999999915876903,121.07781462126039,17.084529327931445,2026-03-17 14:07:11.918000
XRPUSDT,1590711693.0,1.5002,3.5,,,True,502.2962589146865,0.9998089555690937,58.64032232307894,-0.03023083801378098,0.148,0.9999999915917821,121.15906883971977,17.089495794451945,2026-03-17 14:07:11.918000
XRPUSDT,1590711694.0,1.5002,3.4,,,True,502.5149283179634,0.9998094293624435,58.64887276022004,-0.03017339514247293,0.148,0.999999991595873,121.2403494514942,17.094462261267985,2026-03-17 14:07:11.918000
XRPUSDT,1590711695.0,1.5002,3.5,,,True,502.7336294524212,0.9998099019810013,58.657421898298146,-0.030116056276102046,0.148,0.9999999915999628,121.32165661411867,17.09942872837886,2026-03-17 14:07:11.918000
XRPUSDT,1590711696.0,1.5002,3.6,,,True,502.9523623134594,0.999810373427679,58.66596973799169,-0.030058821239654147,0.148,0.9999999916040515,121.40299031806681,17.104395195784576,2026-03-17 14:07:11.918000
XRPUSDT,1590711697.0,1.5001,3.4,,,True,503.1242722717342,0.9998106926511644,58.674507426469766,-0.023596418019429362,0.148,0.9999999916065953,20244.134643341553,17.10936166348024,2026-03-17 14:07:11.918000
XRPUSDT,1590711698.0,1.5001,3.6,,,True,503.3430617701153,0.9998111621373356,58.68305269209431,-0.029964847715541643,0.148,0.9999999916106829,-13564.680042337528,17.114328131513172,2026-03-17 14:07:11.918000
XRPUSDT,1590711699.0,1.5001,6.7,,,True,503.56188298334945,0.9998116304593906,58.69159666131769,-0.029907885993938513,0.148,0.999999991614769,121.62938087570473,17.11929459983944,2026-03-17 14:07:11.918000
XRPUSDT,1590711700.0,1.5001,3.4,,,True,503.780735905768,0.9998120976202148,58.70013933481543,-0.029851027322475444,0.148,0.9999999916188541,121.71112925562932,17.12426106846099,2026-03-17 14:07:11.918000
XRPUSDT,1590711701.0,1.5001,3.7,,,True,503.99962053278017,0.9998125636226866,58.708680713262524,-0.029794271674609796,0.148,0.9999999916229384,121.7925897601936,17.129227537377268,2026-03-17 14:07:11.918000
XRPUSDT,1590711702.0,1.5001,3.4,,,True,504.2185368597974,0.9998130284696771,58.7172207973333,-0.02973761887683168,0.148,0.9999999916270215,121.87407669147716,17.134194006588018,2026-03-17 14:07:11.918000
XRPUSDT,1590711703.0,1.5001,3.5,,,True,504.4374848822328,0.9998134921640502,58.725759587701376,-0.02968106875588626,0.148,0.9999999916311036,121.95559019799481,17.139160476091643,2026-03-17 14:07:11.918000
XRPUSDT,1590711704.0,1.5001,3.5,,,True,504.65646459550146,0.9998139547086631,58.73429708503968,-0.029624621138779332,0.148,0.9999999916351843,122.03713012916698,17.144126945890438,2026-03-17 14:07:11.918000
XRPUSDT,1590711705.0,1.5001,3.5,,,True,504.87547599502074,0.9998144161063652,58.742833290020435,-0.029568275852768333,0.148,0.999999991639264,122.11869662049416,17.14909341598253,2026-03-17 14:07:11.918000
XRPUSDT,1590711706.0,1.5001,3.4,,,True,505.09451907620985,0.9998148763599997,58.75136820331516,-0.029512032725366816,0.148,0.9999999916433423,122.20028956767473,17.15405988636916,2026-03-17 14:07:11.918000
XRPUSDT,1590711707.0,1.5001,3.5,,,True,505.31359383448984,0.999815335472402,58.75990182559468,-0.02945589158436354,0.148,0.9999999916474199,122.28190900493814,17.159026357048937,2026-03-17 14:07:11.918000
XRPUSDT,1590711708.0,1.5001,3.4,,,True,505.5327002652839,0.999815793446401,58.768434157529164,-0.02939985225772539,0.148,0.999999991651496,122.36355503478123,17.163992828022227,2026-03-17 14:07:11.918000
XRPUSDT,1590711709.0,1.5,3.5,,,True,505.7048992733685,0.9998161035382336,58.77695658374998,-0.023078473731778272,0.25,0.9999999916540406,20385.504752148256,17.168959339570474,2026-03-17 14:07:12.168000
XRPUSDT,1590711710.0,1.5,6.7,,,True,505.9240634312488,0.9998165596077541,58.78548635733722,-0.02930799355491836,0.25,0.9999999916581158,-13659.145247307106,17.173925851393555,2026-03-17 14:07:12.168000
XRPUSDT,1590711711.0,1.5,5.2,,,True,506.1432592484276,0.9998170145464135,58.7940148425379,-0.029252221399765493,0.25,0.9999999916621894,122.59269244136631,17.17889236342251,2026-03-17 14:07:12.168000
XRPUSDT,1590711712.0,1.5,3.4,,,True,506.3624867185568,0.999817468357015,58.80254204001919,-0.02919655020327746,0.25,0.9999999916662625,122.67495800870641,17.183858875655197,2026-03-17 14:07:12.168000
XRPUSDT,1590711713.0,1.5,3.7,,,True,506.5817458370732,0.9998179210423546,58.81106795044789,-0.029140980032824115,0.25,0.9999999916703337,122.75672657955151,17.188825388093345,2026-03-17 14:07:12.168000
XRPUSDT,1590711714.0,1.5,3.5,,,True,506.80103659941483,0.9998183726052216,58.81959257449013,-0.029085510717843013,0.25,0.999999991674404,122.83852157980454,17.193791900736862,2026-03-17 14:07:12.168000
XRPUSDT,1590711715.0,1.5,3.5,,,True,507.0203590010224,0.9998188230483979,58.82811591281131,-0.029030142088027948,0.25,0.9999999916784729,122.92034317875654,17.19875841358563,2026-03-17 14:07:12.168000
XRPUSDT,1590711716.0,1.5,3.6,,,True,507.23971303733805,0.9998192723746593,58.83663796607619,-0.028974873973319097,0.25,0.9999999916825407,123.0021911787602,17.203724926639204,2026-03-17 14:07:12.168000
XRPUSDT,1590711717.0,1.5,3.6,,,True,507.4590987038064,0.9998197205867739,58.84515873494883,-0.028919706203931698,0.25,0.999999991686607,123.0840657465138,17.20869143989834,2026-03-17 14:07:12.168000
XRPUSDT,1590711718.0,1.5,3.6,,,True,507.6785159958734,0.9998201676875036,58.85367822009259,-0.028864638610286576,0.25,0.9999999916906721,123.1659668433775,17.213657953362393,2026-03-17 14:07:12.168000
XRPUSDT,1590711719.0,1.5,3.5,,,True,507.8979649089875,0.9998206136796032,58.86219642217017,-0.028809671023109037,0.25,0.9999999916947359,123.24789436566078,17.218624467033006,2026-03-17 14:07:12.168000
XRPUSDT,1590711720.0,1.5,3.5,,,True,508.11744543859874,0.9998210585658205,58.870713341843576,-0.02875480327333328,0.25,0.9999999916987982,123.32984848913705,17.223590980907737,2026-03-17 14:07:12.168000
XRPUSDT,1590711721.0,1.5,3.5,,,True,508.3369575801594,0.999821502348897,58.87922897977413,-0.02870003519218582,0.25,0.9999999917028595,123.41182899146929,17.22855749498767,2026-03-17 14:07:12.168000
XRPUSDT,1590711722.0,1.5,3.6,,,True,508.5565013291237,0.9998219450315667,58.887743336622485,-0.028645366611127515,0.25,0.9999999917069191,123.49383609254038,17.23352400927389,2026-03-17 14:07:12.168000
XRPUSDT,1590711723.0,1.5,159.8,,,False,508.7760766809474,0.9998223866165572,58.89625641304863,-0.028590797361861906,0.672,0.9999999917109781,123.57586975145253,17.238490686169573,2026-03-17 14:07:12.840000
XRPUSDT,1590711724.0,1.5,3.4,,,False,508.9956884228876,0.9998228271065897,58.9047682105596,-0.028536948263998385,0.235,0.9999999917150362,122.24816430935736,17.243457195059033,2026-03-17 14:07:13.075000
XRPUSDT,1590711725.0,1.5,0.3,,,False,509.2153267960922,0.999823266504378,58.91327872808629,-0.028481932834366588,0.235,0.9999999917190917,125.20643272936174,17.24842370416611,2026-03-17 14:07:13.075000
XRPUSDT,1590711726.0,1.5,3.1,,,False,509.43499675886045,0.9998237048126295,58.92178796716681,-0.02842766070818899,0.235,0.9999999917231459,123.82182173255022,17.253390213492036,2026-03-17 14:07:13.075000
XRPUSDT,1590711727.0,1.5,0.6,,,False,509.65469830665586,0.9998241420340451,58.93029592845844,-0.028373487242562823,0.235,0.999999991727199,123.903961905374,17.258356723035824,2026-03-17 14:07:13.075000
XRPUSDT,1590711728.0,1.5,2.9,,,False,509.8744314349438,0.9998245781713185,58.9388026126178,-0.028319412270478836,0.235,0.999999991731251,123.9861286367838,17.263323232797603,2026-03-17 14:07:13.075000
XRPUSDT,1590711729.0,1.5,0.8,,,False,510.0941961391914,0.9998250132271373,58.94730802030079,-0.028265435625097028,0.235,0.9999999917353019,124.06832191980614,17.268289742779096,2026-03-17 14:07:13.075000
XRPUSDT,1590711730.0,1.5,2.7,,,False,510.3139924148679,0.999825447204182,58.95581215216267,-0.02821155713993913,0.235,0.9999999917393506,124.15054165679267,17.273256252978317,2026-03-17 14:07:13.075000
XRPUSDT,1590711731.0,1.5,1.0,,,False,510.5338202574444,0.9998258801051267,58.96431500885803,-0.028157776648677125,0.235,0.9999999917433992,124.2327879235369,17.278222763396137,2026-03-17 14:07:13.075000
XRPUSDT,1590711732.0,1.5,3.7,,,False,510.75367966239384,0.9998263119326385,58.97281659104078,-0.028104093985314407,0.235,0.9999999917474452,124.31506076424421,17.28318927403217,2026-03-17 14:07:13.075000
XRPUSDT,1590711733.0,1.5,3.7,,,False,510.97357062519137,0.9998267426893785,58.98131689936416,-0.028050508984040212,0.235,0.999999991751491,124.39736002117034,17.288155784887195,2026-03-17 14:07:13.075000
XRPUSDT,1590711734.0,1.5,3.7,,,False,511.19349314131375,0.9998271723780011,58.98981593448076,-0.027997021479310696,0.235,0.9999999917555347,124.47968579985049,17.293122295960263,2026-03-17 14:07:13.075000
XRPUSDT,1590711735.0,1.5,3.7,,,False,511.41344720624,0.9998276010011535,58.9983136970425,-0.027943631305858273,0.235,0.9999999917595774,124.56203812501921,17.29808880725282,2026-03-17 14:07:13.075000
XRPUSDT,1590711736.0,1.5,3.7,,,False,511.633432815451,0.9998280285614768,59.0068101877006,-0.027890338298645033,0.235,0.999999991763619,124.6444169731072,17.303055318762723,2026-03-17 14:07:13.075000
XRPUSDT,1590711737.0,1.5,3.7,,,False,511.85344996442905,0.9998284550616057,59.015305407105686,-0.02783714229284445,0.235,0.9999999917676592,124.72682233463132,17.308021830491853,2026-03-17 14:07:13.075000
XRPUSDT,1590711738.0,1.5,3.7,,,False,512.0734986486593,0.9998288805041681,59.02379935590765,-0.027784043123958366,0.235,0.9999999917716982,124.80925412428041,17.312988342440548,2026-03-17 14:07:13.075000
XRPUSDT,1590711739.0,1.5,3.7,,,False,512.2935788636282,0.9998293048917855,59.03229203475577,-0.02773104062764772,0.235,0.9999999917757357,124.89171252845112,17.317954854605873,2026-03-17 14:07:13.075000
XRPUSDT,1590711740.0,1.5,3.7,,,False,512.5136906048243,0.9998297282270731,59.04078344429865,-0.027678134639872405,0.235,0.999999991779772,124.97419734349181,17.32292136699195,2026-03-17 14:07:13.075000
XRPUSDT,1590711741.0,1.5,3.7,,,False,512.7338338677382,0.999830150512639,59.04927358518422,-0.02762532499683068,0.001,0.9999999917838068,125.05670877409511,17.327887792583173,2026-03-17 14:07:13.076000
XRPUSDT,1590711742.0,1.5,3.7,,,False,512.9540060739007,0.9998305717510856,59.05776245762428,-0.02757229006150504,0.001,0.99999999178784,125.90240933057045,17.33285421858418,2026-03-17 14:07:13.076000
XRPUSDT,1590711743.0,1.4999,6.7,,,True,513.1270374563733,0.9998308569610791,59.06624209832056,-0.02164310648382606,0.067,0.9999999917903801,20788.835288281338,17.33782066944057,2026-03-17 14:07:13.143000
XRPUSDT,1590711744.0,1.5,291.8,,,False,513.3944486819305,0.9998314111053381,59.07473640168317,-0.033346830403011035,0.047,0.9999999917959037,-21120.35580692272,17.34278711327241,2026-03-17 14:07:13.190000
XRPUSDT,1590711745.0,1.5,3.4,,,False,513.6147159313451,0.9998318292179537,59.08322147406232,-0.027414792068372752,0.047,0.9999999917999335,14187.656899847978,17.347753557464156,2026-03-17 14:07:13.190000
XRPUSDT,1590711746.0,1.5,3.4,,,False,513.8350146835697,0.9998322462937936,59.09170528101632,-0.02736246319417633,0.047,0.9999999918039625,125.46608837247474,17.352720002025663,2026-03-17 14:07:13.190000
XRPUSDT,1590711747.0,1.5,3.5,,,False,514.0553449344161,0.9998326623354282,59.100187823189216,-0.02731022971942842,0.047,0.99999999180799,125.54867206900434,17.35768644695896,2026-03-17 14:07:13.190000
XRPUSDT,1590711748.0,1.5,3.5,,,False,514.2757066793812,0.999833077345421,59.10866910122436,-0.027258091442708625,0.047,0.9999999918120165,125.6313766472254,17.36265289226235,2026-03-17 14:07:13.190000
XRPUSDT,1590711749.0,1.5,3.4,,,False,514.4960999139643,0.9998334913263291,59.11714911576444,-0.027206048202232283,0.047,0.9999999918160417,125.71410772061145,17.36761933793609,2026-03-17 14:07:13.190000
XRPUSDT,1590711750.0,1.5,3.5,,,False,514.7165246336666,0.9998339042807037,59.12562786745147,-0.027154099836412864,0.047,0.9999999918200658,125.79686526309754,17.37258578398002,2026-03-17 14:07:13.190000
XRPUSDT,1590711751.0,1.5001,3.4,,,False,514.9842072100731,0.9998344484348347,59.13411316741079,-0.0328809557044661,0.047,0.9999999918255715,-10524.326733992226,17.377552230393206,2026-03-17 14:07:13.237000
XRPUSDT,1590711752.0,1.5001,6.7,,,False,515.2047016365716,0.9998348590158983,59.14258937706414,-0.027032209803500937,0.047,0.9999999918295921,14245.045423653062,17.38251867716673,2026-03-17 14:07:13.237000
XRPUSDT,1590711753.0,1.5001,3.4,,,False,515.4252275334276,0.9998352685788557,59.15106432582895,-0.026980579005857673,0.047,0.9999999918336113,126.06315269893821,17.38748512430739,2026-03-17 14:07:13.237000
