symbol,trade_id,price,quantity,buyer_order_id,seller_order_id,is_buyer_market_maker,knowledge,decision,decision_norm,entropy,delta_t,cosine_similarity,delta_h_over_delta_d,frobenius_norm,timestamp
XRPUSDT,1592212215.0,1.46,376.7,,,False,0.0024835707650561634,0.500620892372119,0.500620892372119,,1.0,1.0,,0.004967141530112327,2026-03-18 23:22:44.702000
XRPUSDT,1592212216.0,1.4599,116.0,,,True,0.005866674791554973,0.5010370898947637,0.7085734477811224,-5.094449746826585e-06,4.767,1.0,,0.009934283060224654,2026-03-18 23:22:49.469000
XRPUSDT,1592212217.0,1.4599,31.7,,,True,0.011486850612349256,0.501657977996454,0.8688971059121282,-1.7588037977356525e-05,1.612,0.9999999999999998,-0.02012212538220405,0.014901424724623977,2026-03-18 23:22:51.081000
XRPUSDT,1592212218.0,1.4599,1031.0,,,True,0.01823101419731081,0.5022788609848989,1.0045577219900068,-3.614275293149132e-05,1.612,1.0,-0.029884398992160468,0.019868566607273833,2026-03-18 23:22:51.081000
XRPUSDT,1592212219.0,1.4599,3.6,,,True,0.025936326864206743,0.502899736945349,1.1245179977703126,-6.13707549590313e-05,0.037,1.0,-0.040632918061853186,0.02483570805788006,2026-03-18 23:22:51.118000
XRPUSDT,1592212220.0,1.4599,3.6,,,True,0.034495303627309966,0.5035206039631407,1.2333685547774316,-9.327154678504405e-05,0.037,1.0,-0.051381037986967915,0.02980284955022639,2026-03-18 23:22:51.118000
XRPUSDT,1592212221.0,1.4599,3.5,,,True,0.04383009693770165,0.5041414601237215,1.3338329291753583,-0.0001318445208672585,0.037,1.0,-0.06212868057253114,0.03476999107321331,2026-03-18 23:22:51.118000
XRPUSDT,1592212222.0,1.4599,3.7,,,True,0.05388094348553769,0.5047623035126724,1.4276833909030424,-0.00017708893733427223,0.037,1.0,-0.0728757320642023,0.039737132622533415,2026-03-18 23:22:51.118000
XRPUSDT,1592212223.0,1.4599,3.7,,,True,0.06460008310355646,0.5053831322157322,1.516149396760434,-0.000229003935094301,0.037,0.9999999999999999,-0.08362209656892847,0.044704274196897785,2026-03-18 23:22:51.118000
XRPUSDT,1592212224.0,1.4599,3.7,,,True,0.07594820696584623,0.5060039443188205,1.6001249692134127,-0.0002875885296877255,0.037,1.0,-0.09436767469897914,0.04967141579652658,2026-03-18 23:22:51.118000
XRPUSDT,1592212225.0,1.4599,3.7,,,True,0.08789222394677555,0.506624737908062,1.6802841653243696,-0.00035284161331767947,0.037,0.9999999999999998,-0.10511236707466966,0.05463855742246281,2026-03-18 23:22:51.118000
XRPUSDT,1592212226.0,1.4599,23.1,,,True,0.10040377558328023,0.5072455110698095,1.7571499943861877,-0.00042476195488444203,0.037,1.0000000000000002,-0.11585607432559578,0.05960569907622937,2026-03-18 23:22:51.118000
XRPUSDT,1592212227.0,1.4599,3.6,,,True,0.11345820487360155,0.507866261890668,1.8311378486040555,-0.0005033482000236253,0.037,1.0,-0.1265986970915413,0.06457284075964412,2026-03-18 23:22:51.118000
XRPUSDT,1592212228.0,1.4599,17.1,,,True,0.1270338147325337,0.5084869884575175,1.9025840967972558,-0.0005885988711481576,0.037,1.0000000000000004,-0.13734013602352899,0.06953998247471432,2026-03-18 23:22:51.118000
XRPUSDT,1592212229.0,1.4599,3.6,,,True,0.14111131917664688,0.5091076888575378,1.9717656008246827,-0.0006805123674940617,0.037,1.0,-0.14808029178473667,0.07450712422357339,2026-03-18 23:22:51.118000
XRPUSDT,1592212230.0,1.4599,6.3,,,True,0.1556734272405434,0.5097283611782307,2.0389134452839315,-0.0007790869651700264,0.037,1.0,-0.1588190650517639,0.07947426600844108,2026-03-18 23:22:51.118000
XRPUSDT,1592212231.0,1.4599,3.6,,,True,0.17070452099210973,0.5103490035074448,2.104222848102268,-0.0008843208172107605,0.037,0.9999999999999999,-0.16955635651533407,0.08444140783159791,2026-03-18 23:22:51.118000
XRPUSDT,1592212232.0,1.4599,3.5,,,True,0.18619040193055153,0.5109696139333979,2.167860474835346,-0.0009962119536341438,0.037,1.0000000000000002,-0.18029206688165433,0.08940854969536803,2026-03-18 23:22:51.118000
XRPUSDT,1592212233.0,1.4599,3.7,,,True,0.2021180881533564,0.5115901905447016,2.2299699421672905,-0.0011147582815021532,0.037,1.0,-0.19102609687299796,0.09437569160210746,2026-03-18 23:22:51.118000
XRPUSDT,1592212234.0,1.4599,3.5,,,True,0.2184756499258103,0.5122107314303839,2.2906760298705544,-0.0012399575849855683,0.037,1.0,-0.2017583472292141,0.09934283355419593,2026-03-18 23:22:51.118000
XRPUSDT,1592212235.0,1.4598,3.7,,,True,0.23149973381270114,0.5126266603719019,2.3491504759730266,-0.0010561933814644186,0.033,1.0,0.44181634211478366,0.10430997547893003,2026-03-18 23:22:51.151000
XRPUSDT,1592212236.0,1.4598,3.5,,,True,0.2485965120696182,0.5132471373245452,2.40734246341577,-0.0014791839382207015,0.033,1.0,-0.6817184021973313,0.10927711744026745,2026-03-18 23:22:51.151000
XRPUSDT,1592212237.0,1.4598,191.0,,,True,0.26609443608472877,0.5138675734509173,2.4644223096717686,-0.0016228687744091145,0.033,1.0,-0.23158683074854328,0.11424425944952504,2026-03-18 23:22:51.151000
XRPUSDT,1592212238.0,1.4598,5.2,,,True,0.28398451515235,0.5144879668417779,2.520465997557346,-0.0017731972540013874,0.033,0.9999999999999999,-0.2423115426547906,0.11921140150866057,2026-03-18 23:22:51.151000
XRPUSDT,1592212239.0,1.4598,6.9,,,True,0.3022583371465392,0.5151083155884132,2.5755415807325055,-0.0019301665779978628,0.033,0.9999999999999999,-0.25303399877546034,0.12417854361967065,2026-03-18 23:22:51.151000
XRPUSDT,1592212240.0,1.4598,4.2,,,True,0.32090800904732986,0.5157286177826597,2.6297102889875665,-0.0020937738283455746,0.033,0.9999999999999996,-0.2637541054428457,0.12914568578458302,2026-03-18 23:22:51.151000
XRPUSDT,1592212241.0,1.4598,3.6,,,True,0.3399261056581101,0.5163488715169269,2.6830274433414303,-0.0022640159646295033,0.033,0.9999999999999997,-0.2744717635357033,0.13411282800545052,2026-03-18 23:22:51.151000
XRPUSDT,1592212242.0,1.4598,3.6,,,True,0.35930562514650916,0.5169690748842215,2.735543219457003,-0.0024408898241662963,0.033,0.9999999999999996,-0.2851868739576995,0.13907997028434643,2026-03-18 23:22:51.151000
XRPUSDT,1592212243.0,1.4598,920.8,,,True,0.37903995028415255,0.5175892259781709,2.7873032889897544,-0.0026243921221017646,0.033,0.9999999999999996,-0.2958993376385719,0.14404711262336078,2026-03-18 23:22:51.151000
XRPUSDT,1592212244.0,1.4598,415.4,,,True,0.3991228144792112,0.5182093228930457,2.838349361887963,-0.0028145194515120956,0.033,0.9999999999999994,-0.3066090555356739,0.149014255024597,2026-03-18 23:22:51.151000
XRPUSDT,1592212245.0,1.4598,1027.6,,,True,0.4195482718657411,0.5188293637237837,2.888719647705143,-0.0030112682835088415,0.033,0.9999999999999997,-0.31731592863415464,0.15398139749016987,2026-03-18 23:22:51.151000
XRPUSDT,1592212246.0,1.4598,594.2,,,True,0.4403106708474,0.5194493465660136,2.93844925021961,-0.0032146349673475546,0.003,0.9999999999999997,-0.32801985794844674,0.15894853882566468,2026-03-18 23:22:51.154000
XRPUSDT,1592212247.0,1.4598,1009.6,,,True,0.4614046273387486,0.5200692695160775,2.9875705059543987,-0.0034246151889122996,0.003,0.9999999999999997,-0.33871987082123,0.16391568018471023,2026-03-18 23:22:51.154000
XRPUSDT,1592212248.0,1.4598,1142.5,,,True,0.482825013361908,0.5206891306710547,3.03611327978047,-0.0036412060469591017,0.003,0.9999999999999997,-0.34941834362043606,0.16888282156597328,2026-03-18 23:22:51.154000
XRPUSDT,1592212249.0,1.4598,3.7,,,True,0.5045669289643372,0.5213089281287853,3.084105217119786,-0.0038644030656677657,0.002,0.9999999999999997,-0.36011283351487267,0.17384996292001445,2026-03-18 23:22:51.156000
XRPUSDT,1592212250.0,1.4598,3.7,,,True,0.5266256882850812,0.5219286599878928,3.131571966570024,-0.004094202081297212,0.002,0.9999999999999998,-0.3708039408533247,0.17881710429247188,2026-03-18 23:22:51.156000
XRPUSDT,1592212251.0,1.4598,3.6,,,True,0.5489968047912926,0.522548324347808,3.178537374238762,-0.004330598883361393,0.002,0.9999999999999998,-0.3814916870425844,0.1837842456823513,2026-03-18 23:22:51.156000
XRPUSDT,1592212252.0,1.4598,3.7,,,True,0.5716759771749205,0.5231679193087918,3.225023654308369,-0.004573589069312114,0.002,0.9999999999999998,-0.39217585883022427,0.18875138708877723,2026-03-18 23:22:51.156000
XRPUSDT,1592212253.0,1.4598,3.5,,,True,0.5946590770617898,0.5237874429719586,3.271051539562711,-0.004823168138128348,0.002,0.9999999999999999,-0.4028563937985634,0.19371852851097707,2026-03-18 23:22:51.156000
XRPUSDT,1592212254.0,1.4598,3.6,,,True,0.6179421377258685,0.5244068934392998,3.3166404145471264,-0.005079331467919036,0.002,0.9999999999999996,-0.4135331932029569,0.19868566994826875,2026-03-18 23:22:51.156000
XRPUSDT,1592212255.0,1.4598,3.7,,,True,0.641521343808438,0.5250262688137064,3.36180843377028,-0.005342074316065093,0.002,1.0,-0.424206158337798,0.20365281140004993,2026-03-18 23:22:51.156000
XRPUSDT,1592212256.0,1.4598,3.6,,,True,0.6653930219299794,0.5256455671989924,3.4065726269487837,-0.005611391819365319,0.002,0.9999999999999992,-0.4348751905365763,0.20861995286578766,2026-03-18 23:22:51.156000
XRPUSDT,1592212257.0,1.4598,3.6,,,True,0.6895536320975176,0.5262647866999183,3.4509489929868873,-0.005887278994185715,0.002,0.9999999999999997,-0.4455401911726989,0.2135870943450109,2026-03-18 23:22:51.156000
XRPUSDT,1592212258.0,1.4598,3.7,,,True,0.7139997598228162,0.5268839254222136,3.494952584128585,-0.006169730736612584,0.002,0.9999999999999998,-0.456201061661475,0.21855423583730346,2026-03-18 23:22:51.156000
XRPUSDT,1592212259.0,1.4598,3.5,,,True,0.7387281088775577,0.5275029814726003,3.5385975815078083,-0.006458741822609405,0.002,1.0,-0.4668577034604311,0.22352137734229768,2026-03-18 23:22:51.156000
XRPUSDT,1592212260.0,1.4598,3.6,,,True,0.7637354946208129,0.5281219529588159,3.581897363145861,-0.006754306908177058,0.002,0.9999999999999997,-0.47751001807005033,0.22848851885966917,2026-03-18 23:22:51.156000
XRPUSDT,1592212261.0,1.4597,3.5,,,True,0.7834048803397908,0.5285367896569274,3.623465680406916,-0.005470009639195828,0.016,0.9999999999999997,3.09591045061321,0.23345566163629666,2026-03-18 23:22:51.172000
XRPUSDT,1592212262.0,1.4597,0.6,,,True,0.8089017971229382,0.5291556156801781,3.6660976539028005,-0.007296586419746264,0.016,0.9999999999999996,-2.9516806209205937,0.23842280444450337,2026-03-18 23:22:51.172000
XRPUSDT,1592212263.0,1.4597,3.1,,,True,0.8346694227127609,0.5297743520915359,3.708420473823616,-0.0076103514822368195,0.032,0.9999999999999999,-0.5071061872728845,0.24338994884239196,2026-03-18 23:22:51.204000
XRPUSDT,1592212264.0,1.4597,5.2,,,True,0.8607049482524418,0.5303929970026625,3.7504448604460814,-0.007930651233148948,0.032,0.9999999999999999,-0.5177440970601828,0.2483570933212397,2026-03-18 23:22:51.204000
XRPUSDT,1592212265.0,1.4597,6.9,,,True,0.8870056405311939,0.5310115485263421,3.792180982869792,-0.008257476674159697,0.032,0.9999999999999998,-0.5283722188032742,0.25332423788433883,2026-03-18 23:22:51.204000
XRPUSDT,1592212266.0,1.4597,3.8,,,True,0.9135688530381516,0.5316300047765047,3.833638500693322,-0.008590823237492067,0.032,0.9999999999999998,-0.5389978082439266,0.2582913825348868,2026-03-18 23:22:51.204000
XRPUSDT,1592212267.0,1.4597,3.6,,,True,0.9403920169478684,0.5322483638682488,3.8748265973377283,-0.00893068477756695,0.032,0.9999999999999996,-0.5496184088056011,0.2632585272759972,2026-03-18 23:22:51.204000
XRPUSDT,1592212268.0,1.4597,3.6,,,True,0.9674726373929422,0.5328666239178642,3.9157540116808645,-0.009277055030215687,0.032,0.9999999999999997,-0.5602339223829856,0.26822567211070497,2026-03-18 23:22:51.204000
XRPUSDT,1592212269.0,1.4597,3.7,,,True,0.9948082899822921,0.5334847830428551,3.956429067051298,-0.009629927612872515,0.032,0.9999999999999997,-0.5708442509233307,0.2731928170419744,2026-03-18 23:22:51.204000
XRPUSDT,1592212270.0,1.4597,3.7,,,True,1.0223966175446484,0.5341028393619622,3.996859697845766,-0.009989296024768836,0.032,0.9999999999999991,-0.5814492964257056,0.2781599620727055,2026-03-18 23:22:51.204000
XRPUSDT,1592212271.0,1.4597,3.7,,,True,1.0502353270788736,0.5347207909951867,4.037053474003495,-0.010355153647132907,0.032,0.9999999999999993,-0.5920489609438436,0.2831271072057387,2026-03-18 23:22:51.204000
XRPUSDT,1592212272.0,1.4597,3.6,,,True,1.078322186894523,0.5353386360638113,4.077017623544153,-0.010727493743391462,0.032,0.9999999999999988,-0.6026431465859617,0.28809425244386017,2026-03-18 23:22:51.204000
XRPUSDT,1592212273.0,1.4597,3.5,,,True,1.1066550239276576,0.5359563726904244,4.116759053353042,-0.011106309459376277,0.032,0.9999999999999987,-0.6132317555165061,0.2930613977898057,2026-03-18 23:22:51.204000
XRPUSDT,1592212274.0,1.4597,3.6,,,True,1.1352317212183343,0.5365739989989419,4.156284368376965,-0.011491593823532712,0.032,0.9999999999999991,-0.6238146899559032,0.29802854324626527,2026-03-18 23:22:51.204000
XRPUSDT,1592212275.0,1.4597,3.6,,,True,1.1640502155374681,0.5371915131146302,4.195599889376484,-0.011883339747133546,0.032,0.9999999999999982,-0.6343918521832662,0.30299568881588707,2026-03-18 23:22:51.204000
XRPUSDT,1592212276.0,1.4597,3.6,,,True,1.1931084951518824,0.5378089131641285,4.234711669364778,-0.012281540024494272,0.032,0.9999999999999981,-0.6449631445354013,0.3079628345012777,2026-03-18 23:22:51.204000
XRPUSDT,1592212277.0,1.4597,3.7,,,True,1.222404597717373,0.5384261972754714,4.273625508849691,-0.012686187333194243,0.032,0.9999999999999981,-0.655528469410428,0.3129299803050096,2026-03-18 23:22:51.204000
XRPUSDT,1592212278.0,1.4597,3.5,,,True,1.2519366082905081,0.5390433635781116,4.31234696998352,-0.013097274234299076,0.032,0.9999999999999982,-0.6660877292655686,0.3178971262296203,2026-03-18 23:22:51.204000
XRPUSDT,1592212279.0,1.4596,3.7,,,True,1.2751002181729343,0.5394569587927697,4.349241112010695,-0.010490335544659172,0.015,0.9999999999999976,6.303116180381474,0.3228642693055893,2026-03-18 23:22:51.219000
XRPUSDT,1592212280.0,1.4596,3.5,,,True,1.3050478743989844,0.5400739241567989,4.387581369326269,-0.01384500948440682,0.015,0.9999999999999973,-5.437378069068989,0.327831412443829,2026-03-18 23:22:51.219000
XRPUSDT,1592212281.0,1.4596,1.8,,,True,1.335226341299149,0.5406907667243969,4.425744736357835,-0.01427397328261521,0.015,0.9999999999999974,-0.6954186055589551,0.33279855565835137,2026-03-18 23:22:51.219000
XRPUSDT,1592212282.0,1.4596,2.4,,,True,1.3656338673235318,0.5413074846304128,4.463735942547432,-0.014709347966578884,0.015,0.9999999999999969,-0.7059543426852231,0.33776569894956837,2026-03-18 23:22:51.219000
XRPUSDT,1592212283.0,1.4596,3.3,,,True,1.3962687400946892,0.5419240760112185,4.5015595363778225,-0.015151125499810325,0.015,0.9999999999999969,-0.7164834718483345,0.34273284231792334,2026-03-18 23:22:51.219000
XRPUSDT,1592212284.0,1.4596,1.9,,,True,1.427129285069367,0.5425405390047308,4.539219894670383,-0.015599297780008122,0.001,0.9999999999999969,-0.7270059758889431,0.34769998295255694,2026-03-18 23:22:51.220000
XRPUSDT,1592212285.0,1.4596,3.7,,,True,1.4582138527156925,0.5431568717504334,4.576721228416327,-0.01605385061408035,0.001,0.9999999999999967,-0.7375120618555591,0.3526671236212202,2026-03-18 23:22:51.220000
XRPUSDT,1592212286.0,1.4596,3.2,,,True,1.4895208512094655,0.5437730723893993,4.614067599334922,-0.016514787181583224,0.001,0.9999999999999966,-0.748030005740299,0.35763426432274736,2026-03-18 23:22:51.220000
XRPUSDT,1592212287.0,1.4596,2.5,,,True,1.5210487115343685,0.5443891390643134,4.651262919129041,-0.01698209348135016,0.001,0.9999999999999966,-0.7585320206325056,0.36260140505603855,2026-03-18 23:22:51.220000
XRPUSDT,1592212288.0,1.4596,1.3,,,True,1.5527958974122182,0.5450050699194937,4.688310959381886,-0.017455760952321236,0.001,0.9999999999999962,-0.7690270214380117,0.36756854582005904,2026-03-18 23:22:51.220000
XRPUSDT,1592212289.0,1.4596,3.6,,,True,1.5847609041802044,0.5456208631009141,4.72521535825949,-0.017935780919516236,0.001,0.9999999999999961,-0.7795149113015705,0.3725356866138307,2026-03-18 23:22:51.220000
XRPUSDT,1592212290.0,1.4596,0.8,,,True,1.6169422577212975,0.5462365167562262,4.761979626808985,-0.018422144594297484,0.001,0.9999999999999966,-0.7899955934390833,0.3775028274364303,2026-03-18 23:22:51.220000
XRPUSDT,1592212291.0,1.4596,2.8,,,True,1.6493385134446383,0.5468520290347817,4.798607154881918,-0.0189148430746365,0.398,0.9999999999999962,-0.8004689711394465,0.3824700653306095,2026-03-18 23:22:51.618000
XRPUSDT,1592212292.0,1.4596,3.7,,,True,1.6819486708813003,0.5474673980876532,4.835101319665235,-0.01941411711297628,0.398,0.999999999999995,-0.8113408303683798,0.38743730461782155,2026-03-18 23:22:51.618000
XRPUSDT,1592212293.0,1.4596,3.7,,,True,1.7147709374887676,0.5480826220676576,4.87146518484996,-0.019919474679514527,0.398,0.9999999999999905,-0.821420463055865,0.39240454534523656,2026-03-18 23:22:51.618000
XRPUSDT,1592212294.0,1.4596,3.7,,,True,1.747803951866458,0.5486976991293769,4.9077018089455375,-0.020431140322468292,0.398,0.9999999999999849,-0.8318724185933175,0.3973717875588625,2026-03-18 23:22:51.618000
XRPUSDT,1592212295.0,1.4596,3.6,,,True,1.7810463785051067,0.5493126274291806,4.943814149714254,-0.02094910470530828,0.398,0.999999999999976,-0.8423167107536568,0.40233903130363563,2026-03-18 23:22:51.618000
XRPUSDT,1592212296.0,1.4596,3.6,,,True,1.8144969069767467,0.549927405125247,4.97980506858088,-0.021473358379724024,0.398,0.999999999999964,-0.8527532436036589,0.4073062766234843,2026-03-18 23:22:51.618000
XRPUSDT,1592212297.0,1.4596,3.5,,,True,1.8481542511596347,0.5505420303775852,5.015677334798788,-0.02200389178584935,0.398,0.9999999999999479,-0.863181921190183,0.4122735235613851,2026-03-18 23:22:51.618000
XRPUSDT,1592212298.0,1.4596,3.7,,,True,1.8820171484962909,0.551156501348057,5.051433629388733,-0.02254069525254815,0.398,0.9999999999999286,-0.8736026476345867,0.41724077215941846,2026-03-18 23:22:51.618000
XRPUSDT,1592212299.0,1.4596,3.6,,,True,1.9160843592828691,0.5517708162003981,5.0870765488652525,-0.023083758997707045,0.398,0.9999999999999051,-0.8840153271393907,0.42220802245881545,2026-03-18 23:22:51.618000
XRPUSDT,1592212300.0,1.4596,3.6,,,True,1.950354665988168,0.5523849731002398,5.12260860876443,-0.023633073128528758,0.398,0.9999999999998773,-0.8944198639847889,0.42717527450000786,2026-03-18 23:22:51.618000
XRPUSDT,1592212301.0,1.4596,3.7,,,True,1.9848268726007128,0.5529989702151308,5.158032246985829,-0.02418862764183058,0.398,0.999999999999845,-0.9048161625327499,0.43214252832266764,2026-03-18 23:22:51.618000
XRPUSDT,1592212302.0,1.4596,3.5,,,True,2.0194998040024403,0.5536128057145582,5.193349826960339,-0.024750412424343577,0.398,0.9999999999998085,-0.9152041272247177,0.4371097839657498,2026-03-18 23:22:51.618000
XRPUSDT,1592212303.0,1.4595,3.5,,,True,2.046646028123527,0.5540241310881007,5.226654706009549,-0.0196732879307289,0.146,0.9999999999997649,12.343329199189737,0.4420769583985237,2026-03-18 23:22:51.764000
XRPUSDT,1592212304.0,1.4595,1.0,,,True,2.0816732957992117,0.5546376925743807,5.261756706551477,-0.02576599419137182,0.146,0.9999999999997283,-9.930066337088329,0.4470441335572866,2026-03-18 23:22:51.764000
XRPUSDT,1592212305.0,1.4595,2.7,,,True,2.1168981114665053,0.5552510875669532,5.2967593897605845,-0.026345054838146503,0.146,0.9999999999996931,-0.9440257155445023,0.45201130962843167,2026-03-18 23:22:51.764000
XRPUSDT,1592212306.0,1.4595,6.8,,,True,2.15231937536057,0.5558643142426042,5.331664849195843,-0.026930307793524778,0.146,0.999999999999658,-0.9543827407001978,0.45697848661861673,2026-03-18 23:22:51.764000
XRPUSDT,1592212307.0,1.4595,0.1,,,True,2.1879360042545684,0.5564773707801582,5.366475117141408,-0.02752174118783296,0.146,0.999999999999623,-0.9647289574104433,0.4619456645345865,2026-03-18 23:22:51.764000
XRPUSDT,1592212308.0,1.4595,3.8,,,True,2.2237469326472348,0.5570902553604993,5.40119216734879,-0.028119344271549225,0.146,0.9999999999995889,-0.9750662733001624,0.46691284338316275,2026-03-18 23:22:51.764000
XRPUSDT,1592212309.0,1.4595,2.1,,,True,2.2597511122847758,0.5577029661665919,5.4358179172506,-0.02872310618707469,0.146,0.9999999999995549,-0.9853945932107819,0.4718800231712429,2026-03-18 23:22:51.764000
XRPUSDT,1592212310.0,1.4595,1.5,,,True,2.295947511700628,0.5583155013835027,5.470354230068563,-0.029333015969055624,0.146,0.9999999999995212,-0.995713822066991,0.476847203905793,2026-03-18 23:22:51.764000
XRPUSDT,1592212311.0,1.4595,3.0,,,True,2.332335115772229,0.5589278591984207,5.504802916821931,-0.029949062544716104,0.146,0.9999999999994876,-1.0060238648918027,0.48181438559384515,2026-03-18 23:22:51.764000
XRPUSDT,1592212312.0,1.4595,0.6,,,True,2.368912925293997,0.5595400378006792,5.539165738241927,-0.03057123473418736,0.001,0.9999999999994544,-1.0163246267933939,0.4867815106115415,2026-03-18 23:22:51.765000
XRPUSDT,1592212313.0,1.4595,5.4,,,True,2.4056796776585365,0.5601520353817759,5.573444337879905,-0.03119928282601379,0.001,0.9999999999994278,-1.026226428380501,0.4917486359751383,2026-03-18 23:22:51.765000
XRPUSDT,1592212314.0,1.4595,3.7,,,True,2.442634677236995,0.5607638501353943,5.607640448579438,-0.03183365993957131,0.336,0.9999999999994037,-1.0368777637441784,0.49671590041252195,2026-03-18 23:22:52.101000
XRPUSDT,1592212315.0,1.4595,3.7,,,True,2.4797776486117358,0.5613754802574243,5.6417558578905,-0.03247472568393576,0.336,0.9999999999993681,-1.048126508610667,0.5016831666388396,2026-03-18 23:22:52.101000
XRPUSDT,1592212316.0,1.4595,3.7,,,True,2.5171069877531833,0.5619869239459832,5.675791979107636,-0.0331213035672181,0.336,0.9999999999993278,-1.0574610473228376,0.5066504346847811,2026-03-18 23:22:52.101000
XRPUSDT,1592212317.0,1.4595,3.6,,,True,2.554621769299245,0.5625981794014355,5.7097503473359055,-0.033773950080121976,0.336,0.9999999999992825,-1.0677148270535617,0.511617704580557,2026-03-18 23:22:52.101000
XRPUSDT,1592212318.0,1.4595,3.6,,,True,2.5923210815434037,0.5632092448264152,5.743632457179568,-0.03443265341662597,0.336,0.9999999999992321,-1.0779587742603738,0.5165849763559538,2026-03-18 23:22:52.101000
XRPUSDT,1592212319.0,1.4595,3.5,,,True,2.6302040261024473,0.5638201184258447,5.7774397641294435,-0.03509740166624068,0.336,0.999999999999177,-1.0881927950979804,0.5215522500403535,2026-03-18 23:22:52.101000
XRPUSDT,1592212320.0,1.4595,3.6,,,True,2.6682697175952352,0.5644307984069564,5.811173685890222,-0.03576818281420466,0.336,0.9999999999991172,-1.0984167955576527,0.5265195256627485,2026-03-18 23:22:52.101000
XRPUSDT,1592212321.0,1.4595,3.7,,,True,2.706517283332205,0.5650412829793129,5.844835603650881,-0.0364449847418407,0.336,0.9999999999990514,-1.108630681728116,0.5314868032517578,2026-03-18 23:22:52.101000
XRPUSDT,1592212322.0,1.4595,1.7,,,True,2.7449458630151593,0.565651570354827,5.878426863301171,-0.037127795226918746,0.336,0.999999999998981,-1.1188343598010422,0.5364540828356418,2026-03-18 23:22:52.101000
XRPUSDT,1592212323.0,1.4595,3.7,,,True,2.7835546084468983,0.5662616587477829,5.911948776596919,-0.03781660194401465,0.002,0.9999999999989057,-1.1290277360607939,0.5414211996865438,2026-03-18 23:22:52.103000
XRPUSDT,1592212324.0,1.4595,3.7,,,True,2.822341840389408,0.5668715463748557,5.945402415330697,-0.03851055010476905,0.002,0.9999999999988478,-1.1378295442474242,0.5463883170135195,2026-03-18 23:22:52.103000
XRPUSDT,1592212325.0,1.4595,3.7,,,True,2.861307560872132,0.5674812314551321,5.978789229450925,-0.039211273003053375,0.002,0.9999999999987951,-1.1493194125181612,0.5513554348041946,2026-03-18 23:22:52.103000
XRPUSDT,1592212326.0,1.4595,3.6,,,True,2.9004509560858973,0.5680907122101301,6.012110434770471,-0.03991795349289127,0.002,0.9999999999987474,-1.1594795800241597,0.5563225530466394,2026-03-18 23:22:52.103000
XRPUSDT,1592212327.0,1.4595,3.7,,,True,2.939771223251838,0.5686999868638198,6.045367217167632,-0.040630578822368785,0.002,0.9999999999987048,-1.169629041946622,0.5612896717293523,2026-03-18 23:22:52.103000
XRPUSDT,1592212328.0,1.4594,3.5,,,True,2.9705226620858625,0.5691082177660282,6.07641639354869,-0.03215008188742977,0.242,0.9999999999986571,20.773775059810323,0.5662569200711888,2026-03-18 23:22:52.345000
XRPUSDT,1592212329.0,1.4594,4.2,,,True,3.0101567132904075,0.5697171442318409,6.109539297619244,-0.041915707932582015,0.242,0.9999999999986089,-16.03744720163742,0.571224169633529,2026-03-18 23:22:52.345000
XRPUSDT,1592212330.0,1.4594,6.9,,,True,3.0499654661054816,0.5703258598661237,6.14260122140243,-0.04264486240508515,0.242,0.9999999999985569,-1.1978573104373602,0.5761914208089498,2026-03-18 23:22:52.345000
XRPUSDT,1592212331.0,1.4594,65.4,,,True,3.089948161543813,0.5709343629020163,6.175603240656622,-0.04337991833862684,0.242,0.9999999999985019,-1.2079741434050701,0.5811586736152236,2026-03-18 23:22:52.345000
XRPUSDT,1592212332.0,1.4594,117.1,,,True,3.130104046519458,0.5715426515752031,6.208546404600051,-0.044120858301290436,0.612,0.9999999999984437,-1.2180729238007664,0.5861261410788738,2026-03-18 23:22:52.957000
XRPUSDT,1592212333.0,1.4594,15.3,,,True,3.1704335098962058,0.5721507241239334,6.241432014836417,-0.04486893628172073,0.078,0.9999999999983563,-1.2302446180021376,0.5910932993730735,2026-03-18 23:22:53.035000
XRPUSDT,1592212334.0,1.4594,3.8,,,True,3.210933035827701,0.5727585787890407,6.274260390702404,-0.045619766309540476,0.078,0.9999999999982916,-1.2352130713469993,0.5960604585459887,2026-03-18 23:22:53.035000
XRPUSDT,1592212335.0,1.4594,3.7,,,True,3.2516035406037838,0.573366213813962,6.30703291109942,-0.046378253578568035,0.078,0.9999999999982304,-1.2482612718477675,0.6010276185947978,2026-03-18 23:22:53.035000
XRPUSDT,1592212336.0,1.4594,3.6,,,True,3.292444308596821,0.5739736274447582,6.3397505304408055,-0.047142570423807234,0.078,0.9999999999981714,-1.2583136210449166,0.605994779516929,2026-03-18 23:22:53.035000
XRPUSDT,1592212337.0,1.4594,3.6,,,True,3.3334546330913994,0.5745808179301333,6.372414181170385,-0.04791270312732442,0.078,0.9999999999981157,-1.2683543666556112,0.6109619413100312,2026-03-18 23:22:53.035000
XRPUSDT,1592212338.0,1.4594,3.7,,,True,3.3746338161007876,0.5751877835214529,6.40502477440124,-0.0486886378734643,0.078,0.9999999999980627,-1.2783834161881034,0.6159291039719608,2026-03-18 23:22:53.035000
XRPUSDT,1592212339.0,1.4594,3.7,,,True,3.415981168188749,0.5757945224727654,6.437583200531061,-0.049470360749393906,0.078,0.999999999998012,-1.2884006774884313,0.6208962675007761,2026-03-18 23:22:53.035000
XRPUSDT,1592212340.0,1.4594,3.7,,,True,3.4574960082964155,0.5764010330408196,6.470090329835084,-0.05025785774551181,0.078,0.9999999999979635,-1.2984060585199488,0.625863431894726,2026-03-18 23:22:53.035000
XRPUSDT,1592212341.0,1.4594,1.9,,,True,3.4991776635740255,0.5770073134850845,6.502547013037629,-0.051051114755861736,0.078,0.9999999999979174,-1.308399467364826,0.630830597152244,2026-03-18 23:22:53.035000
XRPUSDT,1592212342.0,1.4594,3.6,,,True,3.5410254692173546,0.5776133620677688,6.534954081863145,-0.05185011757854875,0.029,0.9999999999978727,-1.3183808122247658,0.6357977300444325,2026-03-18 23:22:53.064000
XRPUSDT,1592212343.0,1.4594,3.0,,,True,3.5830385840383,0.5782191770538397,6.567312304627471,-0.05265461969988103,0.029,0.9999999999978338,-1.3279666892196758,0.6407648635323797,2026-03-18 23:22:53.064000
XRPUSDT,1592212344.0,1.4594,0.5,,,True,3.6252165401729455,0.5788247567110419,6.599622520887319,-0.05346506211894711,0.004,0.9999999999977984,-1.3382920139859875,0.6457319801211547,2026-03-18 23:22:53.068000
XRPUSDT,1592212345.0,1.4594,3.7,,,True,3.667558598205835,0.5794300993099166,6.631885484647556,-0.05428108095389454,0.004,0.9999999999977671,-1.3480281025396101,0.6506990971553603,2026-03-18 23:22:53.068000
XRPUSDT,1592212346.0,1.4594,3.7,,,True,3.710064220158211,0.5800352031238204,6.664101980225052,-0.05510290882796126,0.004,0.9999999999977398,-1.3581601291929886,0.6556662146258351,2026-03-18 23:22:53.068000
XRPUSDT,1592212347.0,1.4594,3.6,,,True,3.7527327790909086,0.580640066428944,6.696272751939981,-0.05593040976471509,0.004,0.9999999999977159,-1.3680792498807726,0.6606333325236995,2026-03-18 23:22:53.068000
XRPUSDT,1592212348.0,1.4594,3.7,,,True,3.7955636552186554,0.5812446875043308,6.728398528035428,-0.056763568991300535,0.004,0.9999999999976952,-1.3779857509141429,0.6656004508403459,2026-03-18 23:22:53.068000
XRPUSDT,1592212349.0,1.4594,3.6,,,True,3.838556235775052,0.5818490646318966,6.760480021107537,-0.057602371641883324,0.004,0.9999999999976773,-1.3878795413075806,0.6705675695674266,2026-03-18 23:22:53.068000
XRPUSDT,1592212350.0,1.4594,3.7,,,True,3.8817099148811036,0.5824531960964467,6.792517928521131,-0.058446802758086225,0.004,0.9999999999976622,-1.3977605302045248,0.675534688696846,2026-03-18 23:22:53.068000
XRPUSDT,1592212351.0,1.4594,3.6,,,True,3.925024093417159,0.5830570801856952,6.824512932811413,-0.059296847289423214,0.004,0.9999999999976493,-1.407628626869152,0.68050180822075,2026-03-18 23:22:53.068000
XRPUSDT,1592212352.0,1.4594,3.6,,,True,3.9684981788981673,0.5836607151902837,6.856465702072324,-0.06015249009373952,0.004,0.9999999999976391,-1.417483740691309,0.6854689281315194,2026-03-18 23:22:53.068000
XRPUSDT,1592212353.0,1.4594,3.5,,,True,4.0121315853521375,0.5842640994037992,6.8883768903320615,-0.061013715937656456,0.004,0.9999999999976315,-1.4273257811953994,0.6904360484217579,2026-03-18 23:22:53.068000
XRPUSDT,1592212354.0,1.4594,3.6,,,True,4.05592373320168,0.5848672311227925,6.9202471379163075,-0.06188050949701269,0.004,0.9999999999976255,-1.437154658028984,0.6954031690842878,2026-03-18 23:22:53.068000
XRPUSDT,1592212355.0,1.4594,13.4,,,False,4.0998740491485535,0.5854701086467967,6.9520770717996205,-0.0627528553573088,2.323,0.9999999999976212,-1.4469702809653826,0.7003721980812697,2026-03-18 23:22:55.391000
XRPUSDT,1592212356.0,1.4593,3.5,,,True,4.1342325362716235,0.5858740125873445,6.981502011521907,-0.04951441687147226,0.577,0.9999999999974359,32.77620532219141,0.705339783005829,2026-03-18 23:22:55.968000
XRPUSDT,1592212357.0,1.4593,6.9,,,True,4.17846593779639,0.5864764617718523,7.013246508363491,-0.06432615453540719,0.577,0.9999999999973054,-24.58587055111714,0.7103073707699838,2026-03-18 23:22:55.968000
XRPUSDT,1592212358.0,1.4593,3.8,,,True,4.222855970968049,0.5870786522355392,7.044952544511095,-0.06521404079070883,0.577,0.9999999999971526,-1.4744276252160184,0.7152749625078381,2026-03-18 23:22:55.968000
XRPUSDT,1592212359.0,1.4593,3.7,,,True,4.267402098832728,0.5876805822890383,7.076620699820813,-0.06610744286041753,0.577,0.9999999999969781,-1.4842290470716357,0.7202425582736454,2026-03-18 23:22:55.968000
XRPUSDT,1592212360.0,1.4593,3.6,,,True,4.31210377711778,0.588282250246049,7.108251539223043,-0.06700632601674147,0.577,0.9999999999967805,-1.4939854214440227,0.7252101581209305,2026-03-18 23:22:55.968000
XRPUSDT,1592212361.0,1.4593,3.6,,,True,4.356960467215036,0.5888836544233548,7.139845616186194,-0.06791067436901735,0.577,0.9999999999965596,-1.5037280857063637,0.73017776210251,2026-03-18 23:22:55.968000
XRPUSDT,1592212362.0,1.4593,3.7,,,True,4.4019716360833225,0.5894847931408412,7.171403472997123,-0.06882047193932003,0.577,0.9999999999963151,-1.5134569506799,0.7351453702705101,2026-03-18 23:22:55.968000
XRPUSDT,1592212363.0,1.4593,3.7,,,True,4.447136756153308,0.5900856647215131,7.202925641032932,-0.06973570266292638,0.577,0.9999999999960463,-1.5231719273241744,0.7401129826763871,2026-03-18 23:22:55.968000
XRPUSDT,1592212364.0,1.4593,3.7,,,True,4.49245530523462,0.590686267491513,7.234412641024443,-0.07065635038878287,0.577,0.9999999999957527,-1.5328729267378014,0.7450805993709462,2026-03-18 23:22:55.968000
XRPUSDT,1592212365.0,1.4593,3.6,,,True,4.537926766425147,0.5912865997801372,7.265864983311681,-0.07158239887996486,0.577,0.999999999995434,-1.5425598601471373,0.7500482204043573,2026-03-18 23:22:55.968000
XRPUSDT,1592212366.0,1.4593,34.2,,,True,4.5835506280224685,0.5918866599198548,7.297283168091624,-0.07251383181414768,0.577,0.9999999999950901,-1.552232638917158,0.7550158458261732,2026-03-18 23:22:55.968000
XRPUSDT,1592212367.0,1.4593,3.5,,,True,4.629326383437347,0.5924864462463237,7.328667685658552,-0.07345063278406734,0.577,0.99999999999472,-1.5618911745367214,0.7599834756853469,2026-03-18 23:22:55.968000
XRPUSDT,1592212368.0,1.4593,3.6,,,True,4.675253531109225,0.5930859570984093,7.360019016637193,-0.07439278529799484,0.577,0.9999999999943239,-1.571535378634101,0.7649511100302444,2026-03-18 23:22:55.968000
XRPUSDT,1592212369.0,1.4593,3.7,,,True,4.721331574423651,0.5936851908181999,7.391337632209004,-0.07534027278020503,0.577,0.9999999999939014,-1.5811651629704766,0.7699187489086623,2026-03-18 23:22:55.968000
XRPUSDT,1592212370.0,1.4593,3.5,,,True,4.767560021631618,0.5942841457510256,7.4226239943317776,-0.07629307857145477,0.577,0.9999999999934521,-1.5907804394475795,0.7748863923678404,2026-03-18 23:22:55.968000
XRPUSDT,1592212371.0,1.4592,3.5,,,True,4.803674595661157,0.5946853945142829,7.451404821455044,-0.060099968143332023,0.3,0.9999999999929421,40.35678589179473,0.7798537589677906,2026-03-18 23:22:56.268000
XRPUSDT,1592212372.0,1.4592,6.9,,,True,4.850168027553611,0.5952838801428864,7.482620915814167,-0.07800288151364969,0.3,0.9999999999924885,-29.913689677217906,0.7848211278668182,2026-03-18 23:22:56.268000
XRPUSDT,1592212373.0,1.4592,3.8,,,True,4.896810489605844,0.5958820825822743,7.513806121621549,-0.07897035721638254,0.3,0.9999999999920357,-1.6173048436960475,0.7897884996879204,2026-03-18 23:22:56.268000
XRPUSDT,1592212374.0,1.4592,205.5,,,True,4.943601515353685,0.5964800001898168,7.544960867627762,-0.0799430998405195,0.3,0.9999999999915813,-1.6268840587165652,0.7947558744457205,2026-03-18 23:22:56.268000
XRPUSDT,1592212375.0,1.4592,3.7,,,True,4.990540635025972,0.5970776313262044,7.576085572486904,-0.08092107928024941,0.3,0.999999999991127,-1.636426518272474,0.7997232521548034,2026-03-18 23:22:56.268000
XRPUSDT,1592212376.0,1.4592,3.6,,,True,5.037627383284812,0.5976749743554641,7.607180646823578,-0.08190427839063813,0.3,0.9999999999906715,-1.6459539363959104,0.8046906328297209,2026-03-18 23:22:56.268000
XRPUSDT,1592212377.0,1.4592,3.6,,,True,5.084861299156331,0.598272027644976,7.638246493411943,-0.08289267994645819,0.3,0.9999999999902145,-1.6554662258508521,0.809658016484986,2026-03-18 23:22:56.268000
XRPUSDT,1592212378.0,1.4592,3.7,,,True,5.132241925962917,0.59886878956549,7.669283507349766,-0.08388626664269194,0.3,0.9999999999897563,-1.6649632995651897,0.8146254031350726,2026-03-18 23:22:56.268000
XRPUSDT,1592212379.0,1.4592,3.7,,,True,5.179768811256944,0.5994652584911417,7.700292076227622,-0.0848850210950098,0.3,0.9999999999892972,-1.6744450705901583,0.8195927927944164,2026-03-18 23:22:56.268000
XRPUSDT,1592212380.0,1.4592,3.7,,,True,5.227441506755907,0.6000614327994698,7.731272580293431,-0.08588892584027497,0.3,0.999999999988836,-1.6839114521399128,0.8245601854774134,2026-03-18 23:22:56.268000
XRPUSDT,1592212381.0,1.4592,3.6,,,True,5.275259568278941,0.6006573108714313,7.7622253926124705,-0.08689796333703145,0.3,0.9999999999883735,-1.6933623575624794,0.8295275811984185,2026-03-18 23:22:56.268000
XRPUSDT,1592212382.0,1.4592,3.6,,,True,5.32322255568469,0.6012528910914183,7.793150879223014,-0.08791211596600473,0.3,0.9999999999879089,-1.702797700358988,0.8344949799717445,2026-03-18 23:22:56.268000
XRPUSDT,1592212383.0,1.4592,3.6,,,True,5.371330032810483,0.6018481718472737,7.824049399287752,-0.08893136603059867,0.3,0.9999999999874422,-1.7122173941762797,0.8394623818116635,2026-03-18 23:22:56.268000
XRPUSDT,1592212384.0,1.4592,3.7,,,True,5.419581567412783,0.6024431515303074,7.85492130524112,-0.08995569575739204,0.3,0.9999999999869725,-1.7216213528006816,0.8444297867324025,2026-03-18 23:22:56.268000
XRPUSDT,1592212385.0,1.4592,3.5,,,False,5.467976731108882,0.6030378285353124,7.885766942932687,-0.09098508729664756,2.148,0.9999999999865011,-1.7310094901799604,0.8493994028151916,2026-03-18 23:22:58.416000
XRPUSDT,1592212386.0,1.4592,3.6,,,False,5.516529267501641,0.6036322012605803,7.9165900416444845,-0.09204648775920324,2.148,0.9999999999856102,-1.7857489373815996,0.8543690345724012,2026-03-18 23:22:58.416000
XRPUSDT,1592212387.0,1.4592,3.5,,,False,5.565224753020253,0.6042262681079178,7.947387580656282,-0.09308671436794537,2.148,0.999999999984458,-1.751026190746332,0.8593386822254077,2026-03-18 23:22:58.416000
XRPUSDT,1592212388.0,1.4592,3.5,,,False,5.614062772227005,0.6048200274826613,7.978159887203171,-0.09413196105944246,2.148,0.9999999999830237,-1.7603876855816556,0.8643083459865293,2026-03-18 23:22:58.416000
XRPUSDT,1592212389.0,1.4593,3.5,,,False,5.673879799514043,0.6056091559267945,8.011495853971917,-0.11633290482099454,0.003,0.9999999999813729,-28.1334983254045,0.8692753443089326,2026-03-18 23:22:58.419000
XRPUSDT,1592212390.0,1.4593,199.0,,,False,5.723015157190271,0.6062021927724403,8.042220516460707,-0.09643068056856195,0.003,0.9999999999800656,33.55984438161277,0.8742423443286839,2026-03-18 23:22:58.419000
XRPUSDT,1592212391.0,1.4593,6.9,,,False,5.7722915379664,0.6067949168611588,8.072920813855681,-0.0974909249622224,0.003,0.9999999999788299,-1.788765487754376,0.8792093460111695,2026-03-18 23:22:58.419000
XRPUSDT,1592212392.0,1.4593,3.6,,,False,5.821708539314467,0.6073873266137507,8.103597049712652,-0.0985560969034324,0.003,0.9999999999776623,-1.7980324202119897,0.8841763493290437,2026-03-18 23:22:58.419000
XRPUSDT,1592212393.0,1.4593,3.6,,,False,5.871265762223115,0.6079794204546293,8.134249522041658,-0.09962617809202233,0.003,0.9999999999765599,-1.8072830938456457,0.8891433542555718,2026-03-18 23:22:58.419000
XRPUSDT,1592212394.0,1.4593,3.5,,,False,5.920962811058478,0.6085711968118347,8.164878523398379,-0.10070114997885166,0.003,0.9999999999755192,-1.816517124654537,0.894110360764617,2026-03-18 23:22:58.419000
XRPUSDT,1592212395.0,1.4593,3.5,,,False,5.970799293516793,0.6091626541170503,8.19548434099437,-0.10178099394375742,0.003,0.9999999999745383,-1.8257344281378836,0.8990773688306223,2026-03-18 23:22:58.419000
XRPUSDT,1592212396.0,1.4593,3.6,,,False,6.0207748205779374,0.6097537908056166,8.226067256804514,-0.10286569129606662,0.003,0.9999999999736136,-1.8349349199418434,0.9040443784285961,2026-03-18 23:22:58.419000
XRPUSDT,1592212397.0,1.4593,3.5,,,False,6.07088900645989,0.6103446053165468,8.256627547671801,-0.10395522327512982,0.003,0.9999999999727426,-1.8441185158907702,0.9090113895340936,2026-03-18 23:22:58.419000
XRPUSDT,1592212398.0,1.4593,3.5,,,False,6.121141468574045,0.6109350960925412,8.287165485409474,-0.10504957105083831,0.003,0.9999999999719229,-1.853285131957608,0.9139784021232052,2026-03-18 23:22:58.419000
XRPUSDT,1592212399.0,1.4593,3.5,,,False,6.171531827481401,0.6115252615800014,8.317681336900662,-0.1061487157241486,0.003,0.9999999999711525,-1.8624346842787667,0.9189454161725387,2026-03-18 23:22:58.419000
XRPUSDT,1592212400.0,1.4594,3.5,,,False,6.23323128191927,0.6123095708474184,8.350827582763468,-0.13105983716714026,0.232,0.9999999999705519,-31.761860375604165,0.9239127558008562,2026-03-18 23:22:58.651000
XRPUSDT,1592212401.0,1.4594,5.2,,,False,6.283928475972933,0.6128989724645623,8.381306193923342,-0.10860421783748211,0.232,0.9999999999698103,38.09901207681712,0.9288800990278553,2026-03-18 23:22:58.651000
XRPUSDT,1592212402.0,1.4594,6.9,,,False,6.334762397559345,0.6134880436468383,8.411763463645874,-0.10971871129322039,0.232,0.9999999999690797,-1.891950394572265,0.9338474453205077,2026-03-18 23:22:58.651000
XRPUSDT,1592212403.0,1.4594,3.8,,,False,6.385732672634892,0.6140767828568453,8.442199638412044,-0.11083790559455753,0.232,0.999999999968361,-1.9010018057465565,0.9388147946813588,2026-03-18 23:22:58.651000
XRPUSDT,1592212404.0,1.4594,3.6,,,False,6.436838937717434,0.61466518856096,8.47261496204408,-0.11196179777500893,0.232,0.9999999999676527,-1.910063367149784,0.943782147113072,2026-03-18 23:22:58.651000
XRPUSDT,1592212405.0,1.4594,3.6,,,False,6.48808083221963,0.6152532592293526,8.503009673980728,-0.11309036852837483,0.232,0.9999999999669545,-1.9191073692735552,0.9487495026184262,2026-03-18 23:22:58.651000
XRPUSDT,1592212406.0,1.4594,3.5,,,False,6.5394579984107315,0.6158409933360001,8.533384009361198,-0.11422359848334382,0.232,0.9999999999662663,-1.9281337294395058,0.9537168612003111,2026-03-18 23:22:58.651000
XRPUSDT,1592212407.0,1.4594,3.5,,,False,6.590970081379086,0.6164283893587005,8.563738199107112,-0.11536146820400542,0.232,0.999999999965587,-1.9371423650955473,0.9586842228617255,2026-03-18 23:22:58.651000
XRPUSDT,1592212408.0,1.4595,3.5,,,False,6.654025299980588,0.6172089836822515,8.59676813305155,-0.14233457925056886,0.017,0.9999999999650558,-34.55458262091716,0.9636512570379671,2026-03-18 23:22:58.668000
XRPUSDT,1592212409.0,1.4595,6.9,,,False,6.705833256157607,0.6177955861531912,8.627087534171464,-0.1178915006138519,0.017,0.9999999999644579,41.66889818510659,0.9686182927498769,2026-03-18 23:22:58.668000
XRPUSDT,1592212410.0,1.4595,3.8,,,False,6.757774983474659,0.6183818454992734,8.657387420481651,-0.11904393880874202,0.017,0.9999999999638962,-1.9657480986724214,0.9735853299378547,2026-03-18 23:22:58.668000
XRPUSDT,1592212411.0,1.4595,3.6,,,False,6.80985013772167,0.6189677602149998,8.687668006773952,-0.12020092999559844,0.017,0.9999999999633705,-1.9746750777920727,0.9785523685831199,2026-03-18 23:22:58.668000
XRPUSDT,1592212412.0,1.4595,3.6,,,False,6.862058377915292,0.619553328798765,8.717929504143067,-0.12136245573828516,0.017,0.9999999999628779,-1.9835861671711483,0.983519408667282,2026-03-18 23:22:58.668000
XRPUSDT,1592212413.0,1.4595,3.6,,,False,6.914399365673446,0.620138549752872,8.748172119917868,-0.12252849619773687,0.017,0.999999999962418,-1.9924789966399519,0.9884864501723325,2026-03-18 23:22:58.668000
XRPUSDT,1592212414.0,1.4595,3.5,,,False,6.966872765182423,0.620723421583544,8.778396057730943,-0.12369903147427751,0.017,0.9999999999619884,-2.001353484909151,0.9934534930806336,2026-03-18 23:22:58.668000
XRPUSDT,1592212415.0,1.4595,3.6,,,False,7.0194782431645475,0.6213079428009376,8.80860151758655,-0.12487404160815532,0.017,0.9999999999615888,-2.0102095508478044,0.998420537374909,2026-03-18 23:22:58.668000
XRPUSDT,1592212416.0,1.4595,3.5,,,False,7.072215468846425,0.6218921119191573,8.838788695927047,-0.12605350658009387,0.017,0.9999999999612169,-2.0190471135021646,1.0033875830382357,2026-03-18 23:22:58.668000
XRPUSDT,1592212417.0,1.4596,3.5,,,False,7.136753576420936,0.6226683812412207,8.871699821821112,-0.15541838696914803,1.35,0.9999999999610205,-37.828211877545776,1.0083568768068012,2026-03-18 23:23:00.018000
XRPUSDT,1592212418.0,1.4596,6.9,,,False,7.189797857469306,0.6232517243039498,8.901859799230479,-0.1287177920760169,1.35,0.9999999999603393,45.77168496393013,1.013326185341606,2026-03-18 23:23:00.018000
XRPUSDT,1592212419.0,1.4596,3.8,,,False,7.242973038969435,0.6238347103484155,8.932002074568736,-0.12991235634712295,1.35,0.9999999999594834,-2.049044368121721,1.0182955054623608,2026-03-18 23:23:00.018000
XRPUSDT,1592212420.0,1.4596,3.6,,,False,7.296278751702754,0.6244173379059604,8.9621268192553,-0.13111117991377694,1.35,0.9999999999584464,-2.0576156261911787,1.0232648372888562,2026-03-18 23:23:00.018000
XRPUSDT,1592212421.0,1.4596,3.6,,,False,7.349714678682475,0.6249996055119434,8.99223421317617,-0.13231436312938927,1.35,0.9999999999572219,-2.0663749850570174,1.0282341809393416,2026-03-18 23:23:00.018000
XRPUSDT,1592212422.0,1.4596,72.5,,,False,7.4032805052370225,0.6255815117057507,9.022324433020687,-0.13352188568025433,1.35,0.999999999955804,-2.0751154803225957,1.0332035365305674,2026-03-18 23:23:00.018000
XRPUSDT,1592212423.0,1.4596,45.4,,,False,7.456975918982117,0.6261630550308098,9.052397652338362,-0.13473372719692167,1.35,0.999999999954187,-2.083837032338333,1.0381729041778167,2026-03-18 23:23:00.018000
XRPUSDT,1592212424.0,1.4596,45.4,,,False,7.510800609793272,0.6267442340346004,9.082454041594408,-0.13594986725455563,1.35,0.9999999999523653,-2.0925395613088766,1.0431422839949274,2026-03-18 23:23:00.018000
XRPUSDT,1592212425.0,1.4596,45.4,,,False,7.564754269778708,0.6273250472686677,9.112493768224114,-0.1371702853734319,1.35,0.999999999950334,-2.101222987517222,1.0481116760943188,2026-03-18 23:23:00.018000
XRPUSDT,1592212426.0,1.4596,45.4,,,False,7.618836593252751,0.6279054932886339,9.142516996686016,-0.13839496101952037,1.35,0.9999999999480882,-2.109887231477213,1.0530810805870205,2026-03-18 23:23:00.018000
XRPUSDT,1592212427.0,1.4596,3.6,,,False,7.6730472767096565,0.628485570654211,9.172523888513926,-0.13962387360499998,1.35,0.9999999999456235,-2.118532213814348,1.058050497582694,2026-03-18 23:23:00.018000
XRPUSDT,1592212428.0,1.4596,3.6,,,False,7.727386018797869,0.629065277929212,9.202514602367879,-0.14085700248883998,1.35,0.9999999999429354,-2.1271578553811654,1.0630199271896597,2026-03-18 23:23:00.018000
XRPUSDT,1592212429.0,1.4596,3.5,,,False,7.781852520294695,0.6296446136815632,9.232489294083967,-0.14209432697730146,1.35,0.9999999999400202,-2.1357640771172157,1.0679893695149159,2026-03-18 23:23:00.018000
XRPUSDT,1592212430.0,1.4596,3.6,,,False,7.836446484081411,0.6302235764833168,9.262448116723137,-0.1433358263245344,1.35,0.9999999999368738,-2.1443508002112717,1.0729588246641633,2026-03-18 23:23:00.018000
XRPUSDT,1592212431.0,1.4597,3.5,,,False,7.903231999106206,0.6309928782453701,9.295200583085187,-0.1765548224245033,0.25,0.999999999933729,-43.1807097533586,1.0779261865537613,2026-03-18 23:23:00.268000
XRPUSDT,1592212432.0,1.4597,6.9,,,False,7.958092388265919,0.6315709666460123,9.325129167165782,-0.14605510799990554,0.25,0.9999999999307265,52.75960284052505,1.082893553429533,2026-03-18 23:23:00.268000
XRPUSDT,1592212433.0,1.4597,3.8,,,False,8.013079172109881,0.6321486773712155,9.355042270665548,-0.14730892025183734,0.25,0.9999999999277934,-2.1703115369561963,1.0878609246460031,2026-03-18 23:23:00.268000
XRPUSDT,1592212434.0,1.4597,3.6,,,False,8.068192051055206,0.6327260090110255,9.384940033626027,-0.1485667814635361,0.25,0.999999999924927,-2.178749829322948,1.0928283001957961,2026-03-18 23:23:00.268000
XRPUSDT,1592212435.0,1.4597,3.6,,,False,8.123430737574978,0.6333029601596757,9.41482259588869,-0.14982869729834425,0.25,0.9999999999221254,-2.187214355600909,1.0977956800717898,2026-03-18 23:23:00.268000
XRPUSDT,1592212436.0,1.4597,3.6,,,False,8.17879494610332,0.6338795294155962,9.444690094792723,-0.15109464664841496,0.25,0.999999999919387,-2.1956587817876847,1.1027630642670987,2026-03-18 23:23:00.268000
XRPUSDT,1592212437.0,1.4597,3.6,,,False,8.23428439301322,0.6344557153814265,9.474542665217166,-0.15236460835819748,0.25,0.9999999999167084,-2.2040830306452346,1.1077304527750762,2026-03-18 23:23:00.268000
XRPUSDT,1592212438.0,1.4597,3.5,,,False,8.289898796594683,0.6350315166640256,9.504380439622219,-0.1536385612250292,0.25,0.9999999999140892,-2.212487025178835,1.1126978455893037,2026-03-18 23:23:00.268000
XRPUSDT,1592212439.0,1.4597,3.6,,,False,8.345637877033244,0.6356069318744834,9.534203548089666,-0.15491648399964558,0.25,0.999999999911526,-2.2208706884889304,1.117665242703587,2026-03-18 23:23:00.268000
XRPUSDT,1592212440.0,1.4597,3.5,,,False,8.401501356388806,0.6361819596281313,9.564012118362541,-0.15619835538678425,0.25,0.9999999999090171,-2.229233943938511,1.1226326441119474,2026-03-18 23:23:00.268000
XRPUSDT,1592212441.0,1.4598,3.5,,,False,8.46982741029144,0.6369459943102447,9.59665978823284,-0.19228770078779195,0.25,0.9999999999068777,-47.2352188269533,1.1276000505743538,2026-03-18 23:23:00.268000
XRPUSDT,1592212442.0,1.4598,6.9,,,False,8.525966014151765,0.6375201140434852,9.626443988292161,-0.1590461197155535,0.25,0.9999999999044791,57.90008450783041,1.1325674619703663,2026-03-18 23:23:00.268000
XRPUSDT,1592212443.0,1.4598,3.5,,,False,8.58222814538466,0.638093841740043,9.656213993088778,-0.16034044261805352,0.25,0.9999999999021288,-2.255988180918433,1.137534877641893,2026-03-18 23:23:00.268000
XRPUSDT,1592212444.0,1.4598,3.5,,,False,8.638613523081357,0.6386671760337376,9.685969919023197,-0.16163859263604421,0.25,0.999999999899825,-2.2642113549940457,1.142502297583798,2026-03-18 23:23:00.268000
XRPUSDT,1592212445.0,1.4598,3.6,,,False,8.695121878752493,0.6392401155626862,9.715711882805813,-0.1629405783155944,0.25,0.9999999998975675,-2.2724661395580656,1.1474697217911312,2026-03-18 23:23:00.268000
XRPUSDT,1592212446.0,1.4598,3.6,,,False,8.75175294565865,0.6398126589693145,9.745439999029252,-0.16424637808676074,0.25,0.9999999998953535,-2.2807000413405505,1.1524371502591204,2026-03-18 23:23:00.268000
XRPUSDT,1592212447.0,1.4598,3.8,,,False,8.808506458791406,0.6403848049003653,9.775154380202835,-0.16555597033763808,0.25,0.9999999998931816,-2.2889129849654246,1.1574045829831745,2026-03-18 23:23:00.268000
XRPUSDT,1592212448.0,1.4598,3.5,,,False,8.865382154854709,0.640956552006911,9.80485513678639,-0.1668693334149785,0.25,0.9999999998910504,-2.297104895336067,1.162372019958865,2026-03-18 23:23:00.268000
XRPUSDT,1592212449.0,1.4598,3.6,,,False,8.92237977224651,0.6415278989443614,9.834542377223393,-0.16818644562468832,0.25,0.9999999998889588,-2.305275697437966,1.1673394611819345,2026-03-18 23:23:00.268000
XRPUSDT,1592212450.0,1.4598,3.5,,,False,8.979499051040674,0.6420988443724742,9.864216207973474,-0.16950728523243716,0.25,0.9999999998869058,-2.3134253165220726,1.1723069066482823,2026-03-18 23:23:00.268000
XRPUSDT,1592212451.0,1.4599,7.2,,,False,9.049346228222952,0.6428574170089335,9.896771394343778,-0.20855224268503697,2.902,0.999999999885262,-51.471613364339134,1.177280387525814,2026-03-18 23:23:03.170000
XRPUSDT,1592212452.0,1.4599,5.0,,,False,9.10678082179504,0.6434274218592907,9.926433356008733,-0.1725782359097653,0.485,0.9999999998818336,63.11175554511338,1.1822483567594186,2026-03-18 23:23:03.655000
XRPUSDT,1592212453.0,1.4598,3.7,,,True,9.151635346480047,0.6438092701732036,9.953169987690934,-0.1354725509314279,3.347,0.9999999998786653,97.17388718601308,1.187222939053865,2026-03-18 23:23:07.002000
XRPUSDT,1592212454.0,1.4598,3.5,,,True,9.209293695511118,0.644378596240329,9.982803798647785,-0.17499564513536367,3.347,0.9999999998741196,-69.42084068535495,1.1921975424138858,2026-03-18 23:23:07.002000
XRPUSDT,1592212455.0,1.4598,3.7,,,True,9.267072708056288,0.6449475141624396,10.01242474888366,-0.17633749843337387,3.347,0.999999999868543,-2.3586061290391975,1.197172176107233,2026-03-18 23:23:07.002000
XRPUSDT,1592212456.0,1.4598,52.8,,,True,9.32497228857544,0.6455160226255836,10.042032968776661,-0.17768343863085695,3.347,0.9999999998618728,-2.3674936869709304,1.2021468404166422,2026-03-18 23:23:07.002000
XRPUSDT,1592212457.0,1.4598,994.1,,,True,9.382992191151349,0.646084120320224,10.071628552088203,-0.17903298419001934,1.432,0.9999999998540516,-2.3755519022422047,1.2071169816389677,2026-03-18 23:23:08.434000
XRPUSDT,1592212458.0,1.4598,171.0,,,True,9.44109684619371,0.6466518059412469,10.101203519386205,-0.1802762548397036,1.432,0.9999999998466492,-2.190068945984506,1.2120871380997442,2026-03-18 23:23:08.434000
XRPUSDT,1592212459.0,1.4598,3982.0,,,True,9.499321065987816,0.6472190781879713,10.130765982539046,-0.18163090730436757,0.003,0.9999999998389191,-2.388011175385712,1.2170538599509853,2026-03-18 23:23:08.437000
XRPUSDT,1592212460.0,1.4598,1650.2,,,True,9.557637735328678,0.6477859357641573,10.160309898914642,-0.18290460231390562,0.003,0.9999999998320819,-2.2469400834471362,1.2220205852977095,2026-03-18 23:23:08.437000
XRPUSDT,1592212461.0,1.4598,3.6,,,True,9.61607328133852,0.6483523773780155,10.189841448912441,-0.18426472179635417,0.003,0.999999999825519,-2.4011644786906405,1.2269873140980312,2026-03-18 23:23:08.437000
XRPUSDT,1592212462.0,1.4598,3.6,,,True,9.674627462625278,0.6489184017422155,10.21936071747377,-0.185628302382066,0.003,0.9999999998192223,-2.40904927765647,1.2319540463107619,2026-03-18 23:23:08.437000
XRPUSDT,1592212463.0,1.4598,3.5,,,True,9.733300039261934,0.649484007573894,10.24886778792747,-0.18699532185722717,0.003,0.9999999998131823,-2.416911917446647,1.2369207818953738,2026-03-18 23:23:08.437000
XRPUSDT,1592212464.0,1.4598,3.7,,,True,9.792090772771635,0.6500491935946643,10.27836274201483,-0.18836575797536806,0.003,0.9999999998073903,-2.4247523253904535,1.2418875208119866,2026-03-18 23:23:08.437000
XRPUSDT,1592212465.0,1.4598,3.7,,,True,9.850999426113122,0.650613958530624,10.307845659914106,-0.18973958845830086,0.003,0.9999999998018392,-2.4325704296749127,1.2468542630213617,2026-03-18 23:23:08.437000
XRPUSDT,1592212466.0,1.4598,686.0,,,True,9.9100257636664,0.6511783011123635,10.337316620264593,-0.19111679099670761,0.003,0.9999999997965191,-2.4403661587286947,1.2518210084848769,2026-03-18 23:23:08.437000
XRPUSDT,1592212467.0,1.4598,3.6,,,True,9.96916955121858,0.6517422200749751,10.366775700190278,-0.19249734325067397,0.003,0.9999999997914241,-2.4481394411227715,1.256787757164527,2026-03-18 23:23:08.437000
XRPUSDT,1592212468.0,1.4598,5.4,,,True,10.028430555949923,0.652305714158059,10.396222975323052,-0.19388122285029394,0.003,0.9999999997865452,-2.4558902057073047,1.2617545090229008,2026-03-18 23:23:08.437000
XRPUSDT,1592212469.0,1.4598,3.6,,,True,10.087808546420085,0.6528687821057338,10.425658519825523,-0.19526840739617296,0.003,0.9999999997818764,-2.4636183814181347,1.2667212640231773,2026-03-18 23:23:08.437000
XRPUSDT,1592212470.0,1.4598,3.5,,,True,10.147303292554554,0.6534314226666427,10.45508240641343,-0.19665887446004435,0.003,0.9999999997774094,-2.471323897490419,1.2716880221291131,2026-03-18 23:23:08.437000
XRPUSDT,1592212471.0,1.4598,3.7,,,True,10.206914565631246,0.6539936345939622,10.484494706377637,-0.19805260158529242,0.003,0.9999999997731388,-2.4790066832857267,1.2766547833050264,2026-03-18 23:23:08.437000
XRPUSDT,1592212472.0,1.4598,3.7,,,True,10.266642138267324,0.6545554166454096,10.513895489605781,-0.19944956628754196,0.003,0.9999999997690572,-2.4866666684175907,1.2816215475157924,2026-03-18 23:23:08.437000
XRPUSDT,1592212473.0,1.4598,6.3,,,True,10.32648578440617,0.6551167675832507,10.543284824603495,-0.20084974605517464,0.003,0.9999999997651584,-2.494303782617297,1.286588314726822,2026-03-18 23:23:08.437000
XRPUSDT,1592212474.0,1.4598,3.6,,,True,10.386445279304532,0.6556776861743073,10.572662778515305,-0.2022531183499525,0.001,0.999999999761437,-2.501917955926821,1.2915550795216055,2026-03-18 23:23:08.438000
XRPUSDT,1592212475.0,1.4598,3.5,,,True,10.446520356318802,0.6562381711899651,10.602029407399579,-0.20365951384449676,0.001,0.9999999997578874,-2.509247268446255,1.2965218472320519,2026-03-18 23:23:08.438000
XRPUSDT,1592212476.0,1.4598,3.7,,,True,10.506710836191763,0.6567982214061802,10.631384785431997,-0.20506920097591405,0.001,0.9999999997545036,-2.5170727384844263,1.3014886178249678,2026-03-18 23:23:08.438000
XRPUSDT,1592212477.0,1.4598,3.5,,,True,10.567016498043191,0.6573578356034872,10.660728975795251,-0.20648201284402756,0.001,0.9999999997512807,-2.524617629274475,1.3064553912676642,2026-03-18 23:23:08.438000
XRPUSDT,1592212478.0,1.4598,3.5,,,True,10.627437122256586,0.6579170125670062,10.690062040390897,-0.2078979268095104,0.001,0.9999999997482125,-2.532139300897089,1.3114221675279487,2026-03-18 23:23:08.438000
XRPUSDT,1592212479.0,1.4597,3.6,,,True,10.674642092087977,0.6582915730401216,10.716385883995622,-0.16316404444589883,0.002,0.9999999997445531,119.43033388315436,1.3163889493528946,2026-03-18 23:23:08.440000
XRPUSDT,1592212480.0,1.4597,3.6,,,True,10.735266881677529,0.6588500170035216,10.745693597582719,-0.21044427642209318,0.002,0.999999999741774,-84.66423683468034,1.3213557339355184,2026-03-18 23:23:08.440000
XRPUSDT,1592212481.0,1.4597,815.9,,,True,10.796006029484477,0.6594080205115856,10.774990389577344,-0.21186888482492808,0.002,0.9999999997391351,-2.553045603203413,1.3263225212506913,2026-03-18 23:23:08.440000
XRPUSDT,1592212482.0,1.4597,1027.7,,,True,10.85685932066629,0.6599655823663225,10.804276316894468,-0.2132965109761042,0.002,0.9999999997366315,-2.560480310924134,1.3312893112681996,2026-03-18 23:23:08.440000
XRPUSDT,1592212483.0,1.4597,795.8,,,True,10.917826541486502,0.6605227013743603,10.833551435237963,-0.2147271317750944,0.002,0.9999999997342586,-2.567890842620769,1.33625610395827,2026-03-18 23:23:08.440000
XRPUSDT,1592212484.0,1.4597,994.1,,,True,10.978907479405096,0.66107937634695,10.862815799141046,-0.21616072445192602,0.002,0.9999999997320123,-2.575277760669582,1.3412228992915833,2026-03-18 23:23:08.440000
XRPUSDT,1592212485.0,1.4597,5.0,,,True,11.04010192306736,0.661635606099974,10.892069461983562,-0.21759726621589714,0.936,0.9999999997298884,-2.582640997108425,1.346192400442094,2026-03-18 23:23:09.376000
XRPUSDT,1592212486.0,1.4597,311.7,,,True,11.10143178986905,0.6621913894539517,10.92131742573533,-0.21911594516066724,0.521,0.9999999997272628,-2.7325016733603724,1.3511607031355042,2026-03-18 23:23:09.897000
XRPUSDT,1592212487.0,1.4597,3.7,,,True,11.162864975704238,0.6627467252340464,10.950552600669557,-0.2205239343388437,1.055,0.9999999997247271,-2.535383507859638,1.3561305790471272,2026-03-18 23:23:10.952000
XRPUSDT,1592212488.0,1.4597,6.9,,,True,11.22442399054378,0.6633016122700711,10.9797801156275,-0.22201640033617404,1.055,0.9999999997217757,-2.689675376131742,1.361100466697765,2026-03-18 23:23:10.952000
XRPUSDT,1592212489.0,1.4597,3.5,,,True,11.286095846096343,0.6638560493964952,11.008997160300618,-0.22346597779203398,1.055,0.9999999997185872,-2.6145028656524314,1.3660703661514477,2026-03-18 23:23:10.952000
XRPUSDT,1592212490.0,1.4597,3.7,,,True,11.347880337689265,0.6644100354524497,11.038203782628347,-0.22491840169002225,1.055,0.9999999997151611,-2.6217697762913468,1.3710402774686423,2026-03-18 23:23:10.952000
XRPUSDT,1592212491.0,1.4597,3.7,,,True,11.409777261744543,0.6649635692817341,11.067400029487692,-0.2263736490613078,1.055,0.9999999997114966,-2.6290125269615077,1.3760102007090578,2026-03-18 23:23:10.952000
XRPUSDT,1592212492.0,1.4597,3.7,,,True,11.471786415791602,0.6655166497328215,11.09658594671375,-0.22783169700206785,1.055,0.9999999997075932,-2.636231199083575,1.3809801359316554,2026-03-18 23:23:10.952000
XRPUSDT,1592212493.0,1.4597,3.6,,,True,11.53390759845728,0.6660692756588654,11.12576157911487,-0.22929252259154714,1.055,0.9999999997034507,-2.6434257254939215,1.3859500831946545,2026-03-18 23:23:10.952000
XRPUSDT,1592212494.0,1.4597,3.6,,,True,11.596140609455931,0.6666214459177046,11.154926970487555,-0.23075610289267987,1.055,0.9999999996990684,-2.6505960393623975,1.39092004255554,2026-03-18 23:23:10.952000
XRPUSDT,1592212495.0,1.4597,3.6,,,True,11.658485249579662,0.6671731593718678,11.184082163631132,-0.2322224149525343,1.055,0.999999999694445,-2.6577420738782456,1.3958900140710755,2026-03-18 23:23:10.952000
XRPUSDT,1592212496.0,1.4597,3.6,,,True,11.720941320688675,0.6677244148885818,11.213227200362185,-0.23369143580296461,1.055,0.999999999689582,-2.664863762610716,1.4008599977973104,2026-03-18 23:23:10.952000
XRPUSDT,1592212497.0,1.4597,151.0,,,True,11.783508625701737,0.6682752113397746,11.242362121528771,-0.23516314246106762,1.055,0.9999999996844782,-2.671961039174858,1.4058299937895804,2026-03-18 23:23:10.952000
XRPUSDT,1592212498.0,1.4597,227.3,,,True,11.846186968586798,0.6688255476020813,11.271486967024384,-0.2366375119297788,0.016,0.9999999996791324,-2.6790338374785856,1.4107967317065335,2026-03-18 23:23:10.968000
XRPUSDT,1592212499.0,1.4597,3.5,,,True,11.908948742370953,0.6693754225568503,11.300595709338898,-0.23801038081326795,0.016,0.9999999996744193,-2.496692878230649,1.4157634729482096,2026-03-18 23:23:10.968000
XRPUSDT,1592212500.0,1.4597,3.7,,,True,11.971820991976015,0.6699248350901468,11.329694424910436,-0.2394884232380805,0.016,0.9999999996698975,-2.6902233480994973,1.4207302174824197,2026-03-18 23:23:10.968000
XRPUSDT,1592212501.0,1.4597,3.6,,,True,12.034803523595391,0.6704737840927587,11.358783150792824,-0.24096904787313736,0.016,0.9999999996655606,-2.6971988800634588,1.4256969652775249,2026-03-18 23:23:10.968000
XRPUSDT,1592212502.0,1.4597,3.6,,,True,12.097896144439988,0.6710222684602017,11.38786192314106,-0.2424522316634921,0.016,0.9999999996614021,-2.7041496137240255,1.4306637163023135,2026-03-18 23:23:10.968000
XRPUSDT,1592212503.0,1.4597,3.7,,,True,12.16109866272858,0.6715702870927239,11.416930777224053,-0.24393795154050957,0.016,0.9999999996574181,-2.711075479641307,1.4356304705260194,2026-03-18 23:23:10.968000
XRPUSDT,1592212504.0,1.4597,3.6,,,True,12.224410887679076,0.6721178388953103,11.445989747437356,-0.245426184425305,0.016,0.9999999996536029,-2.7179764138584814,1.4405972279182926,2026-03-18 23:23:10.968000
XRPUSDT,1592212505.0,1.4597,3.7,,,True,12.287832629499857,0.6726649227776879,11.475038867315666,-0.24691690722921392,0.016,0.9999999996499508,-2.7248523524955655,1.4455639884492038,2026-03-18 23:23:10.968000
XRPUSDT,1592212506.0,1.4597,3.7,,,True,12.351363699381242,0.6732115376543298,11.504078169545153,-0.24841009685439258,0.016,0.9999999996464575,-2.731703231993562,1.450530752089233,2026-03-18 23:23:10.968000
XRPUSDT,1592212507.0,1.4597,3.6,,,True,12.415003909487035,0.6737576824444603,11.533107685975596,-0.24990573019430778,0.016,0.9999999996431186,-2.7385289889112743,1.4554975188092678,2026-03-18 23:23:10.968000
XRPUSDT,1592212508.0,1.4597,3.5,,,True,12.478753072946215,0.6743033560720586,11.56212744763234,-0.25140378413432224,0.016,0.9999999996399281,-2.7453295601034995,1.4604642885805872,2026-03-18 23:23:10.968000
XRPUSDT,1592212509.0,1.4597,3.6,,,True,12.542611003844662,0.6748485574658633,11.591137484728046,-0.252904235552161,0.016,0.999999999636882,-2.7521048825058565,1.4654310613748611,2026-03-18 23:23:10.968000
XRPUSDT,1592212510.0,1.4596,3.5,,,True,12.592488081736162,0.6752137194656131,11.617048521516582,-0.19831688480680992,2.465,0.9999999996330278,149.48803759081872,1.470406122246012,2026-03-18 23:23:13.433000
XRPUSDT,1592212511.0,1.4596,3.7,,,True,12.656610125154042,0.6757581297301154,11.646052217451198,-0.2558889001795701,2.465,0.9999999996283505,-105.75115703484755,1.4753812005495606,2026-03-18 23:23:13.433000
XRPUSDT,1592212512.0,1.4596,6.9,,,True,12.72084070822327,0.6763020649236317,11.675046333604401,-0.2573996339377221,2.465,0.999999999622789,-2.7774149864910846,1.4803563034770129,2026-03-18 23:23:13.433000
XRPUSDT,1592212513.0,1.4596,3.8,,,True,12.785179791070382,0.6768455239924044,11.704030927900511,-0.25891326543713034,2.465,0.9999999996163145,-2.7851803132596724,1.4853314311918644,2026-03-18 23:23:13.433000
XRPUSDT,1592212514.0,1.4596,3.6,,,True,12.849627194222226,0.6773885058874537,11.733006026690518,-0.26042921223592325,2.465,0.9999999996088983,-2.791891981325163,1.4903065838555078,2026-03-18 23:23:13.433000
XRPUSDT,1592212515.0,1.4596,0.2,,,True,12.914182739107488,0.6779310095645824,11.761971655575842,-0.26194745118139384,2.465,0.9999999996005138,-2.7985781654165263,1.4952817616271927,2026-03-18 23:23:13.433000
XRPUSDT,1592212516.0,1.4596,333.8,,,True,12.978846248048532,0.6784730339843783,11.790927839418789,-0.2634679591128729,0.07,0.9999999995911371,-2.805238797269742,1.500248578266768,2026-03-18 23:23:13.503000
XRPUSDT,1592212517.0,1.4596,52.3,,,True,13.043545114748586,0.6790145781122188,11.819858816574367,-0.26469392129103364,0.003,0.9999999995832198,-2.2638269258860695,1.5052151633113362,2026-03-18 23:23:13.506000
XRPUSDT,1592212518.0,1.4596,299.9,,,True,13.108349127895995,0.6795556409182731,11.848779887631007,-0.26620633779412806,0.003,0.9999999995756214,-2.7952697656738104,1.5101817521121863,2026-03-18 23:23:13.506000
XRPUSDT,1592212519.0,1.4596,181.7,,,True,13.173260140045182,0.6800962213775076,11.877691517944486,-0.26772920877526235,0.003,0.9999999995682977,-2.817103273194435,1.5151483446328715,2026-03-18 23:23:13.506000
XRPUSDT,1592212520.0,1.4596,477.0,,,True,13.238277975062601,0.680636318469687,11.906593729446536,-0.26925422851137226,0.003,0.9999999995612415,-2.8236029376795435,1.5201149408374168,2026-03-18 23:23:13.506000
XRPUSDT,1592212521.0,1.4596,454.4,,,True,13.303402457681939,0.6811759311793787,11.935486543384714,-0.2707813738291899,0.003,0.9999999995544455,-2.830076627902404,1.5250815406903186,2026-03-18 23:23:13.506000
XRPUSDT,1592212522.0,1.4596,561.4,,,True,13.368633413497008,0.6817150584959563,11.964369980332089,-0.2723106215546121,0.003,0.9999999995479023,-2.8365242835960145,1.530048144156534,2026-03-18 23:23:13.506000
XRPUSDT,1592212523.0,1.4596,3.6,,,True,13.433970668954737,0.6822536994136013,11.99324406019678,-0.2738419485131158,0.003,0.999999999541605,-2.842945844513294,1.5350147512014654,2026-03-18 23:23:13.509000
XRPUSDT,1592212524.0,1.4596,3.7,,,True,13.49941405134823,0.682791852931307,12.022108802231365,-0.2753753315304083,0.003,0.9999999995355459,-2.849341250856728,1.5399813617909748,2026-03-18 23:23:13.509000
XRPUSDT,1592212525.0,1.4596,3.7,,,True,13.564963388809899,0.6833295180528809,12.050964225042142,-0.27691074743281874,0.003,0.9999999995297193,-2.8557104428045337,1.544947975891355,2026-03-18 23:23:13.509000
XRPUSDT,1592212526.0,1.4596,3.7,,,True,13.63061851030472,0.6838666937869483,12.079810346598283,-0.2784481730479398,0.003,0.9999999995241181,-2.862053360973469,1.5499145934693312,2026-03-18 23:23:13.509000
XRPUSDT,1592212527.0,1.4596,378.3,,,True,13.696379245623488,0.684403379146953,12.108647184240835,-0.2799875852050363,0.003,0.9999999995187357,-2.8683699460014234,1.5548812144920559,2026-03-18 23:23:13.509000
XRPUSDT,1592212528.0,1.4596,3.5,,,True,13.762245425376225,0.6849395731511622,12.137474754691592,-0.28152896073564543,0.003,0.9999999995135669,-2.8746601388850412,1.5598478389270947,2026-03-18 23:23:13.509000
XRPUSDT,1592212529.0,1.4596,3.6,,,True,13.828216880985615,0.6854752748226671,12.166293074061855,-0.2830722764740059,0.003,0.9999999995086043,-2.880923880683052,1.564814466742432,2026-03-18 23:23:13.509000
XRPUSDT,1592212530.0,1.4596,3.7,,,True,13.894293444680521,0.6860104831893864,12.195102157861053,-0.28461750925765583,0.003,0.9999999995038433,-2.8871611128239847,1.5697810979064533,2026-03-18 23:23:13.509000
XRPUSDT,1592212531.0,1.4596,3.6,,,True,13.960474949489585,0.6865451972840686,12.223902021005262,-0.28616463592785935,0.003,0.9999999994992774,-2.8933717767866813,1.574747732387945,2026-03-18 23:23:13.509000
XRPUSDT,1592212532.0,1.4596,3.7,,,True,14.026761229234882,0.6870794161442931,12.25269267782559,-0.2877136333301967,0.003,0.9999999994949018,-2.899555814420956,1.5797143701560772,2026-03-18 23:23:13.509000
XRPUSDT,1592212533.0,1.4596,3.5,,,True,14.09315211852567,0.6876131388124735,12.281474142076428,-0.2892644783149872,0.003,0.9999999994907106,-2.905713167622544,1.5846810111804213,2026-03-18 23:23:13.509000
XRPUSDT,1592212534.0,1.4596,3.6,,,True,14.15964745275218,0.6881463643358591,12.31024642694365,-0.29081714773787953,0.003,0.9999999994866992,-2.911843778659002,1.5896476554309142,2026-03-18 23:23:13.509000
XRPUSDT,1592212535.0,1.4595,3.5,,,True,14.21157376795903,0.6885034743590062,12.335863196095438,-0.22790919325095726,0.447,0.9999999994816343,176.15846772525694,1.5946160294027842,2026-03-18 23:23:13.956000
XRPUSDT,1592212536.0,1.4595,3.7,,,True,14.27827004209148,0.6890358674201541,12.364618512195161,-0.2936834019202462,0.447,0.9999999994775756,-123.5444514011271,1.5995844091666465,2026-03-18 23:23:13.956000
XRPUSDT,1592212537.0,1.4595,6.9,,,True,14.345070362869924,0.6895677608161448,12.393364713135462,-0.2952420205071045,0.447,0.9999999994734963,-2.9303213738069736,1.6045527959940655,2026-03-18 23:23:13.956000
XRPUSDT,1592212538.0,1.4595,3.8,,,True,14.411974596319531,0.6900991536119919,12.4221018157284,-0.29680250237694433,0.447,0.9999999994693953,-2.936588305364852,1.6095211898878006,2026-03-18 23:23:13.956000
XRPUSDT,1592212539.0,1.4595,3.6,,,True,14.478982581815155,0.6906300448775525,12.450829830379647,-0.2983647040391185,0.447,0.999999999465273,-2.9426019290872056,1.6144895908505534,2026-03-18 23:23:13.956000
XRPUSDT,1592212540.0,1.4595,3.6,,,True,14.54609415947622,0.6911604336875297,12.479548766972336,-0.29992860238050323,0.447,0.9999999994611279,-2.9485884920010466,1.6194579988849465,2026-03-18 23:23:13.956000
XRPUSDT,1592212541.0,1.4595,3.7,,,True,14.613309170160944,0.6916903191214728,12.50825863487446,-0.3014941742961969,0.447,0.9999999994569608,-2.954547936982151,1.6244264139935212,2026-03-18 23:23:13.956000
XRPUSDT,1592212542.0,1.4595,3.7,,,True,14.68062745546066,0.6922197002637805,12.536959442946166,-0.30306139669020316,0.447,0.9999999994527721,-2.9604802074631937,1.6293948361787416,2026-03-18 23:23:13.956000
XRPUSDT,1592212543.0,1.4595,3.7,,,True,14.748048857694197,0.6927485762036993,12.565651199546972,-0.3046302464758421,0.447,0.9999999994485599,-2.9663852469443315,1.6343632654430047,2026-03-18 23:23:13.956000
XRPUSDT,1592212544.0,1.4595,3.6,,,True,14.815573219902294,0.6932769460353282,12.594333912542846,-0.30620070057628457,0.447,0.9999999994443248,-2.972262999197203,1.6393317017886238,2026-03-18 23:23:13.956000
XRPUSDT,1592212545.0,1.4595,255.9,,,True,14.883200385842114,0.6938048088576164,12.623007589313232,-0.30777273592500315,0.447,0.9999999994400666,-2.97811340814642,1.6443001452178294,2026-03-18 23:23:13.956000
XRPUSDT,1592212546.0,1.4595,51.0,,,True,14.950930199981789,0.6943321637743665,12.651672236757951,-0.3093463294663299,0.006,0.9999999994357848,-2.983936418047272,1.649266780481579,2026-03-18 23:23:13.962000
XRPUSDT,1592212547.0,1.4595,51.0,,,True,15.01874607728017,0.6948590098942351,12.680324377727516,-0.3108460507541009,0.006,0.9999999994318733,-2.846602131462811,1.6542334189861363,2026-03-18 23:23:13.962000
XRPUSDT,1592212548.0,1.4595,20.4,,,True,15.08666420910704,0.6953853463307326,12.708967490566142,-0.3124217662727751,0.006,0.99999999942813,-2.9937420429410753,1.6592000607032504,2026-03-18 23:23:13.968000
XRPUSDT,1592212549.0,1.4595,3.5,,,True,15.154684441709872,0.6959111722022246,12.737601580777094,-0.3139989660986913,0.006,0.9999999994245479,-2.999471709980235,1.6641667056050478,2026-03-18 23:23:13.968000
XRPUSDT,1592212550.0,1.4595,3.6,,,True,15.222806622027987,0.6964364866319325,12.766226653411524,-0.3155776272348959,0.006,0.9999999994211244,-3.005173752951398,1.669133353663961,2026-03-18 23:23:13.968000
XRPUSDT,1592212551.0,1.4595,3.7,,,True,15.291030597687216,0.6969612887479341,12.794842713074896,-0.3171577266971388,0.006,0.9999999994178546,-3.010848116012799,1.674100004852772,2026-03-18 23:23:13.968000
XRPUSDT,1592212552.0,1.4595,3.6,,,True,15.359356216994781,0.6974855776831642,12.823449763933366,-0.31873924151522287,0.006,0.9999999994147343,-3.0164947451919613,1.6790666591445684,2026-03-18 23:23:13.968000
XRPUSDT,1592212553.0,1.4595,3.7,,,True,15.427783328934225,0.6980093525754141,12.852047809720064,-0.32032214873336995,0.006,0.9999999994117592,-3.0221135865213773,1.6840333165127626,2026-03-18 23:23:13.968000
XRPUSDT,1592212554.0,1.4595,3.6,,,True,15.496311783160406,0.6985326125673331,12.880636853741306,-0.32190642541080644,0.006,0.9999999994089261,-3.027704586445048,1.688999976931076,2026-03-18 23:23:13.968000
XRPUSDT,1592212555.0,1.4595,3.7,,,True,15.564941429994539,0.6990553568064283,12.909216898882732,-0.32349204862215075,0.006,0.9999999994062299,-3.0332676914602783,1.6939666403735345,2026-03-18 23:23:13.968000
XRPUSDT,1592212556.0,1.4595,3.7,,,True,15.633672120419277,0.6995775844450639,12.937787947615343,-0.32507899545796826,0.006,0.9999999994036682,-3.0388028484351266,1.6989333068144692,2026-03-18 23:23:13.968000
XRPUSDT,1592212557.0,1.4595,3.6,,,True,15.702503706073859,0.7000992946404625,12.966350002001471,-0.32666724302511785,0.006,0.9999999994012362,-3.044310004208651,1.7038999762285187,2026-03-18 23:23:13.968000
XRPUSDT,1592212558.0,1.4595,3.6,,,True,15.771436039249304,0.7006204865547048,12.994903063700683,-0.32825676844737406,0.006,0.9999999993989314,-3.0497891061244284,1.7088666485906,2026-03-18 23:23:13.968000
XRPUSDT,1592212559.0,1.4594,3.5,,,True,15.825256059918917,0.7009695085153821,13.020258969223299,-0.2571201796728387,1.652,0.9999999993954288,203.81694216743844,1.7138405457301178,2026-03-18 23:23:15.620000
XRPUSDT,1592212560.0,1.4594,3.7,,,True,15.894434066007156,0.7014898329316043,13.04880657898496,-0.3314452202442222,1.652,0.9999999993920091,-142.84365340957956,1.7188144553868026,2026-03-18 23:23:15.620000
XRPUSDT,1592212561.0,1.4594,4.2,,,True,15.96371263060623,0.702009636853043,13.077345237322568,-0.3330416406150909,1.652,0.999999999388007,-3.071197243857291,1.7237883822789033,2026-03-18 23:23:15.620000
XRPUSDT,1592212562.0,1.4594,6.9,,,True,16.033091717158975,0.7025289194596057,13.105874966803,-0.3346397851465099,1.652,0.9999999993834129,-3.077600734593169,1.7287623264877778,2026-03-18 23:23:15.620000
XRPUSDT,1592212563.0,1.4594,0.7,,,True,16.102571182145798,0.7030476799360567,13.134395767066023,-0.3362391166675939,1.652,0.999999999378216,-3.08298645267984,1.7337362880935856,2026-03-18 23:23:15.620000
XRPUSDT,1592212564.0,1.4594,3.1,,,True,16.172150882664983,0.7035659174720156,13.162907637379952,-0.33783961235524096,1.652,0.9999999993724092,-3.0883438126217704,1.7387102671753172,2026-03-18 23:23:15.620000
XRPUSDT,1592212565.0,1.4594,3.6,,,True,16.241830676427863,0.7040836312619574,13.191410576646987,-0.33944124940366355,1.652,0.9999999993659848,-3.09367275807471,1.74368426381077,2026-03-18 23:23:15.620000
XRPUSDT,1592212566.0,1.4594,3.6,,,True,16.31161042175445,0.704600820505212,13.219904583408566,-0.3410440050265635,1.652,0.9999999993589338,-3.098973236206556,1.7486582780765652,2026-03-18 23:23:15.620000
XRPUSDT,1592212567.0,1.4594,20.0,,,True,16.38148997756902,0.7051174844059628,13.24838965585058,-0.34264785645737195,1.652,0.9999999993512488,-3.104245193979739,1.753632310048174,2026-03-18 23:23:15.620000
XRPUSDT,1592212568.0,1.4594,13.1,,,True,16.451469203395796,0.7056336221732465,13.276865791808603,-0.34425278094978273,1.652,0.9999999993429228,-3.1094885787120186,1.7586063597999155,2026-03-18 23:23:15.620000
XRPUSDT,1592212569.0,1.4594,6.7,,,True,16.521547959354628,0.7061492330209515,13.305332988773001,-0.34585875577823094,1.652,0.9999999993339489,-3.114703337985898,1.763580427404966,2026-03-18 23:23:15.620000
XRPUSDT,1592212570.0,1.4594,19.0,,,True,16.591726106156774,0.7066643161678173,13.333791243894002,-0.3474657582382954,1.652,0.999999999324319,-3.119889419489965,1.7685545129353777,2026-03-18 23:23:15.620000
XRPUSDT,1592212571.0,1.4595,94.9,,,False,16.677479710732424,0.7073484561962159,13.365444608889005,-0.4259976182126316,0.001,0.9999999993154676,-114.78916115778819,1.7735209529703033,2026-03-18 23:23:15.621000
XRPUSDT,1592212572.0,1.4594,3.7,,,True,16.732309107718862,0.7076929070066841,13.39066624754646,-0.27333988556990124,0.89,0.9999999993049679,443.1916778922164,1.7784915450187366,2026-03-18 23:23:16.511000
XRPUSDT,1592212573.0,1.4594,3.7,,,True,16.802751363407463,0.7082064024008673,13.419090804494958,-0.35212527759748685,0.89,0.9999999992951841,-153.4295982399304,1.7834621461143287,2026-03-18 23:23:16.511000
XRPUSDT,1592212574.0,1.4594,3.7,,,True,16.87329224342288,0.7087193670176414,13.447506374734074,-0.35373403519867774,0.89,0.9999999992851849,-3.136196042736838,1.7884327587363658,2026-03-18 23:23:16.511000
XRPUSDT,1592212575.0,1.4594,3.6,,,True,16.94393167041064,0.7092318000999824,13.475912966130494,-0.35534399653910254,0.89,0.9999999992749695,-3.141798209182091,1.7934033829063412,2026-03-18 23:23:16.511000
XRPUSDT,1592212576.0,1.4594,378.3,,,True,17.01466950804648,0.7097437008957105,13.504310573925006,-0.35695484208382355,0.89,0.9999999992645375,-3.1467924218207166,1.7983740186453456,2026-03-18 23:23:16.511000
XRPUSDT,1592212577.0,1.4594,3.5,,,True,17.085505620572413,0.7102550686574872,13.532699193053146,-0.358566549319836,0.89,0.9999999992538907,-3.1517576125890363,1.8033446659740564,2026-03-18 23:23:16.511000
XRPUSDT,1592212578.0,1.4594,3.6,,,True,17.15643987279276,0.710765902642814,13.561078818149781,-0.360179095758946,0.89,0.9999999992430282,-3.156693731092273,1.808315324912748,2026-03-18 23:23:16.511000
XRPUSDT,1592212579.0,1.4594,3.6,,,True,17.227472130070193,0.7112762021140308,13.589449443553614,-0.3617924589385385,0.89,0.9999999992319509,-3.161600727795564,1.8132859954812888,2026-03-18 23:23:16.511000
XRPUSDT,1592212580.0,1.4594,3.6,,,True,17.29860225832191,0.7117859663383135,13.617811063311658,-0.3634066164220578,0.89,0.9999999992206596,-3.16647855347345,1.818256677699128,2026-03-18 23:23:16.511000
XRPUSDT,1592212581.0,1.4594,2.0,,,True,17.3698301240158,0.7122951945876728,13.64616367118364,-0.36502154579936574,0.89,0.9999999992091542,-3.1713271589702083,1.8232273715853373,2026-03-18 23:23:16.511000
XRPUSDT,1592212582.0,1.4594,1.7,,,True,17.44115559416663,0.7128038861389517,13.674507260646365,-0.3666372246872701,0.89,0.9999999991974342,-3.1761464955377505,1.8281980771585775,2026-03-18 23:23:16.511000
XRPUSDT,1592212583.0,1.4594,3.7,,,True,17.512578536332317,0.7133120402738239,13.702841824898,-0.3682536307298473,0.89,0.9999999991855013,-3.180936514437407,1.8331687944371218,2026-03-18 23:23:16.511000
XRPUSDT,1592212584.0,1.4594,3.5,,,True,17.584098818610208,0.7138196562787912,13.731167356862356,-0.3698707415989828,0.89,0.9999999991733555,-3.1856971673690895,1.838139523438832,2026-03-18 23:23:16.511000
XRPUSDT,1592212585.0,1.4594,3.6,,,True,17.65571630963338,0.7143267334451814,13.759483849193069,-0.3714885349946192,0.89,0.9999999991609964,-3.19042840590357,1.8431102641812176,2026-03-18 23:23:16.511000
XRPUSDT,1592212586.0,1.4593,3.5,,,True,17.711632887886655,0.7146662734036423,13.784570566317562,-0.2908894934645794,0.89,0.9999999991467199,237.3771908772739,1.8480810127323775,2026-03-18 23:23:16.511000
XRPUSDT,1592212587.0,1.4593,3.5,,,True,17.783423146779416,0.7151724490360539,13.812868067832056,-0.3744137753181681,0.89,0.9999999991339177,-165.01047562413476,1.85305177066931,2026-03-18 23:23:16.511000
XRPUSDT,1592212588.0,1.4593,6.9,,,True,17.855310190780884,0.715678083961225,13.841156513126448,-0.376033324359724,0.89,0.9999999991209054,-3.2030007440801036,1.8580225404114799,2026-03-18 23:23:16.511000
XRPUSDT,1592212589.0,1.4593,5.2,,,True,17.927293951567925,0.7161831774881757,13.869435906208675,-0.3776537904993657,0.89,0.999999999107683,-3.2082496669965064,1.8629933219748005,2026-03-18 23:23:16.511000
XRPUSDT,1592212590.0,1.4593,3.5,,,True,17.999374300285496,0.7166877289307416,13.897706238388317,-0.3792748338229015,0.89,0.9999999990942506,-3.2128405287912654,1.8679641153748083,2026-03-18 23:23:16.511000
XRPUSDT,1592212591.0,1.4593,3.8,,,True,18.071551108593763,0.7171917376075697,13.925967500729,-0.3808964321980188,0.89,0.9999999990806088,-3.2174017029281496,1.8729349206266737,2026-03-18 23:23:16.511000
XRPUSDT,1592212592.0,1.4593,3.7,,,True,18.14382424866456,0.7176952028421169,13.954219684052283,-0.3825185635229622,0.89,0.9999999990667572,-3.221933141823618,1.8779057377452069,2026-03-18 23:23:16.511000
XRPUSDT,1592212593.0,1.4593,3.6,,,True,18.21619359317796,0.7181981239626463,13.982462778941438,-0.38414120572724497,0.89,0.9999999990526969,-3.2264347987109,1.8828765667448284,2026-03-18 23:23:16.511000
XRPUSDT,1592212594.0,1.4593,3.6,,,True,18.28865901531888,0.7187005003022245,14.01069677574523,-0.38576433677218674,0.89,0.999999999038428,-3.230906627299182,1.8878474076396152,2026-03-18 23:23:16.511000
XRPUSDT,1592212595.0,1.4593,435.9,,,True,18.361220388773752,0.7192023311987201,14.038921664581649,-0.3873879346512243,0.89,0.9999999990239499,-3.235348581316055,1.892818260443276,2026-03-18 23:23:16.511000
XRPUSDT,1592212596.0,1.4593,485.7,,,True,18.43387758772715,0.7197036159947977,14.067137435341577,-0.389011977390385,0.001,0.999999999009264,-3.2397606148608844,1.8977845242231857,2026-03-18 23:23:16.512000
XRPUSDT,1592212597.0,1.4593,3.5,,,True,18.506585869890955,0.7202043540379176,14.095335087600342,-0.39039667525131566,0.056,0.9999999989955848,-2.765313880094182,1.9027510784642834,2026-03-18 23:23:16.568000
XRPUSDT,1592212598.0,1.4593,3.6,,,True,18.579392314191832,0.7207045446803312,14.123524141243614,-0.3920341232963791,0.056,0.9999999989822187,-3.273647897853973,1.9077176377384606,2026-03-18 23:23:16.568000
XRPUSDT,1592212599.0,1.4593,3.6,,,True,18.652294031853767,0.7212041872790779,14.151704028023612,-0.3936571319451838,0.056,0.9999999989691974,-3.24833921862528,1.9126842020131585,2026-03-18 23:23:16.568000
XRPUSDT,1592212600.0,1.4593,3.7,,,True,18.725290898533224,0.7217032811959824,14.179874737010842,-0.3952804904224864,0.056,0.9999999989565128,-3.2526112267026908,1.9176507712561184,2026-03-18 23:23:16.568000
XRPUSDT,1592212601.0,1.4593,3.7,,,True,18.798382790372266,0.7222018257976505,14.208036257067574,-0.39690417696692604,0.056,0.9999999989441579,-3.2568531260931937,1.9226173454354056,2026-03-18 23:23:16.568000
XRPUSDT,1592212602.0,1.4593,3.7,,,True,18.871569583995647,0.7226998204554662,14.236188576851335,-0.3985281698538283,0.056,0.999999998932125,-3.261064875726227,1.9275839245193966,2026-03-18 23:23:16.568000
XRPUSDT,1592212603.0,1.4593,3.7,,,True,18.94485115650769,0.7231972645455876,14.264331684818266,-0.400152447394307,0.056,0.9999999989204074,-3.265246432181445,1.9325505084767742,2026-03-18 23:23:16.568000
XRPUSDT,1592212604.0,1.4593,3.6,,,True,19.018227385489176,0.7236941574489444,14.29246556922648,-0.4017769879356044,0.056,0.9999999989089977,-3.2693977521571647,1.9375170972765305,2026-03-18 23:23:16.568000
XRPUSDT,1592212605.0,1.4593,3.6,,,True,19.09169814899427,0.7241904985512325,14.320590218139358,-0.4034017698614065,0.056,0.9999999988978899,-3.2735187924430855,1.9424836908879655,2026-03-18 23:23:16.568000
XRPUSDT,1592212606.0,1.4593,3.5,,,True,19.165263325547482,0.7246862872429123,14.34870561942882,-0.40502677159240247,0.056,0.9999999988870769,-3.2776095103951004,1.9474502892806769,2026-03-18 23:23:16.568000
XRPUSDT,1592212607.0,1.4593,3.6,,,True,19.238922794140645,0.7251815229192026,14.37681176077855,-0.40665197158646593,0.056,0.9999999988765531,-3.2816698632003383,1.9524168924245493,2026-03-18 23:23:16.568000
XRPUSDT,1592212608.0,1.4593,3.7,,,True,19.312676434229925,0.7256762049800785,14.404908629687176,-0.40827734833912976,0.056,0.9999999988663111,-3.2856998084505835,1.9573835002897586,2026-03-18 23:23:16.568000
XRPUSDT,1592212609.0,1.4593,18.4,,,False,19.386524125732844,0.7261703328302668,14.432996213471451,-0.40990288038394374,1.032,0.999999998856345,-3.2896993039239875,1.962355440153042,2026-03-18 23:23:17.600000
XRPUSDT,1592212610.0,1.4593,3.5,,,False,19.46051829491183,0.7266639058792418,14.46108493532653,-0.41182121487352813,0.684,0.9999999988454141,-3.886627305863087,1.9673254854206081,2026-03-18 23:23:18.284000
XRPUSDT,1592212611.0,1.4593,3.6,,,False,19.53458765341298,0.727156923541222,14.48916062805516,-0.41334455299595496,0.684,0.9999999988345809,-3.0898246450409723,1.9722955404108664,2026-03-18 23:23:18.284000
XRPUSDT,1592212612.0,1.4593,3.6,,,False,19.60875084223805,0.7276493852351643,14.517227008366234,-0.4149721929596168,0.684,0.9999999988236258,-3.3051097855590337,1.9772656051245392,2026-03-18 23:23:18.284000
XRPUSDT,1592212613.0,1.4593,3.5,,,False,19.68300774344315,0.7281412903847614,14.545284062828298,-0.41659990777892575,0.684,0.9999999988125482,-3.3090013809415226,1.982235679564187,2026-03-18 23:23:18.284000
XRPUSDT,1592212614.0,1.4594,3.5,,,False,19.773741032054655,0.7287945741983247,14.576570239046102,-0.5104005365289256,0.007,0.9999999988035376,-143.58327391943928,1.9872019947255335,2026-03-18 23:23:18.291000
XRPUSDT,1592212615.0,1.4594,5.2,,,False,19.84816805806738,0.7292851804889201,14.60460157225738,-0.41994963887143877,0.007,0.9999999987931069,184.36554808075988,1.992168314274999,2026-03-18 23:23:18.291000
XRPUSDT,1592212616.0,1.4594,6.9,,,False,19.92268827279402,0.7297752283502467,14.632623508251493,-0.42157519702045876,0.007,0.9999999987829847,-3.3171416045355357,1.9971346381628285,2026-03-18 23:23:18.291000
XRPUSDT,1592212617.0,1.4594,3.6,,,False,19.99730155930105,0.7302647172264484,14.660636032956205,-0.42320073154454063,0.007,0.9999999987731637,-3.320881440035086,2.0021009663574922,2026-03-18 23:23:18.291000
XRPUSDT,1592212618.0,1.4594,3.6,,,False,20.07200780159223,0.7307536465663808,14.68863913224338,-0.4248262241780406,0.007,0.9999999987636384,-3.324596216141922,2.0070672988277756,2026-03-18 23:23:18.291000
XRPUSDT,1592212619.0,1.4594,3.6,,,False,20.14680688410414,0.7312420158236058,14.716632791832646,-0.42645165387116857,0.007,0.9999999987544014,-3.3282801263202417,2.0120336355427693,2026-03-18 23:23:18.291000
XRPUSDT,1592212620.0,1.4594,3.5,,,False,20.221698691703477,0.7317298244563872,14.74461699729416,-0.4280769996161922,0.007,0.9999999987454464,-3.3319331307364513,2.0169999764718582,2026-03-18 23:23:18.291000
XRPUSDT,1592212621.0,1.4594,3.6,,,False,20.29668310968442,0.7322170719276865,14.77259173405137,-0.4297022404478267,0.007,0.9999999987367678,-3.3355551898519855,2.021966321584739,2026-03-18 23:23:18.291000
XRPUSDT,1592212622.0,1.4594,3.5,,,False,20.371760023765948,0.7327037577051567,14.800556987383706,-0.43132735544340606,0.007,0.9999999987283591,-3.3391462639952483,2.0269326708513966,2026-03-18 23:23:18.291000
XRPUSDT,1592212623.0,1.4595,3.5,,,False,20.463494342851504,0.7333500826123867,14.831752360141422,-0.5283717902453618,0.007,0.9999999987224825,-150.14806595938856,2.031899024274914,2026-03-18 23:23:18.291000
XRPUSDT,1592212624.0,1.4595,165.0,,,False,20.53877614658455,0.7338354577155273,14.859698800008353,-0.4348791499256447,0.007,0.999999998714603,192.61935710087616,2.036865381810366,2026-03-18 23:23:18.291000
XRPUSDT,1592212625.0,1.4594,3.6,,,True,20.597545660665006,0.7341604497621977,14.884395903320053,-0.34034010040908574,0.977,0.9999999987046947,290.8965018839932,2.0418373854674727,2026-03-18 23:23:19.268000
XRPUSDT,1592212626.0,1.4594,3.5,,,True,20.673048302447622,0.7346448835227523,14.912334159675105,-0.4381564337019649,0.977,0.9999999986961302,-201.91890255731178,2.0468093981837145,2026-03-18 23:23:19.268000
XRPUSDT,1592212627.0,1.4594,3.6,,,True,20.748643018516002,0.7351287529979408,14.94026285896202,-0.4397830814503361,0.977,0.9999999986872248,-3.361749049653236,2.0517814224039794,2026-03-18 23:23:19.268000
XRPUSDT,1592212628.0,1.4594,3.7,,,True,20.824329768551298,0.7356120576834636,14.968181999417544,-0.44140989688568166,0.977,0.9999999986779765,-3.366024547404721,2.0567534581448212,2026-03-18 23:23:19.268000
XRPUSDT,1592212629.0,1.4594,3.7,,,True,20.900108441654364,0.7360947970796774,14.996091565298892,-0.443036448164746,0.977,0.9999999986683867,-3.369418969783021,2.0617255054223795,2026-03-18 23:23:19.268000
XRPUSDT,1592212630.0,1.4594,3.7,,,True,20.975978927326054,0.7365769706915892,15.02399154073882,-0.44466271465147544,0.977,0.9999999986584558,-3.3727820157582635,2.0666975642523298,2026-03-18 23:23:19.268000
XRPUSDT,1592212631.0,1.4594,3.7,,,True,21.05194111546473,0.7370585780288518,15.051881909748055,-0.4462886757545294,0.977,0.9999999986481839,-3.3761136453940224,2.0716696346499033,2026-03-18 23:23:19.268000
XRPUSDT,1592212632.0,1.4594,71.3,,,True,21.127994896363823,0.7375396186057578,15.079762656217731,-0.4479143109281706,0.977,0.9999999986375715,-3.3794138201335113,2.076641716629901,2026-03-18 23:23:19.268000
XRPUSDT,1592212633.0,1.4594,3.6,,,True,21.20414016070946,0.738020091941234,15.107633763921811,-0.44953959967253776,0.977,0.9999999986266189,-3.382682501530295,2.081613810206664,2026-03-18 23:23:19.268000
XRPUSDT,1592212634.0,1.4594,3.6,,,True,21.28037679957807,0.7384999975588357,15.135495216519459,-0.4511645215339366,0.977,0.9999999986153272,-3.3859196512833325,2.0865859153941226,2026-03-18 23:23:19.268000
XRPUSDT,1592212635.0,1.4594,3.6,,,True,21.356704704434065,0.7389793349867408,15.163346997557408,-0.4527890561053254,0.977,0.999999998603696,-3.389125231652342,2.0915580322057554,2026-03-18 23:23:19.268000
XRPUSDT,1592212636.0,1.4594,3.5,,,True,21.433123767127466,0.7394581037577447,15.191189090472273,-0.45441318302640676,0.977,0.9999999985917265,-3.392299204637082,2.0965301606546167,2026-03-18 23:23:19.268000
XRPUSDT,1592212637.0,1.4594,3.7,,,True,21.50963387989164,0.7399363034092541,15.219021478592882,-0.4560368819841337,0.977,0.9999999985794183,-3.395441532844768,2.1015023007533347,2026-03-18 23:23:19.268000
XRPUSDT,1592212638.0,1.4594,3.5,,,True,21.586234935340972,0.7404139334832808,15.246844145142534,-0.457660132712845,0.977,0.9999999985667728,-3.3985521787319533,2.106474452514121,2026-03-18 23:23:19.268000
XRPUSDT,1592212639.0,1.4593,3.5,,,True,21.646040901784588,0.7407337209926471,15.27141513177831,-0.3581632765781362,1.268,0.9999999985513451,311.13427892121655,2.111448390454951,2026-03-18 23:23:20.536000
XRPUSDT,1592212640.0,1.4593,3.7,,,True,21.722821846861873,0.7412103987510298,15.299221867791688,-0.46071846166252733,1.268,0.9999999985376062,-215.14573164133483,2.116422339235386,2026-03-18 23:23:20.536000
XRPUSDT,1592212641.0,1.4593,6.9,,,True,21.799693409854772,0.7416865057315316,15.327018834149413,-0.46234103570639484,1.268,0.9999999985233247,-3.408003054601921,2.121396301895693,2026-03-18 23:23:20.536000
XRPUSDT,1592212642.0,1.4593,2.0,,,True,21.876655578273294,0.7421620414930155,15.354806031517844,-0.4639636468718178,1.268,0.999999998508498,-3.4121748496050066,2.1263702784587992,2026-03-18 23:23:20.536000
XRPUSDT,1592212643.0,1.4593,1.6,,,True,21.953708246653655,0.7426370055989215,15.382583442544098,-0.46558571601129733,0.433,0.999999998493126,-3.415140469162694,2.1313390931871976,2026-03-18 23:23:20.969000
XRPUSDT,1592212644.0,1.4593,3.6,,,True,22.030798075299362,0.7431113976172601,15.410340888551138,-0.46688465075143576,0.433,0.9999999984784245,-2.738104120485978,2.1363079157730014,2026-03-18 23:23:20.969000
XRPUSDT,1592212645.0,1.4593,62.5,,,True,22.10797800637779,0.7435852171206065,15.438088502031517,-0.4685029588809701,0.433,0.9999999984637901,-3.4154527580748733,2.1412767461986886,2026-03-18 23:23:20.969000
XRPUSDT,1592212646.0,1.4593,181.7,,,True,22.185247935116912,0.7440584636860937,15.465826265441489,-0.47012065998853764,0.313,0.9999999984492214,-3.418305013797945,2.1462448328200527,2026-03-18 23:23:21.282000
XRPUSDT,1592212647.0,1.4593,9.3,,,True,22.26259999899458,0.744531136895407,15.493552685682737,-0.47169040243518323,0.453,0.9999999984348905,-3.3209888263530067,2.1512138063227453,2026-03-18 23:23:21.735000
XRPUSDT,1592212648.0,1.4593,34.6,,,True,22.34005091825117,0.7450032363347762,15.521270946244622,-0.4733620534945979,0.116,0.9999999984205055,-3.5408876181853626,2.156180662327168,2026-03-18 23:23:21.851000
XRPUSDT,1592212649.0,1.4593,939.1,,,True,22.41756953798742,0.7454747615949703,15.548975131961551,-0.4748431169384152,0.595,0.9999999984066523,-3.141005517302602,2.1611505552220946,2026-03-18 23:23:22.446000
XRPUSDT,1592212650.0,1.4593,629.7,,,True,22.49520906768847,0.7459457122712904,15.576675342474818,-0.476650045681586,0.595,0.9999999983923918,-3.8367685492879753,2.166120457011978,2026-03-18 23:23:22.446000
XRPUSDT,1592212651.0,1.4593,3.7,,,True,22.572938113228,0.7464160879635628,15.604365615954881,-0.4782649332910078,0.04,0.9999999983780697,-3.4331867822929723,2.1710868313152507,2026-03-18 23:23:22.486000
XRPUSDT,1592212652.0,1.4593,3.7,,,True,22.650719856954964,0.746885888276133,15.632038994234419,-0.47965258442197656,0.04,0.9999999983644872,-2.9537041458684836,2.1760532105676766,2026-03-18 23:23:22.486000
XRPUSDT,1592212653.0,1.4593,3.7,,,True,22.728590786366805,0.747355112817858,15.659702392680952,-0.48126422950942577,0.04,0.999999998351235,-3.434699049466173,2.1810195947388062,2026-03-18 23:23:22.486000
XRPUSDT,1592212654.0,1.4593,3.6,,,True,22.806550799414378,0.7478237612021005,15.687355793171713,-0.482875108744585,0.04,0.9999999983383072,-3.4372875044970344,2.1859859837986524,2026-03-18 23:23:22.486000
XRPUSDT,1592212655.0,1.4593,378.3,,,True,22.88459979440018,0.7482918330467213,15.714999177514924,-0.4844852027854891,0.04,0.999999998325698,-3.4398438175840256,2.190952377717478,2026-03-18 23:23:22.486000
XRPUSDT,1592212656.0,1.4593,3.5,,,True,22.962737669974388,0.7487593279740727,15.742632527451281,-0.4860944923306435,0.04,0.9999999983133995,-3.4423679295767555,2.195918776465817,2026-03-18 23:23:22.486000
XRPUSDT,1592212657.0,1.4593,3.7,,,True,23.040964325132787,0.7492262456109915,15.77025582465577,-0.4877029581316114,0.04,0.9999999983014072,-3.4448598077861803,2.200885180014434,2026-03-18 23:23:22.486000
XRPUSDT,1592212658.0,1.4593,3.6,,,True,23.119279659214893,0.7496925855887919,15.797869050739514,-0.48931058099340574,0.04,0.999999998289714,-3.447319420001133,2.2058515883343603,2026-03-18 23:23:22.486000
XRPUSDT,1592212659.0,1.4593,3.6,,,True,23.19768357190194,0.7501583475432584,15.82547218725156,-0.4909173417747455,0.04,0.9999999982783144,-3.4497467342096155,2.210818001396871,2026-03-18 23:23:22.486000
XRPUSDT,1592212660.0,1.4593,3.6,,,True,23.276175963214992,0.7506235311146388,15.853065215680665,-0.49252322138824745,0.04,0.9999999982672034,-3.4521417184547674,2.2157844191734806,2026-03-18 23:23:22.486000
XRPUSDT,1592212661.0,1.4593,3.7,,,True,23.354756733513046,0.7510881359476368,15.88064811745705,-0.4941282008007449,0.04,0.9999999982563743,-3.454504341120803,2.220750841635957,2026-03-18 23:23:22.486000
XRPUSDT,1592212662.0,1.4593,3.5,,,True,23.43342578349102,0.751552161691405,15.90822087395416,-0.49573226103337487,0.04,0.9999999982458223,-3.4568345704352055,2.2257172687562874,2026-03-18 23:23:22.486000
XRPUSDT,1592212663.0,1.4593,3.6,,,True,23.512183014178017,0.7520156079995375,15.935783466490369,-0.49733538316211734,0.04,0.9999999982355416,-3.4591323754473353,2.2306837005067086,2026-03-18 23:23:22.486000
XRPUSDT,1592212664.0,1.4593,3.5,,,False,23.59102832693534,0.7524784745300626,15.963335876330696,-0.4989375483177999,0.623,0.999999998225527,-3.4613977248799452,2.2356540150532473,2026-03-18 23:23:23.109000
XRPUSDT,1592212665.0,1.4593,3.6,,,False,23.670002489926237,0.7529407609454349,15.990885685864193,-0.5007979811430362,0.623,0.9999999982149889,-4.024415953771155,2.240624338101135,2026-03-18 23:23:23.109000
XRPUSDT,1592212666.0,1.4593,3.6,,,False,23.749064671562248,0.7534024669125292,16.01842528064236,-0.5024000970946167,0.623,0.9999999982043202,-3.469991868771813,2.2455946696482254,2026-03-18 23:23:23.109000
XRPUSDT,1592212667.0,1.4593,3.5,,,False,23.828214774441733,0.7538635921026311,16.045954641717437,-0.5040012024227455,0.623,0.9999999981935209,-3.4721706002983153,2.2505650096890637,2026-03-18 23:23:23.109000
XRPUSDT,1592212668.0,1.4593,3.5,,,False,23.90745270145182,0.7543241361914311,16.073473750088194,-0.5056012782194692,0.623,0.9999999981825919,-3.4743162177866536,2.255535358218017,2026-03-18 23:23:23.109000
XRPUSDT,1592212669.0,1.4594,3.5,,,False,24.00425120114523,0.7549356777249322,16.104215503893663,-0.6188829915656858,1.083,0.9999999981743469,-185.23960702665576,2.260508829903211,2026-03-18 23:23:24.192000
XRPUSDT,1592212670.0,1.4594,6.9,,,False,24.083716682168635,0.7553948667169693,16.13171959666363,-0.5092901308600802,1.083,0.9999999981625337,238.66613225943075,2.265482315376341,2026-03-18 23:23:24.192000
XRPUSDT,1592212671.0,1.4594,4.2,,,False,24.163269863333497,0.755853473559462,16.159213383306856,-0.5108884688888115,1.083,0.9999999981502673,-3.4852031863366726,2.2704558123543834,2026-03-18 23:23:24.192000
XRPUSDT,1592212672.0,1.4594,5.0,,,False,24.242910567724813,0.7563114979470819,16.186696829603807,-0.5124851801044279,1.083,0.999999998137549,-3.4860834024880902,2.2754293208474383,2026-03-18 23:23:24.192000
XRPUSDT,1592212673.0,1.4594,3.6,,,False,24.32263870004405,0.7567689395788634,16.214169916335642,-0.5140807662723172,0.026,0.9999999981243798,-3.488065049250759,2.2803955982651622,2026-03-18 23:23:24.218000
XRPUSDT,1592212674.0,1.4594,3.6,,,False,24.40237702066948,0.7572257981581968,16.241618444129784,-0.5151766319901981,0.026,0.9999999981122683,-2.39869790664722,2.2853618803811835,2026-03-18 23:23:24.218000
XRPUSDT,1592212675.0,1.4594,3.6,,,False,24.482202337575988,0.7576820733928191,16.269056565665945,-0.5167663635423396,0.026,0.999999998100459,-3.484150423937319,2.29032816716671,2026-03-18 23:23:24.218000
XRPUSDT,1592212676.0,1.4594,11.6,,,False,24.562114556021445,0.7581377649948073,16.29648426174562,-0.5183549115637025,0.026,0.9999999980889462,-3.48601557376068,2.295294458593447,2026-03-18 23:23:24.218000
XRPUSDT,1592212677.0,1.4594,3.5,,,False,24.64211358157525,0.7585928726805699,16.32390151313794,-0.5199422579559786,0.026,0.9999999980777241,-3.4878479136570992,2.3002607546332925,2026-03-18 23:23:24.218000
XRPUSDT,1592212678.0,1.4594,3.6,,,False,24.722199320114026,0.7590473961708379,16.35130830058069,-0.521528384662714,0.026,0.9999999980667873,-3.4896473795004073,2.3052270552584244,2026-03-18 23:23:24.218000
XRPUSDT,1592212679.0,1.4594,3.5,,,False,24.802371677820076,0.7595013351906584,16.37870460478173,-0.5231132736859837,0.026,0.9999999980561302,-3.491413943433264,2.310193360441215,2026-03-18 23:23:24.218000
XRPUSDT,1592212680.0,1.4595,1370.5,,,False,24.90031223361641,0.7601040785389999,16.409314879943416,-0.6402421864613628,0.652,0.9999999980486532,-194.32634652490702,2.315164056120458,2026-03-18 23:23:24.870000
XRPUSDT,1592212681.0,1.4595,1370.5,,,False,24.98072358725953,0.7605566548157384,16.43669801942936,-0.5268609120023553,0.652,0.9999999980376885,250.52412220118376,2.3201347615137378,2026-03-18 23:23:24.870000
XRPUSDT,1592212682.0,1.4595,627.2,,,False,25.06122145289209,0.7610086457374924,16.4640706160012,-0.5284437894263883,0.652,0.9999999980265631,-3.502011540166681,2.325105475306558,2026-03-18 23:23:24.870000
XRPUSDT,1592212683.0,1.4594,42.6,,,True,25.1240683178978,0.761311250658798,16.488210563353523,-0.4133971829506017,0.94,0.9999999980123496,380.18749324830384,2.33007822946714,2026-03-18 23:23:25.810000
XRPUSDT,1592212684.0,1.4595,400.7,,,False,25.22249922624987,0.7619108799203805,16.518788251628273,-0.6484095727650704,5.158,0.9999999980034325,-391.9294885546962,2.335080906484703,2026-03-18 23:23:30.968000
XRPUSDT,1592212685.0,1.4595,6.9,,,False,25.303600202920084,0.762361113243812,16.54619143337025,-0.5354573889118739,5.158,0.9999999979851015,250.87477531059022,2.340083629634897,2026-03-18 23:23:30.968000
XRPUSDT,1592212686.0,1.4595,3.8,,,False,25.384788699138713,0.7628107602123935,16.57358407977917,-0.5370525961697911,5.158,0.9999999979629177,-3.547688229611566,2.3450863890692837,2026-03-18 23:23:30.968000
XRPUSDT,1592212687.0,1.4595,3.5,,,False,25.466064237701325,0.7632598205867972,16.600966100483827,-0.5386438775710062,5.158,0.9999999979367022,-3.543580088374625,2.3500891849259533,2026-03-18 23:23:30.968000
XRPUSDT,1592212688.0,1.4595,3.6,,,False,25.547426729073184,0.7637082941319315,16.628337475358553,-0.5402337687484567,5.158,0.9999999979062779,-3.545116974456863,2.3550920173397882,2026-03-18 23:23:30.968000
XRPUSDT,1592212689.0,1.4595,3.6,,,False,25.62887608398243,0.7641561806169342,16.655698184257176,-0.5418222518295047,5.158,0.9999999978714728,-3.5466198115764827,2.3600948864426536,2026-03-18 23:23:30.968000
XRPUSDT,1592212690.0,1.4595,3.6,,,False,25.710412213421012,0.7646034798151633,16.683048207014803,-0.5434093090168319,5.158,0.9999999978321179,-3.5480886029098126,2.365097792363505,2026-03-18 23:23:30.968000
XRPUSDT,1592212691.0,1.4595,3.6,,,False,25.792035028643276,0.7650501915041882,16.710387523449125,-0.5449949225730322,5.158,0.9999999977880486,-3.549523317067089,2.370100735228291,2026-03-18 23:23:30.968000
XRPUSDT,1592212692.0,1.4595,3.6,,,False,25.87374444116447,0.7654963154657817,16.737716113361735,-0.5465790748207677,5.158,0.9999999977391052,-3.55092392275275,2.375103715160134,2026-03-18 23:23:30.968000
XRPUSDT,1592212693.0,1.4596,3.5,,,False,25.973465834277537,0.7660886520718042,16.768246156653273,-0.6682220235807339,0.15,0.9999999976884381,-205.36118741129775,2.380070259328381,2026-03-18 23:23:31.118000
XRPUSDT,1592212694.0,1.4596,6.9,,,False,26.05496973235614,0.7665334059338954,16.795481245355642,-0.5473402034651891,0.15,0.9999999976408104,271.79487446644856,2.3850368116951177,2026-03-18 23:23:31.118000
XRPUSDT,1592212695.0,1.4596,3.8,,,False,26.13655880202311,0.7669775713720914,16.822705517794084,-0.5489018505973472,0.15,0.9999999975939334,-3.5159132113041354,2.3900033719336102,2026-03-18 23:23:31.118000
XRPUSDT,1592212696.0,1.4596,3.6,,,False,26.21823294309982,0.767421148186262,16.84991895240235,-0.5504618789214846,0.15,0.9999999975477947,-3.5169293666862025,2.394969940004881,2026-03-18 23:23:31.118000
XRPUSDT,1592212697.0,1.4596,3.6,,,False,26.299992067090137,0.7678641361804321,16.877121529651106,-0.5520203480201717,0.15,0.9999999975023827,-3.5180842803798673,2.3999365158702006,2026-03-18 23:23:31.118000
XRPUSDT,1592212698.0,1.4596,150.0,,,False,26.381836085773454,0.7683065351627746,16.9043132300057,-0.5535772410694537,0.15,0.9999999974576852,-3.5192057654347266,2.404903099491106,2026-03-18 23:23:31.118000
XRPUSDT,1592212699.0,1.4596,54.5,,,False,26.463764911203235,0.7687483449455995,16.931494033927347,-0.555132541307622,0.15,0.9999999974136908,-3.5202937975336632,2.409869690829438,2026-03-18 23:23:31.118000
XRPUSDT,1592212700.0,1.4596,54.4,,,False,26.545778455705623,0.7691895653453465,16.958663921874237,-0.556686232035307,0.15,0.9999999973703878,-3.5213483523784226,2.4148362898472375,2026-03-18 23:23:31.118000
XRPUSDT,1592212701.0,1.4596,54.4,,,False,26.62787663187802,0.769630196182575,16.98582287430271,-0.5582382966156694,0.15,0.9999999973277656,-3.5223694059290303,2.4198028965068574,2026-03-18 23:23:31.118000
XRPUSDT,1592212702.0,1.4596,3.6,,,False,26.710059352587667,0.7700702372819549,17.01297087166836,-0.5597887184744565,0.15,0.9999999972858125,-3.523356934095535,2.4247695107708696,2026-03-18 23:23:31.118000
XRPUSDT,1592212703.0,1.4596,54.5,,,False,26.792326530970257,0.7705096884722591,17.040107894427152,-0.5613374811002848,0.15,0.9999999972445184,-3.524310913246535,2.4297361326021125,2026-03-18 23:23:31.118000
XRPUSDT,1592212704.0,1.4596,3.6,,,False,26.874678080428602,0.7709485495863514,17.067233923036508,-0.5628845680447927,0.15,0.9999999972038719,-3.525231319953537,2.434702761963669,2026-03-18 23:23:31.118000
XRPUSDT,1592212705.0,1.4596,3.5,,,False,26.95711391463119,0.77138682046118,17.094348937956404,-0.5644299629227172,0.15,0.9999999971638629,-3.5261181307765566,2.4396693988188787,2026-03-18 23:23:31.118000
XRPUSDT,1592212706.0,1.4596,3.6,,,False,27.039633947510865,0.7718245009377668,17.121452919650437,-0.5659736494119986,0.15,0.9999999971244815,-3.5269713223668564,2.4446360431313243,2026-03-18 23:23:31.118000
XRPUSDT,1592212707.0,1.4596,3.5,,,False,27.12223809326346,0.7722615908611979,17.148545848586906,-0.5675156112540938,0.15,0.999999997085717,-3.5277908719349322,2.449602694864825,2026-03-18 23:23:31.118000
XRPUSDT,1592212708.0,1.4596,131.8,,,True,27.20492626634648,0.7726980900806159,17.17562770523982,-0.5690558322539958,4.275,0.9999999970475602,-3.528576756576998,2.454600714424009,2026-03-18 23:23:35.393000
XRPUSDT,1592212709.0,1.4596,1655.4,,,True,27.28804545130722,0.7731339984492088,17.202759331772896,-0.5729870468415658,1.149,0.9999999970011598,-9.01844256915538,2.459574933142832,2026-03-18 23:23:36.542000
XRPUSDT,1592212710.0,1.4596,2520.2,,,True,27.370985441983123,0.7735693158242013,17.22983361595651,-0.572715201424577,1.149,0.999999996957655,0.6244763765596781,2.4645491647346303,2026-03-18 23:23:36.542000
XRPUSDT,1592212711.0,1.4596,2150.1,,,True,27.454009435966988,0.7740040420668458,17.256896769668447,-0.5742536213323435,1.149,0.9999999969137076,-3.5388245678660257,2.4695234091617513,2026-03-18 23:23:36.542000
XRPUSDT,1592212712.0,1.4596,1334.3,,,True,27.537117348655514,0.7744381770424122,17.28394877322134,-0.575790233935406,1.149,0.999999996869319,-3.5394812432644764,2.4744976664144596,2026-03-18 23:23:36.542000
XRPUSDT,1592212713.0,1.4597,3.5,,,False,27.638603807070453,0.7750145565178378,17.314179568789672,-0.704191081970643,1.215,0.9999999968287591,-222.7713746060043,2.4794724512674575,2026-03-18 23:23:37.757000
XRPUSDT,1592212714.0,1.4597,1.5,,,False,27.72190335391615,0.7754473134825033,17.341209036117256,-0.5791469723935034,1.215,0.999999996783387,288.947653733995,2.484447251245108,2026-03-18 23:23:37.757000
XRPUSDT,1592212715.0,1.4596,3.6,,,True,27.786956482192277,0.7757370421164846,17.36503989952881,-0.4530928281323442,1.499,0.9999999967331303,435.07658366024873,2.4894242586291515,2026-03-18 23:23:39.256000
XRPUSDT,1592212716.0,1.4596,3.5,,,True,27.870429554768887,0.7761688107440812,17.392052370048912,-0.5821299302306905,1.499,0.9999999966860313,-298.8570587368528,2.4944012781414178,2026-03-18 23:23:39.256000
XRPUSDT,1592212717.0,1.4596,3.7,,,True,27.953986095641856,0.7765999874908799,17.419053572265977,-0.583657733930297,1.499,0.9999999966380916,-3.543335096221482,2.4993783122221744,2026-03-18 23:23:39.256000
XRPUSDT,1592212718.0,1.4596,3.7,,,True,28.037626135223128,0.7770305722460557,17.44604350625379,-0.5851844251726502,1.499,0.999999996589309,-3.545623071885278,2.504355360868584,2026-03-18 23:23:39.256000
XRPUSDT,1592212719.0,1.4596,3.6,,,True,28.121349591018852,0.7774605649027367,17.473022152422658,-0.5867092005161488,1.499,0.9999999965396834,-3.546049728540998,2.5093324240772903,2026-03-18 23:23:39.256000
XRPUSDT,1592212720.0,1.4596,3.7,,,True,28.205156380775662,0.7778899653579897,17.49998949119975,-0.5882320444118567,1.499,0.9999999964892142,-3.5464422011633565,2.5143095018444264,2026-03-18 23:23:39.256000
XRPUSDT,1592212721.0,1.4596,3.7,,,True,28.28904642247929,0.778318773512813,17.52694550302999,-0.5897529413749396,1.499,0.9999999964379022,-3.5468004653729546,2.5192865941656266,2026-03-18 23:23:39.256000
XRPUSDT,1592212722.0,1.4596,221.1,,,True,28.37301963435338,0.7787469892721268,17.553890168376977,-0.5912718759857398,1.499,0.9999999963857452,-3.5471244991872735,2.52426370103599,2026-03-18 23:23:39.256000
XRPUSDT,1592212723.0,1.4596,3.6,,,True,28.45707593485829,0.7791746125447612,17.58082346772387,-0.592788832890241,0.061,0.9999999963327454,-3.5474142816316614,2.529229447973679,2026-03-18 23:23:39.317000
XRPUSDT,1592212724.0,1.4596,98.0,,,True,28.541087447466385,0.7796016432434494,17.60772342932903,-0.5934011423537575,0.129,0.99999999628234,-1.4338769212552556,2.5341957418152488,2026-03-18 23:23:39.446000
XRPUSDT,1592212725.0,1.4596,11.5,,,True,28.625187621414607,0.7800280812848159,17.634613030823413,-0.5949518669537046,0.269,0.9999999962326469,-3.636459343490301,2.539163156651587,2026-03-18 23:23:39.715000
XRPUSDT,1592212726.0,1.4596,971.4,,,True,28.70938285683402,0.7804539265893669,17.66149335884737,-0.5965466897193303,0.759,0.9999999961834035,-3.7450753796793945,2.5441344856755093,2026-03-18 23:23:40.474000
XRPUSDT,1592212727.0,1.4596,611.7,,,True,28.793704585649202,0.7808791790814802,17.68836977579088,-0.5983635014509974,0.759,0.9999999961336111,-4.272312956093911,2.5491058255022563,2026-03-18 23:23:40.474000
XRPUSDT,1592212728.0,1.4596,971.4,,,True,28.878108828381187,0.7813038386893958,17.715234731981734,-0.5998677092147088,0.759,0.9999999960838444,-3.5421493725166395,2.55407717611041,2026-03-18 23:23:40.474000
XRPUSDT,1592212729.0,1.4596,971.4,,,True,28.962595504797076,0.7817279053452054,17.74208820815081,-0.6013698501327236,0.759,0.9999999960341001,-3.5422283205618306,2.559048537475785,2026-03-18 23:23:40.474000
XRPUSDT,1592212730.0,1.4596,1027.8,,,True,29.047164534865455,0.7821513789848425,17.76893018504961,-0.602869909167756,0.759,0.9999999959843776,-3.5422725162249846,2.5640199095740703,2026-03-18 23:23:40.474000
XRPUSDT,1592212731.0,1.4596,623.3,,,True,29.131815838785638,0.7825742595480722,17.795760643456312,-0.6043678715642364,0.001,0.9999999959346749,-3.5422824474125063,2.568985174242438,2026-03-18 23:23:40.475000
XRPUSDT,1592212732.0,1.4596,3.6,,,True,29.21648005569154,0.7829965469784813,17.82256779564304,-0.6053683695440444,0.145,0.9999999958867828,-2.3692345728566444,2.5739516113628804,2026-03-18 23:23:40.620000
XRPUSDT,1592212733.0,1.4596,6.2,,,True,29.301239421567317,0.7834182412234681,17.849365635022096,-0.6069539495005766,0.145,0.9999999958394524,-3.7600227543576863,2.5789180563603598,2026-03-18 23:23:40.620000
XRPUSDT,1592212734.0,1.4596,358.0,,,True,29.38608068286406,0.7838393422342319,17.87615190152244,-0.6084433362473138,0.145,0.999999995792842,-3.536887133174861,2.5838845091966407,2026-03-18 23:23:40.620000
XRPUSDT,1592212735.0,1.4596,3.6,,,True,29.471003760603352,0.7842598499657648,17.90292657612523,-0.6099305695326367,0.145,0.999999995746942,-3.5367561017281295,2.5888509698335977,2026-03-18 23:23:40.620000
XRPUSDT,1592212736.0,1.4596,3.5,,,True,29.55600857603301,0.7846797643768383,17.92968963984216,-0.6114156349807579,0.145,0.9999999957017403,-3.5365908122199836,2.5938174382333425,2026-03-18 23:23:40.620000
XRPUSDT,1592212737.0,1.4596,3.6,,,True,29.641095050627595,0.7850990854299946,17.956441073716483,-0.6128985182946263,0.145,0.9999999956572255,-3.5363912751489828,2.5987839143581883,2026-03-18 23:23:40.620000
XRPUSDT,1592212738.0,1.4596,3.7,,,True,29.72626310608737,0.7855178130915381,17.983180858823765,-0.6143792052440423,0.145,0.9999999956133891,-3.5361574727545246,2.603750398170742,2026-03-18 23:23:40.620000
XRPUSDT,1592212739.0,1.4596,3.6,,,True,29.811512664337183,0.7859359473315206,18.009908976272616,-0.6158576816658677,0.145,0.9999999955702199,-3.5358893877892372,2.6087168896337998,2026-03-18 23:23:40.620000
XRPUSDT,1592212740.0,1.4596,3.7,,,True,29.896843647525408,0.7863534881237362,18.03662540720541,-0.6173339334639929,0.145,0.9999999955277077,-3.5355870028694403,2.613683388710402,2026-03-18 23:23:40.620000
XRPUSDT,1592212741.0,1.4596,3.7,,,True,29.982255978022895,0.7867704354457076,18.063330132799006,-0.6188079466095016,0.145,0.9999999954858406,-3.5352503010195213,2.618649895363827,2026-03-18 23:23:40.620000
XRPUSDT,1592212742.0,1.4596,3.7,,,True,30.067749578421843,0.7871867892786772,18.09002313426545,-0.6202797071405937,0.145,0.9999999954446124,-3.534879265058437,2.623616409557574,2026-03-18 23:23:40.620000
XRPUSDT,1592212743.0,1.4596,47.8,,,True,30.153324371534815,0.7876025496075961,18.1167043928527,-0.6217492011627941,0.145,0.9999999954040106,-3.5344738783077654,2.628582931255353,2026-03-18 23:23:40.620000
XRPUSDT,1592212744.0,1.4596,3.6,,,True,30.23898028039365,0.7880177164211138,18.143373889845282,-0.6232164148490862,0.145,0.9999999953640273,-3.5340341244049807,2.6335494604211145,2026-03-18 23:23:40.620000
XRPUSDT,1592212745.0,1.4596,3.5,,,True,30.324717228248467,0.7884322897115678,18.170031606565004,-0.6246813344397876,0.145,0.9999999953246514,-3.5335599866973078,2.6385159970190144,2026-03-18 23:23:40.620000
XRPUSDT,1592212746.0,1.4596,3.6,,,True,30.410535138566548,0.7888462694749729,18.196677524371605,-0.6261439462426281,0.145,0.9999999952858757,-3.5330514487227447,2.6434825410134364,2026-03-18 23:23:40.620000
XRPUSDT,1592212747.0,1.4595,3.5,,,True,30.4775262270951,0.7891234028138752,18.220166853022562,-0.4895510871112487,0.298,0.9999999952418871,492.8777593935416,2.6484503743134846,2026-03-18 23:23:40.918000
XRPUSDT,1592212748.0,1.4595,3.7,,,True,30.56350284610831,0.7895363912461238,18.246793139652635,-0.6289489937595517,0.298,0.9999999952039151,-337.5346517317547,2.653418215169706,2026-03-18 23:23:40.918000
XRPUSDT,1592212749.0,1.4595,6.9,,,True,30.649560228351817,0.7899487861586241,18.273407577868216,-0.6304058777958487,0.298,0.9999999951663502,-3.5327400802893356,2.6583860639214367,2026-03-18 23:23:40.918000
XRPUSDT,1592212750.0,1.4595,3.6,,,True,30.735698320315112,0.790360587560798,18.30001015281016,-0.6318605644820395,0.298,0.9999999951291858,-3.5324957091248135,2.6633539205368857,2026-03-18 23:23:40.918000
XRPUSDT,1592212751.0,1.4595,3.6,,,True,30.82191704650542,0.7907717954656983,18.32660084596831,-0.6333128783168466,0.298,0.9999999950924165,-3.531823725905757,2.6683217849844105,2026-03-18 23:23:40.918000
XRPUSDT,1592212752.0,1.4595,3.7,,,True,30.9082163316407,0.7911824098899934,18.353179638874355,-0.63476280597978,0.298,0.9999999950560369,-3.531117216406534,2.6732896572324787,2026-03-18 23:23:40.918000
XRPUSDT,1592212753.0,1.4595,3.7,,,True,30.99459610064864,0.7915924308539596,18.379746513102457,-0.6362103342183276,0.298,0.9999999950200402,-3.5303761655152726,2.678257537249702,2026-03-18 23:23:40.918000
XRPUSDT,1592212754.0,1.4595,3.7,,,True,31.08105627866567,0.792001858381471,18.40630145026987,-0.6376554498476995,0.298,0.9999999949844214,-3.529600557528946,2.6832254250047844,2026-03-18 23:23:40.918000
XRPUSDT,1592212755.0,1.4595,3.6,,,True,31.167596791036033,0.7924106924999849,18.432844432037516,-0.6390981397513226,0.298,0.9999999949491744,-3.52879037803213,2.6881933204666053,2026-03-18 23:23:40.918000
XRPUSDT,1592212756.0,1.4595,3.6,,,True,31.254217563310743,0.7928189332405364,18.45937544011063,-0.6405383908805559,0.298,0.9999999949142947,-3.527945611913671,2.6931612236041333,2026-03-18 23:23:40.918000
XRPUSDT,1592212757.0,1.4595,3.5,,,True,31.340918521246707,0.793226580637725,18.48589445623932,-0.6419761902549683,0.298,0.9999999948797761,-3.527066244819812,2.6981291343864706,2026-03-18 23:23:40.918000
XRPUSDT,1592212758.0,1.4595,3.6,,,True,31.427699590805698,0.7936336347297038,18.512401462219135,-0.6434115249620127,0.298,0.999999994845614,-3.5261522616483663,2.703097052782837,2026-03-18 23:23:40.918000
XRPUSDT,1592212759.0,1.4595,3.7,,,True,31.514560698153456,0.7940400955581692,18.538896439891687,-0.644844382157588,0.298,0.9999999948118022,-3.5252036487379326,2.7080649787625832,2026-03-18 23:23:40.918000
XRPUSDT,1592212760.0,1.4595,3.5,,,True,31.601501769658725,0.79444596316835,18.565379371145184,-0.6462747490656825,0.298,0.9999999947783363,-3.524220391613239,2.7130329122951746,2026-03-18 23:23:40.918000
XRPUSDT,1592212761.0,1.4594,3.7,,,True,31.669367099577265,0.7947176511440508,18.588726804667115,-0.5052305869283654,1.757,0.9999999947390401,519.1402445158748,2.7180134701009955,2026-03-18 23:23:42.675000
XRPUSDT,1592212762.0,1.4594,1.3,,,True,31.756597277422063,0.795122528060541,18.61521123800041,-0.6500137489028333,1.757,0.9999999947030928,-357.597966388352,2.722994038464714,2026-03-18 23:23:42.675000
XRPUSDT,1592212763.0,1.4595,60.0,,,False,31.863099250671002,0.7956600156420127,18.644803689483407,-0.7944775815913633,0.341,0.9999999946721073,-268.776131148845,2.727962321946562,2026-03-18 23:23:43.016000
XRPUSDT,1592212764.0,1.4594,2.2,,,True,31.931155425546468,0.7959305111502271,18.668120643359416,-0.5085965232359502,5.086,0.9999999946305207,1056.8791335672768,2.7329719214219295,2026-03-18 23:23:48.102000
XRPUSDT,1592212765.0,1.4594,4.2,,,True,32.01896405382658,0.7963336089912436,18.694623603294275,-0.6568224764707615,5.086,0.9999999945849224,-367.71706060495745,2.737981538874825,2026-03-18 23:23:48.102000
XRPUSDT,1592212766.0,1.4594,6.9,,,True,32.1068529224508,0.7967361139367162,18.72111429927317,-0.6582529029712181,5.086,0.999999994533983,-3.5538109942404885,2.7429911797266646,2026-03-18 23:23:48.102000
XRPUSDT,1592212767.0,1.4594,3.8,,,True,32.19482233498963,0.7971380260551622,18.74759277377506,-0.6596835323287549,5.086,0.9999999944775566,-3.5595576542165985,2.7480008440250794,2026-03-18 23:23:48.102000
XRPUSDT,1592212768.0,1.4594,3.6,,,True,32.28287221956771,0.797539345418546,18.774059008336955,-0.6611115462795868,5.086,0.999999994415504,-3.5582981563392013,2.753010531815629,2026-03-18 23:23:48.102000
XRPUSDT,1592212769.0,1.4594,3.6,,,True,32.37100250448586,0.7979400721022718,18.800512984547076,-0.6625369322030483,5.086,0.9999999943476892,-3.55700276859228,2.758020243141748,2026-03-18 23:23:48.102000
XRPUSDT,1592212770.0,1.4594,3.7,,,True,32.45921311821915,0.7983402061851719,18.82695468404516,-0.6639596775389163,5.086,0.9999999942739815,-3.5556714528196247,2.7630299780447283,2026-03-18 23:23:48.102000
XRPUSDT,1592212771.0,1.4594,3.7,,,True,32.547503989416064,0.7987397477494933,18.85338408852305,-0.665379769796703,5.086,0.9999999941942499,-3.554304194104506,2.7680397365637335,2026-03-18 23:23:48.102000
XRPUSDT,1592212772.0,1.4594,3.7,,,True,32.63587504689778,0.7991386968808915,18.879801179725156,-0.6667971965553862,5.086,0.9999999941083687,-3.552900976913212,2.7730495187358324,2026-03-18 23:23:48.102000
XRPUSDT,1592212773.0,1.4594,0.1,,,True,32.72432621965727,0.7995370536684155,18.906205939449045,-0.6682119454635103,5.086,0.9999999940162128,-3.5514617860968216,2.7780593245960414,2026-03-18 23:23:48.102000
XRPUSDT,1592212774.0,1.4594,3.5,,,True,32.812857436858586,0.799934818204499,18.932598349545888,-0.6696240042391228,1.569,0.9999999939176617,-3.549986606438989,2.7830378736677326,2026-03-18 23:23:49.671000
XRPUSDT,1592212775.0,1.4594,17.7,,,True,32.90110037294715,0.8003319905849483,18.958919570249478,-0.6682454847096573,1.569,0.9999999938233695,3.470834321122645,2.7880164363396536,2026-03-18 23:23:49.671000
XRPUSDT,1592212776.0,1.4594,225.0,,,True,32.9894224318692,0.8007285709089319,18.985228457310374,-0.6696396101840041,0.243,0.9999999937281602,-3.515367228366249,2.792983169418891,2026-03-18 23:23:49.914000
XRPUSDT,1592212777.0,1.4594,64.4,,,True,33.07768386633545,0.8011245592789692,19.011502749127377,-0.6699711068508241,0.01,0.9999999936360722,-0.8371373805466963,2.797947826952608,2026-03-18 23:23:49.924000
XRPUSDT,1592212778.0,1.4594,75.7,,,True,33.165999372590456,0.8015199558009194,19.037760777904904,-0.671168084822133,0.01,0.9999999935457935,-3.0272850287228277,2.8029124936325145,2026-03-18 23:23:49.924000
XRPUSDT,1592212779.0,1.4594,75.7,,,True,33.254393445861695,0.8019147605839709,19.064006444485514,-0.6725485404869134,0.01,0.9999999934569519,-3.496552534421022,2.80787716941037,2026-03-18 23:23:49.924000
XRPUSDT,1592212780.0,1.4594,75.7,,,True,33.34286601628809,0.80230897374063,19.090239731781647,-0.6739262695482582,0.01,0.9999999933695257,-3.494883511805758,2.812841854238329,2026-03-18 23:23:49.924000
XRPUSDT,1592212781.0,1.4594,75.7,,,True,33.431417014194935,0.8027025953867096,19.116460622762837,-0.6753012606765667,0.01,0.9999999932834954,-3.493179661238708,2.817806548068805,2026-03-18 23:23:49.924000
XRPUSDT,1592212782.0,1.4595,38.3,,,False,33.53956748178125,0.8032251183093685,19.145753930347915,-0.8255237334333491,1.377,0.9999999932063608,-287.4945121878552,2.82278361948615,2026-03-18 23:23:51.301000
XRPUSDT,1592212783.0,1.4594,43.5,,,True,33.60890191309727,0.8034880728309268,19.168888490150316,-0.5301379879114738,0.824,0.9999999931114975,1123.3339657798838,2.827755685842055,2026-03-18 23:23:52.125000
XRPUSDT,1592212784.0,1.4594,305.8,,,True,33.69777522616884,0.8038799206606817,19.195085836232593,-0.6800799166362907,0.061,0.9999999930251183,-382.6534622345981,2.8327208348846615,2026-03-18 23:23:52.186000
XRPUSDT,1592212785.0,1.4594,3.7,,,True,33.786644536207596,0.8042711774759583,19.221257749993516,-0.6808161877513719,0.061,0.9999999929411504,-1.8818103259378518,2.837685992988838,2026-03-18 23:23:52.186000
XRPUSDT,1592212786.0,1.4594,609.1,,,True,33.875591939836866,0.8046618434089383,19.24741718249343,-0.6821774924048847,0.061,0.9999999928584494,-3.484574769877763,2.8426511601085456,2026-03-18 23:23:52.186000
XRPUSDT,1592212787.0,1.4594,640.9,,,True,33.964617368477235,0.8050519185950405,19.27356411704525,-0.6835359921937639,0.061,0.9999999927769981,-3.482661387549027,2.847616336198236,2026-03-18 23:23:52.186000
XRPUSDT,1592212788.0,1.4595,131.6,,,False,34.07334469901072,0.8055697266432547,19.30277160057657,-0.8355315528481122,4.4,0.9999999927047236,-293.53649712199876,2.852621257561754,2026-03-18 23:23:56.586000
XRPUSDT,1592212789.0,1.4594,35.6,,,True,34.14337685672022,0.8058303054143575,19.32589468814108,-0.539069816491119,2.529,0.9999999926050062,1137.7048679071768,2.8576090176496405,2026-03-18 23:23:59.115000
XRPUSDT,1592212790.0,1.4595,3.5,,,False,34.25256375830423,0.806346543295893,19.355115047018938,-0.8409061826183167,1.504,0.9999999925215711,-584.6846520240921,2.8625873799180255,2026-03-18 23:24:00.619000
XRPUSDT,1592212791.0,1.4595,3.6,,,False,34.34207535929036,0.8067340622933321,19.381234213566064,-0.6903442478949892,1.504,0.9999999924307476,388.52788048659386,2.8675657555256193,2026-03-18 23:24:00.619000
XRPUSDT,1592212792.0,1.4595,3.6,,,False,34.43166505370779,0.8071209913198616,19.407340781370216,-0.6916934127347818,1.504,0.9999999923390375,-3.48685352425955,2.872544143417121,2026-03-18 23:24:00.619000
XRPUSDT,1592212793.0,1.4595,426.8,,,False,34.52133266633055,0.807507330531153,19.43343471714177,-0.6930388650977873,1.504,0.9999999922464434,-3.4825674528562565,2.8775225435648863,2026-03-18 23:24:00.619000
XRPUSDT,1592212794.0,1.4595,3.6,,,False,34.61107812981765,0.8078930800860364,19.45951600446543,-0.6943814239560724,1.504,0.9999999921529655,-3.480389909174726,2.8825009559409684,2026-03-18 23:24:00.619000
XRPUSDT,1592212795.0,1.4595,3.6,,,False,34.70090137699719,0.8082782401464891,19.485584626988427,-0.6957210788275145,1.504,0.9999999920586068,-3.4781770203997984,2.8874793805170613,2026-03-18 23:24:00.619000
XRPUSDT,1592212796.0,1.4595,3.6,,,False,34.79080234086583,0.8086628108776239,19.511640568420887,-0.6970578192991713,1.504,0.9999999919633654,-3.4759287783345387,2.8924578172646083,2026-03-18 23:24:00.619000
XRPUSDT,1592212797.0,1.4595,3.5,,,False,34.880780954587955,0.8090467924476784,19.537683812536155,-0.6983916350269637,1.504,0.9999999918672436,-3.4736451741761813,2.897436266154676,2026-03-18 23:24:00.619000
XRPUSDT,1592212798.0,1.4595,3.6,,,False,34.970837151494976,0.8094301850280026,19.563714343171156,-0.6997225157352647,1.504,0.9999999917702412,-3.4713261982684758,2.902414727158045,2026-03-18 23:24:00.619000
XRPUSDT,1592212799.0,1.4595,3.5,,,False,35.06097086508461,0.8098129887930512,19.58973214422673,-0.7010504512174583,1.504,0.9999999916723602,-3.4689718425967033,2.907393200245177,2026-03-18 23:24:00.619000
XRPUSDT,1592212800.0,1.4596,3.5,,,False,35.17100878377194,0.8103211223608346,19.618783843854665,-0.8565254911215749,0.021,0.9999999915824593,-305.97277913033696,2.9123577836077197,2026-03-18 23:24:00.640000
XRPUSDT,1592212801.0,1.4596,5.2,,,False,35.26114678553762,0.8107025550088993,19.644748339601406,-0.7025629450583983,0.021,0.9999999914875506,403.64281045253387,2.9173223763973355,2026-03-18 23:24:00.640000
XRPUSDT,1592212802.0,1.4596,6.9,,,False,35.35136177401424,0.8110833994447969,19.670700079964345,-0.7038758502857712,0.021,0.9999999913940947,-3.447353049227353,2.9222869785551273,2026-03-18 23:24:00.640000
XRPUSDT,1592212803.0,1.4596,3.6,,,False,35.441653681988576,0.81146365585628,19.69663904911951,-0.7051857702670541,0.021,0.999999991302072,-3.4448333853831103,2.927251590033844,2026-03-18 23:24:00.640000
XRPUSDT,1592212804.0,1.4596,3.6,,,False,35.53202244389936,0.8118433244341464,19.722565231536112,-0.706492706830561,0.021,0.9999999912114618,-3.442309002370769,2.9322162107865766,2026-03-18 23:24:00.640000
XRPUSDT,1592212805.0,1.4596,45.5,,,False,35.622467994352824,0.8122224053722236,19.74847861174893,-0.7077966503250379,0.021,0.999999991122246,-3.439749571928001,2.937180840766685,2026-03-18 23:24:00.640000
XRPUSDT,1592212806.0,1.4596,3.6,,,False,35.712990268122006,0.812600898867358,19.774379174358593,-0.7090975911669266,0.021,0.999999991034405,-3.437155086183711,2.942145479927874,2026-03-18 23:24:00.640000
XRPUSDT,1592212807.0,1.4596,3.6,,,False,35.80358920014604,0.8129788051194052,19.800266904031865,-0.7103955198409901,0.021,0.9999999909479191,-3.4345255391573444,2.947110128224124,2026-03-18 23:24:00.640000
XRPUSDT,1592212808.0,1.4596,3.5,,,False,35.89426472552945,0.8133561243312171,19.826141785501928,-0.7116904268995645,0.021,0.9999999908627709,-3.43186092315952,2.952074785609743,2026-03-18 23:24:00.640000
XRPUSDT,1592212809.0,1.4596,3.6,,,False,35.985016779541446,0.8137328567086312,19.85200380356866,-0.7129823029628682,0.021,0.9999999907789416,-3.429161231565019,2.95703945203933,2026-03-18 23:24:00.640000
XRPUSDT,1592212810.0,1.4596,3.5,,,False,36.07584529761523,0.8141090024604594,19.877852943098897,-0.7142711387189311,0.021,0.9999999906964128,-3.4264264578256074,2.9620041274677824,2026-03-18 23:24:00.640000
XRPUSDT,1592212811.0,1.4596,665.8,,,True,36.16675021534729,0.8144845617984763,19.90368918902672,-0.7155569249234063,1.116,0.9999999906151671,-3.4236565951590054,2.9669792936483064,2026-03-18 23:24:01.756000
XRPUSDT,1592212812.0,1.4597,6.9,,,False,36.27788645068106,0.8149830578113514,19.932550879395833,-0.8754039562554147,0.921,0.9999999905415577,-320.65859546214085,2.9719526050191756,2026-03-18 23:24:02.677000
XRPUSDT,1592212813.0,1.4597,3.8,,,False,36.36906575731981,0.8153572517835126,19.958374867531404,-0.7191056234658822,0.921,0.999999990458578,417.69334734819597,2.9769259267236023,2026-03-18 23:24:02.677000
XRPUSDT,1592212814.0,1.4597,258.5,,,False,36.46032151119633,0.8157308600682344,19.984185897646363,-0.7203847071441913,0.921,0.9999999903755078,-3.4235955962851086,2.9818992583920685,2026-03-18 23:24:02.677000
XRPUSDT,1592212815.0,1.4597,161.6,,,False,36.5516535846592,0.8161038828899918,20.009983945249296,-0.7216601911029965,0.921,0.9999999902923465,-3.419318830938865,2.9868725999893075,2026-03-18 23:24:02.677000
XRPUSDT,1592212816.0,1.4597,161.5,,,False,36.64306191406453,0.8164763204761596,20.035768995540423,-0.7229325692422385,0.921,0.9999999902090937,-3.416352662829148,2.9918459514800153,2026-03-18 23:24:02.677000
XRPUSDT,1592212817.0,1.4597,161.6,,,False,36.73454643592429,0.8168481730570041,20.061541033788806,-0.724201832670676,0.921,0.999999990125747,-3.4133511338147327,2.9968193128287792,2026-03-18 23:24:02.677000
XRPUSDT,1592212818.0,1.4597,161.5,,,False,36.826107086905566,0.8172194408656736,20.08730004533259,-0.7254679725645363,0.921,0.9999999900423054,-3.410314237579306,3.0017926840001237,2026-03-18 23:24:02.677000
XRPUSDT,1592212819.0,1.4597,71.3,,,False,36.91774380382997,0.8175901241381806,20.11304601557926,-0.7267309801678628,0.921,0.9999999899587677,-3.407241969092569,3.0067660649585743,2026-03-18 23:24:02.677000
XRPUSDT,1592212820.0,1.4597,3.5,,,False,37.00945652367303,0.817960223113399,20.13877893000585,-0.7279908467921828,0.921,0.9999999898751326,-3.4041343226537477,3.011739455668472,2026-03-18 23:24:02.677000
XRPUSDT,1592212821.0,1.4597,5.2,,,False,37.1012451835635,0.8183297380330471,20.16449877415919,-0.7292475638163847,0.921,0.9999999897913993,-3.400991292580692,3.016712856094222,2026-03-18 23:24:02.677000
XRPUSDT,1592212822.0,1.4597,3.6,,,False,37.19310972078273,0.8186986691416777,20.190205533656112,-0.7305011226868448,0.921,0.9999999897075655,-3.3978128738266666,3.0216862662000814,2026-03-18 23:24:02.677000
XRPUSDT,1592212823.0,1.4597,3.6,,,False,37.28505007276405,0.8190670166866668,20.21589919418369,-0.7317515149172626,0.921,0.9999999896236312,-3.3945990612064674,3.0266596859502783,2026-03-18 23:24:02.677000
XRPUSDT,1592212824.0,1.4597,3.6,,,False,37.37706617709216,0.8194347809182023,20.241579741499446,-0.7329987320885794,0.921,0.9999999895395945,-3.391349849628576,3.031633115308976,2026-03-18 23:24:02.677000
XRPUSDT,1592212825.0,1.4597,3.6,,,False,37.46915797150249,0.8198019620892727,20.267247161431555,-0.7342427658490309,0.921,0.999999989455454,-3.3880652344592463,3.0366065542402527,2026-03-18 23:24:02.677000
XRPUSDT,1592212826.0,1.4597,3.5,,,False,37.561325393880544,0.8201685604556552,20.292901439879053,-0.7354836079138112,0.921,0.9999999893712098,-3.38474521047234,3.0415800027081605,2026-03-18 23:24:02.677000
XRPUSDT,1592212827.0,1.4597,3.6,,,False,37.65356838226139,0.8205345762759052,20.318542562812063,-0.7367212500653472,0.921,0.9999999892868588,-3.381389773509576,3.0465534606767006,2026-03-18 23:24:02.677000
XRPUSDT,1592212828.0,1.4598,3.5,,,False,37.76617920472497,0.821020380132852,20.347151561482132,-0.8999038964995476,0.468,0.9999999892129102,-335.9023278649879,3.051522461536778,2026-03-18 23:24:03.145000
XRPUSDT,1592212829.0,1.4598,4.2,,,False,37.85853451268122,0.8213850397905947,20.372755908952097,-0.738885996559352,0.468,0.9999999891297633,441.5566584383912,3.0564914716487164,2026-03-18 23:24:03.145000
XRPUSDT,1592212830.0,1.4598,5.2,,,False,37.950965126738936,0.8217491177830039,20.39834706858969,-0.7401116868673289,0.468,0.9999999890471927,-3.366559730420326,3.0614604909121503,2026-03-18 23:24:03.145000
XRPUSDT,1592212831.0,1.4598,6.9,,,False,38.04347095404855,0.8221126143805328,20.42392502211281,-0.7413338967689038,0.468,0.9999999889651934,-3.362369578927028,3.0664295192873685,2026-03-18 23:24:03.145000
XRPUSDT,1592212832.0,1.4598,3.8,,,False,38.13605193347514,0.8224755298563495,20.44948975594725,-0.7425528706269917,0.468,0.9999999888837577,-3.358836807233931,3.071398556734771,2026-03-18 23:24:03.145000
XRPUSDT,1592212833.0,1.4598,3.6,,,False,38.22870800403104,0.8228378644863287,20.47504125659078,-0.7437686006770285,0.468,0.9999999888028789,-3.355268719710316,3.0763676032148792,2026-03-18 23:24:03.145000
XRPUSDT,1592212834.0,1.4598,3.6,,,False,38.32143910487535,0.8231996185490404,20.500579510613345,-0.7449810792207862,0.468,0.9999999887225497,-3.351665312805774,3.081336658688279,2026-03-18 23:24:03.145000
XRPUSDT,1592212835.0,1.4598,3.6,,,False,38.41424517531327,0.8235607923257354,20.52610450465723,-0.7461902986263083,0.468,0.999999988642763,-3.3480265831794305,3.0863057231157223,2026-03-18 23:24:03.145000
XRPUSDT,1592212836.0,1.4598,240.5,,,False,38.50712615479552,0.8239213861003389,20.551616225437204,-0.7473962513278116,0.468,0.999999988563513,-3.344352527520363,3.0912747964580123,2026-03-18 23:24:03.145000
XRPUSDT,1592212837.0,1.4598,24.0,,,False,38.60008198291783,0.8242814001594365,20.577114659740705,-0.7485989298254929,4.074,0.9999999884847921,-3.3406431423704994,3.096280003320535,2026-03-18 23:24:07.219000
XRPUSDT,1592212838.0,1.4598,34.2,,,False,38.69356212093682,0.8246408347922624,20.602664762427633,-0.7534191469861066,1.505,0.9999999883958124,-13.410552908376092,3.1012594418525032,2026-03-18 23:24:08.724000
XRPUSDT,1592212839.0,1.4598,712.4,,,False,38.786796690511395,0.824999690290689,20.628155125715338,-0.7520389925075252,0.422,0.9999999883095542,3.8459894989281325,3.106228005128281,2026-03-18 23:24:09.146000
XRPUSDT,1592212840.0,1.4598,505.6,,,False,38.87997047960276,0.8253579669492153,20.653612590411843,-0.7521406802860231,0.422,0.9999999882255508,-0.2838247373307209,3.111196577400478,2026-03-18 23:24:09.146000
XRPUSDT,1592212841.0,1.4598,392.5,,,False,38.973218869015625,0.8257156650649555,20.679056718311625,-0.7533300212707186,0.422,0.9999999881421873,-3.324985322425013,3.1161651586290784,2026-03-18 23:24:09.146000
XRPUSDT,1592212842.0,1.4598,263.8,,,False,39.066541799065575,0.8260727849376284,20.70448749657227,-0.7545160521853803,0.422,0.9999999880594551,-3.321100295497338,3.1211337487741124,2026-03-18 23:24:09.146000
XRPUSDT,1592212843.0,1.4598,128.7,,,False,39.159939210208755,0.8264293268695443,20.729904912424736,-0.7556987659189981,0.002,0.999999987977348,-3.317179909982323,3.1260980999315744,2026-03-18 23:24:09.148000
XRPUSDT,1592212844.0,1.4598,392.5,,,False,39.25335792881173,0.8267852911655956,20.755301351005475,-0.7564483378966042,0.002,0.9999999878971156,-2.105750452843041,3.131062460003655,2026-03-18 23:24:09.148000
XRPUSDT,1592212845.0,1.4598,3.5,,,False,39.34685092614413,0.827140678133245,20.78068441459181,-0.757623070552075,0.002,0.9999999878181228,-3.3055029092397357,3.1360268289480246,2026-03-18 23:24:09.148000
XRPUSDT,1592212846.0,1.4598,3.6,,,False,39.44041814315243,0.8274954880825118,20.806054090684157,-0.7587944705593798,0.002,0.9999999877403528,-3.3014857946493987,3.1409912067226515,2026-03-18 23:24:09.148000
XRPUSDT,1592212847.0,1.4598,3.6,,,False,39.53405952092389,0.8278497213259673,20.83141036685683,-0.7599625311059415,0.002,0.9999999876637897,-3.2974334513818637,3.145955593285721,2026-03-18 23:24:09.148000
XRPUSDT,1592212848.0,1.4598,3.6,,,False,39.62777500068605,0.8282033781787149,20.856753230758187,-0.7611272454441051,0.002,0.9999999875884181,-3.293345877833162,3.1509199885957146,2026-03-18 23:24:09.148000
XRPUSDT,1592212849.0,1.4598,3.6,,,False,39.72156452380615,0.8285564589583839,20.88208267011071,-0.7622886068909518,0.002,0.999999987514223,-3.2892230722254836,3.155884392611353,2026-03-18 23:24:09.148000
XRPUSDT,1592212850.0,1.4598,3.5,,,False,39.81542803179058,0.8289089639851189,20.907398672711146,-0.7634466088280084,0.002,0.999999987441188,-3.2850650323552433,3.160848805291623,2026-03-18 23:24:09.148000
XRPUSDT,1592212851.0,1.4598,3.6,,,False,39.90936546628432,0.8292608935815623,20.932701226430613,-0.7646012447016308,0.002,0.9999999873692984,-3.2808717575653366,3.165813226595794,2026-03-18 23:24:09.148000
XRPUSDT,1592212852.0,1.4599,3.5,,,False,40.02406057816663,0.829727970221769,20.960911634830662,-0.933934040511379,0.011,0.9999999873101418,-362.537496490512,3.170777748836828,2026-03-18 23:24:09.159000
XRPUSDT,1592212853.0,1.4599,6.9,,,False,40.1181630577446,0.8300785604928255,20.986184921927933,-0.767023496780799,0.011,0.9999999872405072,476.0843568979422,3.1757422796130386,2026-03-18 23:24:09.159000
XRPUSDT,1592212854.0,1.4599,3.8,,,False,40.21233927938464,0.8304285764258031,21.01144471750134,-0.768166931330841,0.011,0.9999999871719608,-3.2668071430765213,3.1807068188869323,2026-03-18 23:24:09.159000
XRPUSDT,1592212855.0,1.4599,3.6,,,False,40.30658918460161,0.8307780183540514,21.036691009659542,-0.7693069674082601,0.011,0.9999999871044879,-3.2624478783471584,3.185671366618812,2026-03-18 23:24:09.159000
XRPUSDT,1592212856.0,1.4599,3.6,,,False,40.40091271575324,0.8311268866133622,21.0619237866858,-0.7704436045537495,0.011,0.9999999870380751,-3.2580698161961337,3.1906359227692174,2026-03-18 23:24:09.159000
XRPUSDT,1592212857.0,1.4599,150.0,,,False,40.495309815332476,0.8314751815419582,21.087143036938265,-0.7715768366160368,0.011,0.9999999869727084,-3.2536565113234484,3.1956004872989214,2026-03-18 23:24:09.159000
XRPUSDT,1592212858.0,1.4599,5.2,,,False,40.58978042596694,0.8318229034804822,21.112348748850035,-0.7727066575075194,0.011,0.9999999869083745,-3.2492079627722443,3.2005650601689903,2026-03-18 23:24:09.159000
XRPUSDT,1592212859.0,1.4599,3.6,,,False,40.68432449041845,0.8321700527719852,21.137540910929253,-0.7738330612044191,0.011,0.9999999868450601,-3.2447241704648544,3.2055296413406458,2026-03-18 23:24:09.159000
XRPUSDT,1592212860.0,1.4599,3.6,,,False,40.77894195158243,0.832516629761916,21.16271951175918,-0.7749560417462212,0.011,0.9999999867827523,-3.2402051331405604,3.2104942307754043,2026-03-18 23:24:09.159000
XRPUSDT,1592212861.0,1.4599,3.5,,,False,40.873632752487445,0.8328626347981092,21.18788453999829,-0.77607559323619,0.011,0.999999986721438,-3.2356508514623585,3.215458828435008,2026-03-18 23:24:09.159000
XRPUSDT,1592212862.0,1.4599,3.6,,,False,40.968396836294666,0.8332080682307732,21.2130359843803,-0.7771917098405208,0.011,0.9999999866611043,-3.231061324096902,3.2204234342814093,2026-03-18 23:24:09.159000
XRPUSDT,1592212863.0,1.4599,3.5,,,False,41.06323414629733,0.8335529304124839,21.2381738337143,-0.7783043857887967,0.011,0.999999986601739,-3.226436551425946,3.2253880482768156,2026-03-18 23:24:09.159000
XRPUSDT,1592212864.0,1.46,3.5,,,False,41.179020723350234,0.8340106087139204,21.26618724543594,-0.950538858778641,1.268,0.9999999865552401,-376.32212942858797,3.2303658030422175,2026-03-18 23:24:10.427000
XRPUSDT,1592212865.0,1.46,6.9,,,False,41.274187395686496,0.8343541414341512,21.29131837012675,-0.7819909384882332,1.268,0.9999999864943709,490.63134416183254,3.2353435639064796,2026-03-18 23:24:10.427000
XRPUSDT,1592212866.0,1.46,3.8,,,False,41.36942743070395,0.8346971040942871,21.31643582775862,-0.7830965135857545,1.268,0.9999999864326848,-3.2236019427981764,3.240321331346861,2026-03-18 23:24:10.427000
XRPUSDT,1592212867.0,1.46,3.6,,,False,41.46474069265951,0.8350394970570042,21.34153959637928,-0.7841979555483749,1.268,0.9999999863701853,-3.216894278082685,3.245299105331642,2026-03-18 23:24:10.427000
XRPUSDT,1592212868.0,1.46,3.6,,,False,41.56012712525456,0.8353813206872871,21.366629665087007,-0.7852959097564937,1.268,0.999999986306875,-3.212048877984436,3.250276885828912,2026-03-18 23:24:10.427000
XRPUSDT,1592212869.0,1.46,3.7,,,False,41.65558667231568,0.8357225753524117,21.39170602305624,-0.7863903707622799,1.268,0.999999986242755,-3.20716789435451,3.2552546728066076,2026-03-18 23:24:10.427000
XRPUSDT,1592212870.0,1.46,3.6,,,False,41.75111927779402,0.836063261421936,21.416768659537663,-0.7874813331804937,1.268,0.9999999861778276,-3.2022513269682715,3.260232466232501,2026-03-18 23:24:10.427000
XRPUSDT,1592212871.0,1.46,3.6,,,False,41.84672488576491,0.8364033792676888,21.441817563858233,-0.7885687916886944,1.268,0.9999999861120945,-3.197299176682915,3.26521026607419,2026-03-18 23:24:10.427000
XRPUSDT,1592212872.0,1.46,3.5,,,False,41.94240344042736,0.836742929263759,21.466852725421255,-0.7896527410273736,1.268,0.9999999860455585,-3.1923114452194015,3.2701880722990677,2026-03-18 23:24:10.427000
XRPUSDT,1592212873.0,1.46,3.6,,,False,42.03815488610365,0.8370819117864837,21.491874133706414,-0.7907331759993187,1.268,0.9999999859782209,-3.187288132912412,3.2751658848744443,2026-03-18 23:24:10.427000
XRPUSDT,1592212874.0,1.4601,3.5,,,False,42.15501390303893,0.8375317707439066,21.51974306590478,-0.9652954525200261,0.044,0.9999999859222328,-388.0377919353304,3.280130737294532,2026-03-18 23:24:10.471000
XRPUSDT,1592212875.0,1.4601,3.8,,,False,42.25076062732899,0.8378694327092079,21.54471172039147,-0.7915983581986795,0.044,0.9999999858567679,514.4111927630602,3.285095597948482,2026-03-18 23:24:10.471000
XRPUSDT,1592212876.0,1.4601,6.9,,,False,42.346579839990284,0.8382065284703117,21.56966663032609,-0.7926636413660992,0.044,0.9999999857922636,-3.160179659131084,3.290060466823402,2026-03-18 23:24:10.471000
XRPUSDT,1592212877.0,1.4601,3.6,,,False,42.44247148346983,0.8385430584131633,21.594607785284346,-0.7937253860701146,0.044,0.9999999857287072,-3.154978409999928,3.295025343881994,2026-03-18 23:24:10.471000
XRPUSDT,1592212878.0,1.4601,3.6,,,False,42.53843550301813,0.8388790229258963,21.619535175282174,-0.7947836096256555,0.044,0.9999999856660884,-3.1498075404827186,3.29999022908711,2026-03-18 23:24:10.471000
XRPUSDT,1592212879.0,1.4601,3.5,,,False,42.63447184400967,0.8392144223988269,21.64444879041147,-0.7958383072892927,0.044,0.9999999856043945,-3.1446014342885893,3.304955122401866,2026-03-18 23:24:10.471000
XRPUSDT,1592212880.0,1.4601,3.6,,,False,42.73058045194244,0.8395492572244347,21.669348620840093,-0.7968894743785719,0.044,0.9999999855436144,-3.139360093058059,3.309920023789531,2026-03-18 23:24:10.471000
XRPUSDT,1592212881.0,1.4601,3.5,,,False,42.82676127243748,0.8398835277973575,21.69423465681189,-0.7979371062719662,0.044,0.9999999854837376,-3.1340835187316305,3.3148849332136363,2026-03-18 23:24:10.471000
XRPUSDT,1592212882.0,1.4601,3.6,,,False,42.92301425123842,0.8402172345143799,21.71910688864673,-0.7989811984085554,0.044,0.9999999854247528,-3.128771712794664,3.319849850637865,2026-03-18 23:24:10.471000
XRPUSDT,1592212883.0,1.4601,3.5,,,False,43.019339334211,0.8405503777744165,21.74396530674051,-0.8000217462880086,0.044,0.9999999853666494,-3.123424677235674,3.324814776026165,2026-03-18 23:24:10.471000
XRPUSDT,1592212884.0,1.4602,6.9,,,False,43.1369286141499,0.8409924717151804,21.771642867053583,-0.976824192643782,0.044,0.9999999853217612,-399.92053736425083,3.329779709575288,2026-03-18 23:24:10.471000
XRPUSDT,1592212885.0,1.4602,3.8,,,False,43.23341355569545,0.841324303873316,21.79647094392681,-0.8021692374764398,0.044,0.9999999852654033,526.3352296795035,3.334744650984745,2026-03-18 23:24:10.471000
XRPUSDT,1592212886.0,1.4602,3.5,,,False,43.32997043056234,0.8416555739179724,21.8212851737952,-0.8031980287674703,0.044,0.9999999852098943,-3.105597103105529,3.339709600250261,2026-03-18 23:24:10.471000
XRPUSDT,1592212887.0,1.4602,3.5,,,False,43.42659918251682,0.8419862822571829,21.846085547047178,-0.8042232363466044,0.044,0.9999999851552228,-3.1000354620079715,3.344674557336523,2026-03-18 23:24:10.471000
XRPUSDT,1592212888.0,1.4602,3.5,,,False,43.52329975805456,0.8423164293010573,21.870872054495905,-0.8052448776992477,0.044,0.9999999851013791,-3.094504014495256,3.3496395222084816,2026-03-18 23:24:10.471000
XRPUSDT,1592212889.0,1.4602,3.6,,,False,43.620072103790584,0.8426460154617704,21.895644687030533,-0.8062629487024633,0.044,0.9999999850483527,-3.0889373540833005,3.354604494831231,2026-03-18 23:24:10.471000
XRPUSDT,1592212890.0,1.4602,3.6,,,False,43.71691616645875,0.8429750411535515,21.920403435616205,-0.8072774452927033,0.044,0.9999999849961336,-3.0833354828566577,3.35956947517012,2026-03-18 23:24:10.471000
XRPUSDT,1592212891.0,1.4602,150.0,,,False,43.81383189291134,0.8433035067926733,21.945148291294036,-0.8082883634660504,0.044,0.9999999849447131,-3.0776984041615036,3.364534463190573,2026-03-18 23:24:10.471000
XRPUSDT,1592212892.0,1.4602,3.5,,,False,43.91081923011863,0.8436314127974416,21.96987924518114,-0.8092956992779522,0.044,0.9999999848940806,-3.072026121063729,3.3694994588583578,2026-03-18 23:24:10.471000
XRPUSDT,1592212893.0,1.4602,3.6,,,False,44.007878125168475,0.8439587595881838,21.994596288470596,-0.8102994488428662,0.044,0.9999999848442258,-3.0663186360806556,3.3744644621393314,2026-03-18 23:24:10.471000
XRPUSDT,1592212894.0,1.4603,3.5,,,False,44.126356882879925,0.8443931460054926,22.022103529983532,-0.9892612815766694,0.586,0.9999999848075992,-411.9876349783641,3.379435373885613,2026-03-18 23:24:11.057000
XRPUSDT,1592212895.0,1.4603,1.5,,,False,44.223651309239685,0.8447191916730364,22.04680006806399,-0.8130035481633189,0.586,0.9999999847578867,540.5921653281139,3.384406291280545,2026-03-18 23:24:11.057000
XRPUSDT,1592212896.0,1.4602,3.7,,,True,44.29963887898701,0.8449374557105916,22.06868419578541,-0.6355119602175154,0.684,0.9999999846957326,813.1966673662909,3.389378280632931,2026-03-18 23:24:11.741000
XRPUSDT,1592212897.0,1.4602,3.7,,,True,44.397074499345,0.8452625698769116,22.093357372906336,-0.8150398726419723,0.684,0.9999999846458313,-552.1995994716757,3.3943502764331495,2026-03-18 23:24:11.741000
XRPUSDT,1592212898.0,1.4602,3.5,,,True,44.49458148738164,0.8455871269608012,22.118016565206542,-0.816026957951892,0.684,0.9999999845958351,-3.041330351167172,3.3993222780411205,2026-03-18 23:24:11.741000
XRPUSDT,1592212899.0,1.4602,911.4,,,True,44.59215982988079,0.8459111273944881,22.14266176941402,-0.8170107515863201,0.684,0.9999999845457449,-3.0363960419220497,3.4042942854247222,2026-03-18 23:24:11.741000
XRPUSDT,1592212900.0,1.4602,3.6,,,True,44.68980947456,0.8462345716121515,22.167292977202905,-0.8179909227401647,0.684,0.9999999844955595,-3.0304179215987475,3.409266298551858,2026-03-18 23:24:11.741000
XRPUSDT,1592212901.0,1.4602,3.6,,,True,44.78753036924915,0.8465574600499043,22.19191018032352,-0.8189674679697649,0.684,0.9999999844452795,-3.0244044549778053,3.4142383173904114,2026-03-18 23:24:11.741000
XRPUSDT,1592212902.0,1.4602,3.5,,,True,44.88532246189018,0.8468797931457835,22.216513370602325,-0.8199403838897135,0.684,0.9999999843949032,-3.0183556463372607,3.4192103419083466,2026-03-18 23:24:11.741000
XRPUSDT,1592212903.0,1.4602,3.7,,,True,44.98318570053663,0.8472015713397416,22.241102539941895,-0.8209096671726799,0.684,0.9999999843444326,-3.012271499953568,3.4241823720735503,2026-03-18 23:24:11.741000
XRPUSDT,1592212904.0,1.4602,3.7,,,True,45.08112003335326,0.8475227950736329,22.265677680320916,-0.8218753145492532,0.684,0.9999999842938659,-3.0061520201992797,3.429154407853988,2026-03-18 23:24:11.741000
XRPUSDT,1592212905.0,1.4602,56.0,,,True,45.17912540861564,0.8478434647912052,22.290238783794116,-0.8228373228076765,0.684,0.9999999842432036,-2.9999972111693776,3.4341264492175996,2026-03-18 23:24:11.741000
XRPUSDT,1592212906.0,1.4602,3.5,,,True,45.277201774709745,0.8481635809380882,22.314785842492256,-0.8237956887935999,0.684,0.9999999841924454,-2.993807076759778,3.4390984961323596,2026-03-18 23:24:11.741000
XRPUSDT,1592212907.0,1.4602,3.6,,,True,45.37534908013157,0.8484831439617828,22.339318848622092,-0.8247504094104195,0.684,0.9999999841415911,-2.9875816224971166,3.4440705485662164,2026-03-18 23:24:11.741000
XRPUSDT,1592212908.0,1.4602,3.5,,,True,45.473567273486715,0.8488021543116508,22.363837794466324,-0.8257014816184356,0.684,0.9999999840906407,-2.9813208518453567,3.449042606487194,2026-03-18 23:24:11.741000
XRPUSDT,1592212909.0,1.4602,3.7,,,True,45.57185630349007,0.8491206124389041,22.388342672383576,-0.826648902435449,0.684,0.9999999840395929,-2.9750247707129454,3.454014669863231,2026-03-18 23:24:11.741000
XRPUSDT,1592212910.0,1.4602,3.5,,,True,45.670216118965286,0.8494385187965922,22.412833474808338,-0.8275926689358241,0.684,0.9999999839884494,-2.968693382663476,3.4589867386624147,2026-03-18 23:24:11.741000
XRPUSDT,1592212911.0,1.4602,3.5,,,True,45.76864666884451,0.8497558738395982,22.437310194250927,-0.8285327782508127,0.684,0.9999999839372091,-2.9623266927914376,3.463958812852712,2026-03-18 23:24:11.741000
XRPUSDT,1592212912.0,1.4601,225.0,,,True,45.845518838275616,0.8499683090716602,22.459017214944353,-0.6475906304422084,0.009,0.9999999838732071,851.7520660403242,3.4689233893774176,2026-03-18 23:24:11.750000
XRPUSDT,1592212913.0,1.4601,5.2,,,True,45.943976172429295,0.850284744237435,22.483455971641114,-0.8295227979701234,0.009,0.999999983823495,-574.9429494741047,3.473887973501258,2026-03-18 23:24:11.750000
XRPUSDT,1592212914.0,1.4601,3.7,,,True,46.04250398692398,0.8506006293121063,22.507880657160936,-0.8304514299494403,0.009,0.999999983774575,-2.939777956534565,3.478852565181646,2026-03-18 23:24:11.750000
XRPUSDT,1592212915.0,1.4601,6.9,,,True,46.14110223179811,0.8509159647571733,22.532291264390366,-0.8313764097266028,0.009,0.9999999837264364,-2.9333200299315334,3.4838171643861178,2026-03-18 23:24:11.750000
XRPUSDT,1592212916.0,1.4601,3.6,,,True,46.23977085670604,0.8512307510359195,22.556687786228498,-0.8322977305783754,0.009,0.9999999836790698,-2.9268138860513404,3.488781771082483,2026-03-18 23:24:11.750000
XRPUSDT,1592212917.0,1.4601,3.6,,,True,46.338509811410034,0.8515449886133967,22.58107021564965,-0.8332153899799803,0.009,0.9999999836324679,-2.920272645214096,3.493746385238628,2026-03-18 23:24:11.750000
XRPUSDT,1592212918.0,1.4601,3.5,,,True,46.43731904577991,0.8518586779564145,22.605438545703336,-0.8341293854621988,0.009,0.9999999835866207,-2.913696313128059,3.498711006822691,2026-03-18 23:24:11.750000
XRPUSDT,1592212919.0,1.4601,3.7,,,True,46.53619850979267,0.8521718195335314,22.629792769514196,-0.8350397146109996,0.009,0.9999999835415181,-2.9070848948966668,3.5036756358029786,2026-03-18 23:24:11.750000
XRPUSDT,1592212920.0,1.4601,3.7,,,True,46.63514815353207,0.8524844138150436,22.65413288028191,-0.8359463750674103,0.009,0.9999999834971527,-2.900438395816769,3.5086402721479453,2026-03-18 23:24:11.750000
XRPUSDT,1592212921.0,1.4601,3.7,,,True,46.73416792718825,0.8527964612729744,22.678458871281173,-0.8368493645273551,0.009,0.9999999834535154,-2.893756821262465,3.513604915826279,2026-03-18 23:24:11.750000
XRPUSDT,1592212922.0,1.4601,701.9,,,True,46.833257781057384,0.8531079623810646,22.702770735861602,-0.8377486807415038,0.009,0.9999999834105979,-2.8870401767181813,3.518569566806721,2026-03-18 23:24:11.750000
XRPUSDT,1592212923.0,1.4601,209.5,,,True,46.932417665541315,0.8534189176147609,22.727068467447687,-0.8386443215150856,0.009,0.9999999833683914,-2.880288467685429,3.5235342250583557,2026-03-18 23:24:11.750000
XRPUSDT,1592212924.0,1.4601,3.6,,,True,47.031647531147094,0.8537293274512069,22.7513520595387,-0.8395362847076551,0.009,0.9999999833268874,-2.873501699500829,3.5284988905503187,2026-03-18 23:24:11.750000
XRPUSDT,1592212925.0,1.4601,3.5,,,True,47.13094732848675,0.8540391923692319,22.775621505708653,-0.8404245682333809,0.009,0.9999999832860775,-2.8666798790502943,3.5334635632519507,2026-03-18 23:24:11.750000
XRPUSDT,1592212926.0,1.4601,3.7,,,True,47.230317008276735,0.8543485128493387,22.799876799606196,-0.8413091700598548,0.009,0.9999999832459548,-2.859823010001104,3.5384282431327607,2026-03-18 23:24:11.750000
XRPUSDT,1592212927.0,1.46,3.7,,,True,47.30789490260175,0.8545555594029918,22.821403282575282,-0.6573053606645554,0.009,0.999999983193756,888.7074242422868,3.5433929301154197,2026-03-18 23:24:11.750000
XRPUSDT,1592212928.0,1.46,3.5,,,True,47.40738887387509,0.8548639715606692,22.845633131998152,-0.8430382356852536,0.009,0.9999999831549813,-602.2229357604353,3.54835762422894,2026-03-18 23:24:11.750000
XRPUSDT,1592212929.0,1.46,3.5,,,True,47.50695259063365,0.8551718405716756,22.86984881423311,-0.8439128983683853,0.009,0.9999999831168692,-2.841022161575932,3.553322325431361,2026-03-18 23:24:11.750000
XRPUSDT,1592212930.0,1.46,5.2,,,True,47.60658600445447,0.8554791669225791,22.89405032325171,-0.8447838754500002,0.009,0.9999999830794124,-2.834046215218454,3.558287033692913,2026-03-18 23:24:11.750000
XRPUSDT,1592212931.0,1.46,4.2,,,True,47.706289066548784,0.8557859511015703,22.918237653041672,-0.8456511611860686,0.009,0.9999999830426028,-2.8270223677123156,3.5632517489839013,2026-03-18 23:24:11.750000
XRPUSDT,1592212932.0,1.46,6.9,,,True,47.80606172823024,0.8560921935984617,22.942410797664994,-0.846514753851411,0.009,0.9999999830064329,-2.8199635063994015,3.568216471274815,2026-03-18 23:24:11.750000
XRPUSDT,1592212933.0,1.46,3.8,,,True,47.90590394091452,0.8563978949046718,22.966569751257854,-0.8473746517734722,0.009,0.9999999829708957,-2.812869636449009,3.5731812005363355,2026-03-18 23:24:11.750000
XRPUSDT,1592212934.0,1.46,231.2,,,True,48.005815656119076,0.8567030555132157,22.990714508030567,-0.8482308533327104,0.009,0.9999999829359832,-2.8057407649161634,3.5781459367393103,2026-03-18 23:24:11.750000
XRPUSDT,1592212935.0,1.46,482.3,,,True,48.10579682546265,0.8570076759186953,23.014845062267458,-0.8490833569621835,0.009,0.9999999829016881,-2.7985768981260946,3.5831106798546974,2026-03-18 23:24:11.750000
XRPUSDT,1592212936.0,1.46,171.9,,,True,48.205847400664986,0.8573117566172891,23.038961408326795,-0.8499321611474457,0.001,0.9999999828680036,-2.7913780426956634,3.5880753386906603,2026-03-18 23:24:11.751000
XRPUSDT,1592212937.0,1.46,5.0,,,True,48.30596611072593,0.8576152981067418,23.06306339141648,-0.8507668833306805,0.001,0.9999999828349407,-2.7499442818835607,3.593040004416355,2026-03-18 23:24:11.752000
XRPUSDT,1592212938.0,1.46,3.5,,,True,48.406154129158644,0.8579183008863546,23.087151155647007,-0.8516082677717661,0.001,0.9999999828024834,-2.776820866662528,3.598004677003279,2026-03-18 23:24:11.752000
XRPUSDT,1592212939.0,1.46,3.6,,,True,48.50641140798652,0.8582207654569752,23.111224695598306,-0.8524459486858859,0.001,0.9999999827706249,-2.769517475718864,3.602969356423004,2026-03-18 23:24:11.752000
XRPUSDT,1592212940.0,1.46,3.6,,,True,48.60673789933259,0.858522692320987,23.135284005923882,-0.8532799247669575,0.001,0.9999999827393571,-2.7621791250715857,3.60793404264731,2026-03-18 23:24:11.752000
XRPUSDT,1592212941.0,1.46,3.5,,,True,48.70713355541914,0.8588240819822996,23.159329081350702,-0.8541101947604528,0.001,0.999999982708674,-2.754805821404829,3.612898735648161,2026-03-18 23:24:11.752000
XRPUSDT,1592212942.0,1.46,3.6,,,True,48.807598328567394,0.8591249349463376,23.183359916679116,-0.8549367574632698,0.001,0.9999999826785692,-2.747397571635066,3.6178634353976196,2026-03-18 23:24:11.752000
XRPUSDT,1592212943.0,1.46,3.5,,,True,48.90813217119717,0.8594252517200357,23.207376506782758,-0.8557596117237167,0.001,0.9999999826490348,-2.739954383214174,3.622828141867914,2026-03-18 23:24:11.752000
XRPUSDT,1592212944.0,1.4599,3.5,,,True,48.98661292714222,0.8596262610586372,23.228711882396308,-0.6685037612639806,0.001,0.9999999826073589,931.5778648026517,3.6277928550262426,2026-03-18 23:24:11.752000
XRPUSDT,1592212945.0,1.4599,452.5,,,True,49.087269619374055,0.8599256833558538,23.252702905668006,-0.8573837950552695,0.001,0.9999999825789547,-630.8148576343267,3.632757574851955,2026-03-18 23:24:11.752000
XRPUSDT,1592212946.0,1.46,61.6,,,False,49.2101490463811,0.860322996230774,23.27934092427419,-1.046528299911119,0.495,0.9999999825637925,-476.0593396170485,3.6377279865744128,2026-03-18 23:24:12.247000
XRPUSDT,1592212947.0,1.46,3.5,,,False,49.311035446819446,0.8606211733310338,23.303309684270594,-0.8596673017242003,0.186,0.9999999825353854,626.6778972097484,3.642694842716883,2026-03-18 23:24:12.433000
XRPUSDT,1592212948.0,1.46,15.7,,,False,49.41194267466643,0.8609188167978639,23.32725839714744,-0.8600631623381582,0.186,0.9999999825076318,-1.3299825397611131,3.647661704568912,2026-03-18 23:24:12.433000
XRPUSDT,1592212949.0,1.46,3.6,,,False,49.51291871590144,0.8612159271470232,23.351192826522926,-0.8608640950316857,0.186,0.9999999824802058,-2.6957414839089258,3.65262857210415,2026-03-18 23:24:12.433000
XRPUSDT,1592212950.0,1.46,3.6,,,False,49.613963523566845,0.8615125048957075,23.375112967774324,-0.8616613092438674,0.186,0.9999999824531025,-2.6880445876953476,3.657595445295547,2026-03-18 23:24:12.433000
XRPUSDT,1592212951.0,1.46,3.5,,,False,49.7150770507917,0.8618085505625387,23.399018816350416,-0.862454804149362,0.186,0.9999999824263186,-2.680312513903981,3.6625623241162772,2026-03-18 23:24:12.433000
XRPUSDT,1592212952.0,1.46,3.5,,,False,49.816259250800236,0.8621040646675561,23.422910367772428,-0.8632445790473856,0.186,0.9999999823998508,-2.672545521903651,3.6675292085395466,2026-03-18 23:24:12.433000
XRPUSDT,1592212953.0,1.4601,3.5,,,False,49.93976813700847,0.862496180539858,23.44942643610751,-1.053540266456147,0.035,0.999999982386306,-485.304729674999,3.672494349810491,2026-03-18 23:24:12.468000
XRPUSDT,1592212954.0,1.4601,3.6,,,False,50.04107886503369,0.8627904583024246,23.473283604455723,-0.8646106430590585,0.035,0.9999999823607769,642.0112133152129,3.6774594973401773,2026-03-18 23:24:12.468000
XRPUSDT,1592212955.0,1.4601,3.6,,,False,50.1424580958493,0.8630842062448267,23.497126467481376,-0.8653878838662697,0.035,0.9999999823357218,-2.645944685962205,3.682424651161969,2026-03-18 23:24:12.468000
XRPUSDT,1592212956.0,1.4601,150.0,,,False,50.24390578148171,0.8633774248931247,23.52095502083471,-0.8661613917822377,0.035,0.999999982311138,-2.6379901839729727,3.687389811249638,2026-03-18 23:24:12.468000
XRPUSDT,1592212957.0,1.4601,3.6,,,False,50.34542187570288,0.8636701147747441,23.544769260433416,-0.8669311804458586,0.035,0.9999999822870168,-2.630048771627894,3.692354977577197,2026-03-18 23:24:12.468000
XRPUSDT,1592212958.0,1.4601,3.6,,,False,50.44700633237819,0.8639622764184635,23.56856918226677,-0.8676972494659463,0.035,0.9999999822633552,-2.6220725292178515,3.697320150118718,2026-03-18 23:24:12.468000
XRPUSDT,1592212959.0,1.4601,3.5,,,False,50.54865910546634,0.8642539103544121,23.592354782395514,-0.8684595985003092,0.035,0.999999982240146,-2.614061466759784,3.7022853288484283,2026-03-18 23:24:12.468000
XRPUSDT,1592212960.0,1.4601,3.6,,,False,50.650380149018865,0.8645450171140503,23.61612605695171,-0.8692182272546967,0.035,0.9999999822173864,-2.6060155914291103,3.7072505137407,2026-03-18 23:24:12.468000
XRPUSDT,1592212961.0,1.4601,3.5,,,False,50.75216941717989,0.8648355972301653,23.639883002138678,-0.8699731354830981,0.035,0.9999999821950691,-2.5979349120451296,3.71221570476997,2026-03-18 23:24:12.468000
XRPUSDT,1592212962.0,1.4601,1000.0,,,True,50.854026864185855,0.8651256512368637,23.663625614230813,-0.8707243229872695,0.49,0.9999999821731907,-2.5898194364634057,3.7171862156602575,2026-03-18 23:24:12.958000
XRPUSDT,1592212963.0,1.4601,3.6,,,True,50.95602502880875,0.8654151796695527,23.68736233817415,-0.8720917525785857,3.018,0.9999999821507949,-4.722954421491547,3.722186279030044,2026-03-18 23:24:15.976000
XRPUSDT,1592212964.0,1.4601,1.4,,,True,51.05849524451881,0.8657041830649431,23.71113162550201,-0.8762866834039096,3.018,0.9999999821230009,-14.515161040434059,3.7271863319248446,2026-03-18 23:24:15.976000
XRPUSDT,1592212965.0,1.4601,3.5,,,True,51.16103391286733,0.8659926619610311,23.73488641480362,-0.8770316499344495,1.704,0.9999999820922433,-2.5823952484647243,3.7321709891109256,2026-03-18 23:24:17.680000
XRPUSDT,1592212966.0,1.4601,3.7,,,True,51.263430407486425,0.8662806168970916,23.758602325864437,-0.8759732902963449,1.704,0.9999999820613712,3.67543495723345,3.7371556431101416,2026-03-18 23:24:17.680000
XRPUSDT,1592212967.0,1.4601,3.7,,,True,51.365895081722286,0.866568048413668,23.78230380028926,-0.8767085586048875,1.704,0.9999999820290632,-2.5580643253754585,3.7421402939243427,2026-03-18 23:24:17.680000
XRPUSDT,1592212968.0,1.4601,3.7,,,True,51.468427890118086,0.8668549570525631,23.805990834780427,-0.8774400772497368,1.704,0.9999999819953191,-2.5496570882855165,3.7471249415253487,2026-03-18 23:24:17.680000
XRPUSDT,1592212969.0,1.4601,3.7,,,True,51.57102878689408,0.86714134335683,23.82966342606399,-0.8781678428526882,1.704,0.9999999819601388,-2.541202536952021,3.7521095858846003,2026-03-18 23:24:17.680000
XRPUSDT,1592212970.0,1.4601,378.3,,,True,51.67369772635727,0.8674272078707614,23.85332157093711,-0.8788918555849432,1.704,0.9999999819235202,-2.532712865608298,3.7570942269735355,2026-03-18 23:24:17.680000
XRPUSDT,1592212971.0,1.4601,3.6,,,True,51.776434662901,0.8677125511398822,23.876965266267902,-0.8796121156650345,1.704,0.9999999818854644,-2.5241880851460947,3.7620788647632435,2026-03-18 23:24:17.680000
XRPUSDT,1592212972.0,1.4601,3.6,,,True,51.87923955100487,0.8679973737109374,23.900594508995365,-0.8803286233583,1.704,0.9999999818459702,-2.515628205345293,3.7670634992247938,2026-03-18 23:24:17.680000
XRPUSDT,1592212973.0,1.4601,6.2,,,True,51.98211234523431,0.8682816761318859,23.924209296129177,-0.8810413789770989,1.704,0.9999999818050377,-2.507033237427587,3.7720481303289377,2026-03-18 23:24:17.680000
XRPUSDT,1592212974.0,1.4601,3.6,,,True,52.0850530002404,0.8685654589518863,23.94780962474963,-0.8817503828799775,1.704,0.9999999817626649,-2.4984031904313992,3.777032758046362,2026-03-18 23:24:17.680000
XRPUSDT,1592212975.0,1.4601,3.6,,,True,52.18806147075955,0.8688487227212972,23.97139549200742,-0.8824556354724116,1.704,0.999999981718854,-2.4897380766369652,3.7820173823474597,2026-03-18 23:24:17.680000
XRPUSDT,1592212976.0,1.4601,14.2,,,True,52.291137711613274,0.8691314679916557,23.994966895123586,-0.8831571372055914,1.704,0.9999999816736026,-2.4810379048614575,3.787002003202599,2026-03-18 23:24:17.680000
XRPUSDT,1592212977.0,1.4601,3.5,,,True,52.39428167770788,0.8694136953156759,24.0185238313893,-0.8838548885771826,1.704,0.9999999816269128,-2.472302687252796,3.7919866205818535,2026-03-18 23:24:17.680000
XRPUSDT,1592212978.0,1.4601,3.7,,,True,52.49749332403423,0.8696954052472391,24.042066298165803,-0.8845488901303473,1.704,0.9999999815787827,-2.46353243321504,3.7969712344551896,2026-03-18 23:24:17.680000
XRPUSDT,1592212979.0,1.4601,3.6,,,True,52.60077260566751,0.8699765983413784,24.06559429288422,-0.8852391424542745,1.704,0.9999999815292119,-2.454727154804064,3.801955844792397,2026-03-18 23:24:17.680000
XRPUSDT,1592212980.0,1.4601,3.5,,,True,52.70411947776687,0.8702572751542789,24.08910781304543,-0.8859256461833387,1.704,0.9999999814782025,-2.4458868617255307,3.8069404515630945,2026-03-18 23:24:17.680000
XRPUSDT,1592212981.0,1.4601,98.3,,,False,52.80753389557529,0.8705374362432626,24.112606856219905,-0.8866084019974585,0.095,0.9999999814257533,-2.437011565725922,3.811905970381053,2026-03-18 23:24:17.775000
XRPUSDT,1592212982.0,1.4601,13.7,,,False,52.910751829956986,0.8708170821667803,24.136061746504154,-0.8850264798555108,0.883,0.9999999813757267,5.656875387449043,3.81688084939307,2026-03-18 23:24:18.658000
XRPUSDT,1592212983.0,1.46,3.7,,,True,52.99146257272669,0.8710042529872345,24.156968618756387,-0.6924393035030515,3.941,0.9999999813118927,1028.9380357747716,3.821892036381091,2026-03-18 23:24:22.599000
XRPUSDT,1592212984.0,1.46,3.5,,,True,53.09543264479868,0.8712830396557296,24.18046860112977,-0.8918205831149484,3.941,0.9999999812527998,-715.1750859829385,3.8269032137344605,2026-03-18 23:24:22.599000
XRPUSDT,1592212985.0,1.46,3.6,,,True,53.19947021261336,0.8715613126554776,24.20395395958438,-0.892491076512782,3.941,0.9999999811892912,-2.409480612351054,3.831914372872587,2026-03-18 23:24:22.599000
XRPUSDT,1592212986.0,1.46,3.6,,,True,53.30357539116575,0.8718390725489953,24.22742470997828,-0.8931591536229919,3.941,0.9999999811213158,-2.405232453646027,3.836925513759414,2026-03-18 23:24:22.599000
XRPUSDT,1592212987.0,1.46,3.7,,,True,53.40774813524706,0.8721163198998856,24.250880850245206,-0.8938234422578727,3.941,0.999999981048825,-2.39601436315841,3.8419366363582164,2026-03-18 23:24:22.599000
XRPUSDT,1592212988.0,1.46,3.7,,,True,53.511988399725915,0.8723930552728292,24.274322378388906,-0.894483943403045,3.941,0.9999999809717717,-2.38676081827452,3.8469477406318138,2026-03-18 23:24:22.599000
XRPUSDT,1592212989.0,1.46,3.7,,,True,53.61629613954895,0.8726692792335751,24.297749292483047,-0.895140658095768,3.941,0.999999980890108,-2.3774718563503923,3.851958826542419,2026-03-18 23:24:22.599000
XRPUSDT,1592212990.0,1.46,56.7,,,True,53.72067130974054,0.8729449923489301,24.321161590671128,-0.895793587418085,3.941,0.9999999808037879,-2.3681474908302764,3.856969894051816,2026-03-18 23:24:22.599000
XRPUSDT,1592212991.0,1.46,51.4,,,True,53.82511386540269,0.8732201951867571,24.34455927116625,-0.8964427324971422,3.941,0.9999999807127665,-2.3587877370119372,3.8619809431212198,2026-03-18 23:24:22.599000
XRPUSDT,1592212992.0,1.46,51.4,,,True,53.9296237617147,0.873494888315955,24.367942332251026,-0.8970880945038878,3.941,0.9999999806169992,-2.3493926063239416,3.8669919737113556,2026-03-18 23:24:22.599000
XRPUSDT,1592212993.0,1.46,51.4,,,True,54.03420095393303,0.8737690723064575,24.3913107722774,-0.8977296746539666,3.941,0.999999980516443,-2.3399621141370592,3.872002985782422,2026-03-18 23:24:22.599000
XRPUSDT,1592212994.0,1.46,51.4,,,True,54.13884539739103,0.8740427477292239,24.4146645896665,-0.8983674742067443,3.941,0.999999980411055,-2.330496273033188,3.877013979294157,2026-03-18 23:24:22.599000
XRPUSDT,1592212995.0,1.46,116.0,,,True,54.24355704749879,0.8743159151562225,24.43800378290849,-0.8990014944656864,0.324,0.9999999803007931,-2.320995097798293,3.8819816200024375,2026-03-18 23:24:22.923000
XRPUSDT,1592212996.0,1.46,3.6,,,True,54.34773123831917,0.8745885751604343,24.461262099827444,-0.8944468793720222,0.324,0.9999999801962287,16.704375498089803,3.8869492671094164,2026-03-18 23:24:22.923000
XRPUSDT,1592212997.0,1.46,3.5,,,True,54.45197212147363,0.8748607283158346,24.484505990985763,-0.8950691844505174,0.324,0.9999999800923755,-2.286598799782159,3.8919169206009316,2026-03-18 23:24:22.923000
XRPUSDT,1592212998.0,1.46,3.6,,,True,54.55627965440853,0.8751323751973882,24.507735455114307,-0.8956877888938937,0.324,0.9999999799892272,-2.277237418807855,3.896884580443428,2026-03-18 23:24:22.923000
XRPUSDT,1592212999.0,1.46,3.7,,,True,54.66065379437923,0.8754035163810389,24.53095049098019,-0.8963026918031809,0.324,0.9999999798867772,-2.267832945951241,3.9018522466034455,2026-03-18 23:24:22.923000
XRPUSDT,1592213000.0,1.46,3.6,,,True,54.76509449872235,0.8756741524437023,24.554151097416575,-0.8969138946581126,0.324,0.9999999797850206,-2.2583939808930302,3.9068199190475963,2026-03-18 23:24:22.923000
XRPUSDT,1592213001.0,1.46,3.6,,,True,54.869601724855585,0.8759442839632559,24.577337273322513,-0.8975213989794555,0.324,0.99999997968395,-2.2489205345118948,3.9117875977427037,2026-03-18 23:24:22.923000
XRPUSDT,1592213002.0,1.46,3.7,,,True,54.97417543027741,0.8762139115185306,24.600509017662766,-0.8981252063287285,0.324,0.9999999795835599,-2.2394126173707396,3.9167552826556293,2026-03-18 23:24:22.923000
XRPUSDT,1592213003.0,1.46,3.7,,,True,55.0788155725668,0.8764830356893026,24.62366632946768,-0.8987253183081779,0.324,0.9999999794838447,-2.2298702406692157,3.9217229737533557,2026-03-18 23:24:22.923000
XRPUSDT,1592213004.0,1.46,3.7,,,True,55.18352210938307,0.8767516570562849,24.646809207832998,-0.8993217365604692,0.324,0.9999999793847982,-2.220293415194718,3.9266906710030365,2026-03-18 23:24:22.923000
XRPUSDT,1592213005.0,1.46,3.5,,,True,55.288294998465496,0.877019776201117,24.669937651919717,-0.8999144627686821,0.324,0.9999999792864145,-2.210682152458682,3.931658374371852,2026-03-18 23:24:22.923000
XRPUSDT,1592213006.0,1.46,3.6,,,True,55.393134197633174,0.8772873937063567,24.69305166095391,-0.9005034986557205,0.324,0.9999999791886883,-2.2010364625100958,3.9366260838271403,2026-03-18 23:24:22.923000
XRPUSDT,1592213007.0,1.4599,3.7,,,True,55.47498272406087,0.8774665033510567,24.713675409188564,-0.7033948631446973,0.011,0.999999979078259,1100.4914662252934,3.9415900186816657,2026-03-18 23:24:22.934000
XRPUSDT,1592213008.0,1.4599,6.9,,,True,55.57988672940057,0.8777332842577962,24.73675793181602,-0.9012729821868203,0.011,0.9999999789826759,-741.7251911335421,3.946553961885738,2026-03-18 23:24:22.934000
XRPUSDT,1592213009.0,1.4599,3.5,,,True,55.684856892778654,0.8779995650850052,24.759826036471637,-0.901851708317502,0.011,0.9999999788881901,-2.1733676312619803,3.951517913380896,2026-03-18 23:24:22.934000
XRPUSDT,1592213010.0,1.4599,3.5,,,True,55.78989317284944,0.8782653464185453,24.782879722655075,-0.9024267598055509,0.011,0.9999999787947924,-2.1636263178812167,3.9564818731355382,2026-03-18 23:24:22.934000
XRPUSDT,1592213011.0,1.4599,5.2,,,True,55.8949955279439,0.8785306288451509,24.805918989886962,-0.9029981351040958,0.011,0.9999999787024708,-2.153837726289846,3.9614458411183464,2026-03-18 23:24:22.934000
XRPUSDT,1592213012.0,1.4599,3.8,,,True,56.00016391647178,0.878795412952434,24.82894383775194,-0.9035658361581079,0.011,0.9999999786112146,-2.1440148347162435,3.966409817298056,2026-03-18 23:24:22.934000
XRPUSDT,1592213013.0,1.4599,3.6,,,True,56.105398296921386,0.8790596993288663,24.851954265898488,-0.9041298649514884,0.011,0.9999999785210149,-2.1341576550200982,3.971373801643664,2026-03-18 23:24:22.934000
XRPUSDT,1592213014.0,1.4599,3.6,,,True,56.21069862785925,0.8793234885637738,24.87495027403878,-0.9046902235061023,0.011,0.9999999784318612,-2.124266196117811,3.9763377941241993,2026-03-18 23:24:22.934000
XRPUSDT,1592213015.0,1.4599,199.0,,,True,56.31606486793003,0.8795867812473281,24.897931861948543,-0.90524691388296,0.011,0.9999999783437428,-2.1143404721418504,3.981301794708894,2026-03-18 23:24:22.934000
XRPUSDT,1592213016.0,1.4599,3.7,,,True,56.42149697585612,0.879849577970538,24.920899029466817,-0.9057999381806677,0.011,0.9999999782566501,-2.104380492089271,3.9862658033671883,2026-03-18 23:24:22.934000
XRPUSDT,1592213017.0,1.4599,3.7,,,True,56.52699491043754,0.8801118793252415,24.94385177649586,-0.9063492985363133,0.011,0.9999999781705732,-2.094386269055048,3.9912298200685865,2026-03-18 23:24:22.934000
XRPUSDT,1592213018.0,1.4599,3.7,,,True,56.63255863055156,0.8803736859040966,24.966790103000932,-0.9068949971242092,0.011,0.9999999780855027,-2.084357812100256,3.996193844782763,2026-03-18 23:24:22.934000
XRPUSDT,1592213019.0,1.4599,3.6,,,True,56.73818809515255,0.8806349983005743,24.989714009010157,-0.9074370361568831,0.011,0.9999999780014287,-2.074295134789214,4.001157877479595,2026-03-18 23:24:22.934000
XRPUSDT,1592213020.0,1.4599,3.7,,,True,56.84388326327173,0.8808958171089493,25.012623494614353,-0.9079754178839123,0.011,0.9999999779183406,-2.0641982469889233,4.006121918129061,2026-03-18 23:24:22.934000
XRPUSDT,1592213021.0,1.4598,3.7,,,True,56.926383039538926,0.88107036850233,25.033084311958227,-0.7090557546976838,0.119,0.9999999778224526,1139.605129088461,4.011087281720009,2026-03-18 23:24:23.053000
XRPUSDT,1592213022.0,1.4598,3.5,,,True,57.032213728464825,0.881330364196895,25.05597000449973,-0.9092740882422063,0.119,0.9999999777410018,-770.0832657228655,4.016052652666652,2026-03-18 23:24:23.053000
XRPUSDT,1592213023.0,1.4598,6.9,,,True,57.13811001446648,0.8815898678941303,25.078841271690823,-0.9098026003118934,0.119,0.9999999776603611,-2.036626357611876,4.021018030627155,2026-03-18 23:24:23.053000
XRPUSDT,1592213024.0,1.4598,3.6,,,True,57.244071860822636,0.8818488801911893,25.101698114268142,-0.9103274953057414,0.119,0.9999999775805234,-2.0265253804854746,4.025983415571822,2026-03-18 23:24:23.053000
XRPUSDT,1592213025.0,1.4598,3.6,,,True,57.35009922688132,0.8821074016859941,25.12454053261093,-0.9108487412734836,0.119,0.9999999775014814,-2.01625775116229,4.0309488074711215,2026-03-18 23:24:23.053000
XRPUSDT,1592213026.0,1.4598,3.8,,,True,57.45619207206587,0.8823654329772254,25.14736852716024,-0.911366340678848,0.119,0.9999999774232273,-2.0059559555533135,4.035914206295576,2026-03-18 23:24:23.053000
XRPUSDT,1592213027.0,1.4598,3.7,,,True,57.56235035587472,0.8826229746643087,25.170182098418756,-0.9118802960220826,0.119,0.9999999773457552,-1.9956200064351446,4.040879612015919,2026-03-18 23:24:23.053000
XRPUSDT,1592213028.0,1.4598,3.7,,,True,57.66857403788113,0.8828800273474161,25.192981246950648,-0.9123906098391852,0.119,0.9999999772690573,-1.9852499142728381,4.045845024602981,2026-03-18 23:24:23.053000
XRPUSDT,1592213029.0,1.4598,3.7,,,True,57.77486307773304,0.8831365916274518,25.215765973381377,-0.9128972847026435,0.119,0.9999999771931255,-1.974845693203204,4.050810444027717,2026-03-18 23:24:23.053000
XRPUSDT,1592213030.0,1.4598,3.6,,,True,57.88121743515271,0.8833926681060454,25.238536278397515,-0.9134003232199897,0.119,0.9999999771179551,-1.9644073524786732,4.0557758702611855,2026-03-18 23:24:23.053000
XRPUSDT,1592213031.0,1.4598,3.5,,,True,57.987637069936675,0.8836482573855438,25.261292162746592,-0.9138997280349087,0.119,0.9999999770435373,-1.953934906422209,4.060741303274585,2026-03-18 23:24:23.053000
XRPUSDT,1592213032.0,1.4598,3.6,,,True,58.09412194195528,0.8839033600690039,25.2840336272369,-0.9143955018257961,0.119,0.9999999769698663,-1.9434283644639396,4.065706743039244,2026-03-18 23:24:23.053000
XRPUSDT,1592213033.0,1.4598,3.7,,,True,58.200672011152704,0.8841579767601841,25.306760672737358,-0.9148876473070469,0.119,0.9999999768969347,-1.9328877418426438,4.070672189526628,2026-03-18 23:24:23.053000
XRPUSDT,1592213034.0,1.4598,3.5,,,True,58.307287237546525,0.8844121080635361,25.32947330017727,-0.9153761672273015,0.119,0.9999999768247361,-1.9223130476693833,4.0756376427082825,2026-03-18 23:24:23.053000
XRPUSDT,1592213035.0,1.4597,3.5,,,True,58.390504137542955,0.8845821761011889,25.349779096214117,-0.7147980743634768,0.035,0.9999999767391883,1179.3991136256593,4.080602071249403,2026-03-18 23:24:23.088000
XRPUSDT,1592213036.0,1.4597,2.2,,,True,58.497220531092125,0.8848354980201878,25.372464503810008,-0.9163030255231417,0.035,0.9999999766686316,-795.4501211582077,4.085566507233296,2026-03-18 23:24:23.088000
XRPUSDT,1592213037.0,1.4597,4.7,,,True,58.60400196206324,0.8850883361687548,25.395135502032808,-0.9167816532324166,0.035,0.9999999765988998,-1.8930201474244326,4.090530950534237,2026-03-18 23:24:23.088000
XRPUSDT,1592213038.0,1.4597,1.0,,,True,58.710848391868154,0.885340691153819,25.417792092136203,-0.9172566761359244,0.035,0.999999976529985,-1.8823598962672163,4.09549540112456,2026-03-18 23:24:23.088000
XRPUSDT,1592213039.0,1.4597,2.7,,,True,58.817759780910315,0.8855925635829719,25.440434275323213,-0.9177280878746902,0.035,0.9999999764618803,-1.871628984367857,4.100459858976553,2026-03-18 23:24:23.088000
XRPUSDT,1592213040.0,1.4597,3.0,,,True,58.92473608966548,0.8858439540644487,25.463062052856298,-0.9181958913929537,0.035,0.9999999763945777,-1.860864084890222,4.105424324062795,2026-03-18 23:24:23.088000
XRPUSDT,1592213041.0,1.4597,0.8,,,True,59.031777278681496,0.8860948632071282,25.485675426057114,-0.9186600896693038,0.035,0.9999999763280699,-1.8500652124230623,4.110388796355871,2026-03-18 23:24:23.088000
XRPUSDT,1592213042.0,1.4597,3.6,,,True,59.13888330857807,0.886345291620525,25.508274396306366,-0.9191206857151318,0.035,0.9999999762623504,-1.8392323761527793,4.115353275828568,2026-03-18 23:24:23.088000
XRPUSDT,1592213043.0,1.4597,1.3,,,True,59.246054140046546,0.886595239914774,25.530858965043674,-0.9195776825759361,0.035,0.9999999761974094,-1.8283655912812975,4.120317762453751,2026-03-18 23:24:23.088000
XRPUSDT,1592213044.0,1.4597,2.3,,,True,59.3532897338497,0.8868447087006343,25.553429133767292,-0.920031083329822,0.001,0.999999976133242,-1.8174648676880867,4.12528183697732,2026-03-18 23:24:23.089000
XRPUSDT,1592213045.0,1.4597,3.7,,,True,59.4605840275369,0.887093698589474,25.575984301347212,-0.9204292898415729,0.001,0.9999999760699222,-1.5992878811528577,4.130245918896489,2026-03-18 23:24:23.089000
XRPUSDT,1592213046.0,1.4597,3.7,,,True,59.56794300229281,0.8873422101932644,25.598525074101936,-0.9208754944744267,0.001,0.9999999760074045,-1.7955082420619897,4.1352100081845,2026-03-18 23:24:23.089000
XRPUSDT,1592213047.0,1.4597,3.7,,,True,59.67536661910848,0.8875902441245727,25.621051453703537,-0.9213181130975311,0.001,0.9999999759456815,-1.7845083564567068,4.140174104814879,2026-03-18 23:24:23.089000
XRPUSDT,1592213048.0,1.4597,3.6,,,True,59.782854839045605,0.8878378009965537,25.643563441882065,-0.9217571489191558,0.001,0.9999999758847452,-1.773474588329335,4.14513820876118,2026-03-18 23:24:23.089000
XRPUSDT,1592213049.0,1.4597,3.5,,,True,59.89040762323623,0.8880848814229432,25.666061040425337,-0.9221926051800643,0.001,0.9999999758245888,-1.7624069509339455,4.150102319997126,2026-03-18 23:24:23.089000
XRPUSDT,1592213050.0,1.4597,3.6,,,True,59.99802493288259,0.8883314860180495,25.68854425117877,-0.9226244851529934,0.001,0.9999999757652044,-1.7513054561818655,4.155066438496602,2026-03-18 23:24:23.089000
XRPUSDT,1592213051.0,1.4597,3.6,,,True,60.1057067292569,0.8885776153967468,25.71101307604519,-0.9230527921429521,0.001,0.9999999757065855,-1.7401701179494378,4.160030564233532,2026-03-18 23:24:23.089000
XRPUSDT,1592213052.0,1.4597,3.7,,,True,60.21345297370109,0.8888232701744674,25.73346751698467,-0.9234775294859805,0.001,0.9999999756487243,-1.7290009458378242,4.164994697181922,2026-03-18 23:24:23.089000
XRPUSDT,1592213053.0,1.4597,3.5,,,True,60.321263627626685,0.8890684509671941,25.75590757601432,-0.923898700550642,0.001,0.9999999755916141,-1.7177979562655874,4.169958837316096,2026-03-18 23:24:23.089000
XRPUSDT,1592213054.0,1.4596,3.5,,,True,60.405403754909024,0.8892325209181963,25.77599844880869,-0.7213307117894346,0.101,0.9999999755209404,1234.644049833031,4.174924223010105,2026-03-18 23:24:23.190000
XRPUSDT,1592213055.0,1.4596,4.5,,,True,60.513346888823605,0.8894769114077197,25.798414631927198,-0.9249894744890329,0.101,0.9999999754650728,-833.3334210212548,4.179889615235544,2026-03-18 23:24:23.190000
XRPUSDT,1592213056.0,1.4596,2.4,,,True,60.621354330767765,0.889720829559725,25.8208164335583,-0.925400959335909,0.001,0.9999999754098119,-1.6869791915576242,4.184853773834328,2026-03-18 23:24:23.191000
XRPUSDT,1592213057.0,1.4596,2.3,,,True,60.72940810986505,0.889964275992153,25.843202101563,-0.9256554785273103,0.001,0.9999999753553823,-1.0454833486892356,4.189817939523874,2026-03-18 23:24:23.191000
XRPUSDT,1592213058.0,1.4596,1.5,,,True,60.837526114939635,0.8902072513234616,25.86557339886079,-0.9260598579317034,0.001,0.9999999753016725,-1.6642817285823017,4.194782112279025,2026-03-18 23:24:23.191000
XRPUSDT,1592213059.0,1.4596,3.2,,,True,60.945708307801056,0.8904497561726128,25.88793032778569,-0.9264606902526329,0.001,0.9999999752486737,-1.6528837354485568,4.199746292074651,2026-03-18 23:24:23.191000
XRPUSDT,1592213060.0,1.4596,0.5,,,True,61.05395465032687,0.8906917911590756,25.910272890727576,-0.9268579790663054,0.127,0.9999999751963815,-1.641452004433962,4.2047120438170005,2026-03-18 23:24:23.318000
XRPUSDT,1592213061.0,1.4596,3.6,,,True,61.16228779664526,0.8909333569028113,25.93260329299514,-0.9274457281188846,0.127,0.9999999751445021,-2.4330811293437926,4.20967780137711,2026-03-18 23:24:23.318000
XRPUSDT,1592213062.0,1.4596,3.6,,,True,61.27068502646322,0.8911744540242688,25.954919326631085,-0.9278359578821409,0.127,0.9999999750931632,-1.6185583672558883,4.214643564729603,2026-03-18 23:24:23.318000
XRPUSDT,1592213063.0,1.4596,3.7,,,True,61.37914630179852,0.8914150831443765,25.97722099419716,-0.9282226525739432,0.127,0.9999999750423599,-1.6070153588611276,4.219609333849617,2026-03-18 23:24:23.318000
XRPUSDT,1592213064.0,1.4596,3.7,,,True,61.48767158474156,0.8916552448845361,25.99950829831081,-0.9286058159419652,0.127,0.9999999749920874,-1.5954388395393981,4.224575108712379,2026-03-18 23:24:23.318000
XRPUSDT,1592213065.0,1.4596,3.7,,,True,61.59626083744976,0.8918949398666145,26.021781241644504,-0.928985451717262,0.127,0.9999999749423407,-1.5838286308911511,4.229540889293166,2026-03-18 23:24:23.318000
XRPUSDT,1592213066.0,1.4596,3.6,,,True,61.704914022147385,0.8921341687129376,26.044039826925523,-0.9293615636602384,0.127,0.9999999748931154,-1.5721847459331826,4.234506675567401,2026-03-18 23:24:23.318000
XRPUSDT,1592213067.0,1.4596,3.6,,,True,61.81363110112531,0.8923729320462825,26.066284056935782,-0.9297341555601779,0.127,0.9999999748444073,-1.5605071964767172,4.239472467510607,2026-03-18 23:24:23.318000
XRPUSDT,1592213068.0,1.4596,3.5,,,True,61.922412036740866,0.8926112304898707,26.088513934511663,-0.9301032312358953,0.127,0.9999999747962114,-1.5487959978258008,4.244438265098381,2026-03-18 23:24:23.318000
XRPUSDT,1592213069.0,1.4596,3.6,,,True,62.03125679141765,0.8928490646673612,26.11072946254381,-0.9304687945347327,0.127,0.9999999747485235,-1.5370511618411389,4.249404068306466,2026-03-18 23:24:23.318000
XRPUSDT,1592213070.0,1.4596,3.7,,,True,62.14016532764526,0.8930864352028417,26.132930643976934,-0.9308308493327794,0.127,0.9999999747013394,-1.5252727020807724,4.2543698771106095,2026-03-18 23:24:23.318000
XRPUSDT,1592213071.0,1.4596,3.5,,,True,62.249137607979186,0.8933233427208283,26.155117481809672,-0.9311893995344893,0.127,0.9999999746546544,-1.5134606312083947,4.259335691486819,2026-03-18 23:24:23.318000
XRPUSDT,1592213072.0,1.4595,3.5,,,True,62.334184221321564,0.8934818686234225,26.175009829557528,-0.726987597342611,0.356,0.999999974594079,1288.128935714354,4.264304367845062,2026-03-18 23:24:23.674000
XRPUSDT,1592213073.0,1.4595,5.2,,,True,62.44331161595002,0.8937180041851148,26.197175076061423,-0.932375238768454,0.356,0.9999999745478825,-869.786998425296,4.2692730486545845,2026-03-18 23:24:23.674000
XRPUSDT,1592213074.0,1.4595,1.7,,,True,62.55250265888036,0.8939536783989329,26.219325973470347,-0.932724178607822,0.356,0.9999999745019039,-1.480602539051402,4.274241732736716,2026-03-18 23:24:23.674000
XRPUSDT,1592213075.0,1.4595,2.6,,,True,62.66175732104378,0.8941888918908801,26.241462525771905,-0.9330696938777302,0.356,0.9999999744561423,-1.4689432440625492,4.279210420067202,2026-03-18 23:24:23.674000
XRPUSDT,1592213076.0,1.4595,1.2,,,True,62.771075565201905,0.8944236452873563,26.26358473622394,-0.9334117183567756,0.356,0.9999999744105963,-1.4569522067815623,4.284179110621978,2026-03-18 23:24:23.674000
XRPUSDT,1592213077.0,1.4595,3.7,,,True,62.88045735418097,0.8946579392151436,26.285692608137282,-0.933750256120251,0.356,0.9999999743652633,-1.4449276030009603,4.289147804376992,2026-03-18 23:24:23.674000
XRPUSDT,1592213078.0,1.4595,0.6,,,True,62.98990265087156,0.8948917743014017,26.30778614487555,-0.9340853112702274,0.356,0.9999999743201422,-1.4328694437526175,4.294116501308286,2026-03-18 23:24:23.674000
XRPUSDT,1592213079.0,1.4595,3.0,,,True,63.09941141822846,0.8951251511736606,26.329865349854973,-0.9344168879367406,0.356,0.9999999742752309,-1.4207777458993636,4.299085201392041,2026-03-18 23:24:23.674000
XRPUSDT,1592213080.0,1.4595,2.5,,,True,63.20898361927048,0.8953580704598146,26.351930226544177,-0.9347449902761324,0.356,0.9999999742305286,-1.4086525199760824,4.304053904604406,2026-03-18 23:24:23.674000
XRPUSDT,1592213081.0,1.4595,1.1,,,True,63.31861921708026,0.8955905327881146,26.37398077846404,-0.9350696224725508,0.356,0.9999999741860327,-1.3964937837127194,4.309022610921642,2026-03-18 23:24:23.674000
XRPUSDT,1592213082.0,1.4595,4.4,,,True,63.428318174804105,0.8958225387871623,26.39601700918747,-0.9353907887359164,0.356,0.9999999741417425,-1.3843015468733515,4.3139913203200795,2026-03-18 23:24:23.674000
XRPUSDT,1592213083.0,1.4595,815.9,,,True,63.538080455651766,0.8960540890859026,26.41803892233924,-0.9357084933033271,1.557,0.9999999740976556,-1.3720758260263812,4.3189750805890395,2026-03-18 23:24:25.231000
XRPUSDT,1592213084.0,1.4595,378.3,,,True,63.6481271015182,0.8962851843136176,26.44006705211833,-0.9379042318940317,1.557,0.9999999740512215,-9.50144497753238,4.323958831738729,2026-03-18 23:24:25.231000
XRPUSDT,1592213085.0,1.4595,3.7,,,True,63.7582370736082,0.8965158250999201,26.462080797845186,-0.9382147426635478,1.557,0.9999999740035851,-1.346296006417342,4.328942573695535,2026-03-18 23:24:25.231000
XRPUSDT,1592213086.0,1.4595,3.7,,,True,63.86841033405444,0.8967460120747444,26.484080163308967,-0.938521776002074,1.557,0.9999999739547474,-1.3338432322708624,4.333926306433811,2026-03-18 23:24:25.231000
XRPUSDT,1592213087.0,1.4595,3.7,,,True,63.97864684575581,0.8969757458683477,26.506065152416017,-0.9388253423011723,1.557,0.9999999739047095,-1.3213828681314888,4.338910029927921,2026-03-18 23:24:25.231000
XRPUSDT,1592213088.0,1.4595,3.6,,,True,64.08894657167285,0.8972050271112917,26.528035769124145,-0.9391254459827036,1.557,0.9999999738534743,-1.3088889334251672,4.343893744152131,2026-03-18 23:24:25.231000
XRPUSDT,1592213089.0,1.4595,3.6,,,True,64.19930947482773,0.8974338564344448,26.549992017442467,-0.9394220914948334,1.557,0.9999999738010421,-1.2963614454742112,4.348877449080643,2026-03-18 23:24:25.231000
XRPUSDT,1592213090.0,1.4595,3.5,,,True,64.30973551830397,0.8976622344689745,26.571933901431176,-0.9397152833110813,1.557,0.9999999737474149,-1.2838004182485125,4.353861144687739,2026-03-18 23:24:25.231000
XRPUSDT,1592213091.0,1.4595,3.6,,,True,64.42022466524625,0.8978901618463336,26.593861425201393,-0.9400050259307895,1.557,0.9999999736925954,-1.2712058685765464,4.358844830947472,2026-03-18 23:24:25.231000
XRPUSDT,1592213092.0,1.4595,3.7,,,True,64.53077687886046,0.8981176391982651,26.615774592914928,-0.9402913238781079,1.557,0.9999999736365836,-1.258577809559584,4.363828507834069,2026-03-18 23:24:25.231000
XRPUSDT,1592213093.0,1.4595,3.6,,,True,64.64139212241334,0.8983446671567887,26.63767340878412,-0.9405741817032645,1.557,0.9999999735793826,-1.245916260693482,4.368812175321613,2026-03-18 23:24:25.231000
XRPUSDT,1592213094.0,1.4595,3.7,,,True,64.7520703592323,0.8985712463541952,26.659557877071663,-0.9408536039805507,1.557,0.9999999735209939,-1.2332212333909087,4.373795833384161,2026-03-18 23:24:25.231000
XRPUSDT,1592213095.0,1.4595,3.6,,,True,64.86281155270542,0.8987973774230411,26.68142800209037,-0.941129595309503,1.557,0.9999999734614188,-1.220492745029678,4.378779481995721,2026-03-18 23:24:25.231000
XRPUSDT,1592213096.0,1.4594,3.5,,,True,64.94929154797241,0.8989486841430095,26.701077302392335,-0.7351592948273958,0.003,0.999999973386189,1361.276620926517,4.3837435704407595,2026-03-18 23:24:25.234000
XRPUSDT,1592213097.0,1.4594,6.9,,,True,65.05985537189822,0.8991740681505016,26.72289568424201,-0.939362675290276,0.003,0.9999999733277057,-906.0242682483852,4.388707665858747,2026-03-18 23:24:25.234000
XRPUSDT,1592213098.0,1.4594,4.2,,,True,65.1704819655783,0.8993990057197486,26.744699831842393,-0.9396300113344332,0.003,0.9999999732699397,-1.1884899665814215,4.3936717682156,2026-03-18 23:24:25.234000
XRPUSDT,1592213099.0,1.4594,3.8,,,True,65.2811712934142,0.8996234974842267,26.766489749581112,-0.9398939622438247,0.003,0.9999999732128851,-1.1757710132716062,4.398635877487767,2026-03-18 23:24:25.234000
XRPUSDT,1592213100.0,1.4594,3.7,,,True,65.39192331981188,0.8998475440776476,26.788265441889273,-0.9401545321780933,0.003,0.9999999731565353,-1.1630167202724657,4.403599993651679,2026-03-18 23:24:25.234000
XRPUSDT,1592213101.0,1.4594,3.6,,,True,65.50273800923786,0.9000711461339527,26.81002691324639,-0.9404117257999703,0.003,0.9999999731008842,-1.150229233697586,4.4085641166839435,2026-03-18 23:24:25.234000
XRPUSDT,1592213102.0,1.4594,3.6,,,True,65.61361532621912,0.900294304287305,26.83177416818019,-0.9406655477948208,0.003,0.9999999730459254,-1.137408564453323,4.413528246561275,2026-03-18 23:24:25.234000
XRPUSDT,1592213103.0,1.4594,820.3,,,True,65.72455523534285,0.9005170191720899,26.853507211266447,-0.940916002871687,0.003,0.999999972991654,-1.1245547288317272,4.418492383260544,2026-03-18 23:24:25.234000
XRPUSDT,1592213104.0,1.4594,3.7,,,True,65.8355577012564,0.9007392914228987,26.875226047128788,-0.9411630957621637,0.003,0.9999999729380628,-1.111667738899987,4.423456526758628,2026-03-18 23:24:25.234000
XRPUSDT,1592213105.0,1.4594,3.7,,,True,65.94662268866703,0.900961121674529,26.896930680438484,-0.9414068312209067,0.003,0.9999999728851467,-1.098747609722546,4.428420677032543,2026-03-18 23:24:25.234000
XRPUSDT,1592213106.0,1.4594,3.7,,,True,66.05775016234172,0.9011825105619793,26.9186211159143,-0.9416472140249118,0.003,0.9999999728328992,-1.0857943538790575,4.433384834059426,2026-03-18 23:24:25.234000
XRPUSDT,1592213107.0,1.4594,3.5,,,True,66.16894008710709,0.9014034587204351,26.940297358322265,-0.9418842489742116,0.003,0.9999999727813146,-1.0728079878845698,4.438348997816554,2026-03-18 23:24:25.234000
XRPUSDT,1592213108.0,1.4594,3.6,,,True,66.28019242784906,0.9016239667852742,26.961959412475526,-0.9421179408900848,0.003,0.9999999727303879,-1.059788520858523,4.443313168281166,2026-03-18 23:24:25.234000
XRPUSDT,1592213109.0,1.4594,3.7,,,True,66.39150714951296,0.9018440353920528,26.983607283234132,-0.9423482946172996,0.003,0.9999999726801118,-1.046735972871238,4.448277345430766,2026-03-18 23:24:25.234000
XRPUSDT,1592213110.0,1.4593,3.5,,,True,66.47836625499907,0.9019912791988582,27.003076557011003,-0.7355047042406807,0.003,0.9999999726159224,1404.7693744427556,4.453241529228838,2026-03-18 23:24:25.234000
XRPUSDT,1592213111.0,1.4593,5.2,,,True,66.58979195528758,0.9022106152415366,27.02469918840766,-0.9429571319465885,0.003,0.9999999725669309,-945.8200538894531,4.458205719678073,2026-03-18 23:24:25.234000
XRPUSDT,1592213112.0,1.4593,3.5,,,True,66.70127993926461,0.9024295135240541,27.046307650478894,-0.9431783917459909,0.003,0.9999999725185748,-1.0107881928435911,4.463169916745204,2026-03-18 23:24:25.234000
XRPUSDT,1592213113.0,1.4593,6.9,,,True,66.81283017214407,0.9026479746825784,27.067901948257447,-0.9433963313510249,0.003,0.9999999724708477,-0.9976126031102335,4.468134120408058,2026-03-18 23:24:25.234000
XRPUSDT,1592213114.0,1.4593,3.8,,,True,66.92444261915223,0.902865999353429,27.089482086818034,-0.9436109553203504,0.003,0.9999999724237452,-0.9844022169061007,4.473098330644553,2026-03-18 23:24:25.234000
XRPUSDT,1592213115.0,1.4593,3.5,,,True,67.0361172455737,0.9030835881730734,27.111048071281253,-0.9438222686232279,0.003,0.9999999723772612,-0.9711588271071876,4.478062547432776,2026-03-18 23:24:25.234000
XRPUSDT,1592213116.0,1.4593,70.8,,,True,67.14785401675123,0.9033007417781187,27.132599906813386,-0.9440302762493719,0.003,0.9999999723313915,-0.9578824450119963,4.483026770750752,2026-03-18 23:24:25.234000
XRPUSDT,1592213117.0,1.4593,3.7,,,True,67.25965289808553,0.903517460805308,27.1541375986262,-0.9442349832100799,0.003,0.9999999722861295,-0.9445730878499368,4.487991000576762,2026-03-18 23:24:25.234000
XRPUSDT,1592213118.0,1.4593,3.6,,,True,67.3715138550351,0.9037337458915115,27.17566115197678,-0.9444363945364826,0.003,0.9999999722414706,-0.9312307655521639,4.492955236889122,2026-03-18 23:24:25.234000
XRPUSDT,1592213119.0,1.4593,3.6,,,True,67.48343685311616,0.9039495976737273,27.19717057216733,-0.944634515281214,0.003,0.9999999721974094,-0.917855496477898,4.497919479666187,2026-03-18 23:24:25.234000
XRPUSDT,1592213120.0,1.4593,3.5,,,True,67.5954218579023,0.9041650167890665,27.218665864544995,-0.944829350516361,0.003,0.9999999721539407,-0.9044472902982353,4.502883728886559,2026-03-18 23:24:25.234000
XRPUSDT,1592213121.0,1.4593,3.6,,,True,67.70746883502453,0.9043800038747539,27.24014703450166,-0.9450209053353895,0.003,0.9999999721110602,-0.8910061663286495,4.507847984528699,2026-03-18 23:24:25.234000
XRPUSDT,1592213122.0,1.4593,3.5,,,True,67.81957775017095,0.9045945595681215,27.261614087473784,-0.9452091848507207,0.003,0.9999999720687622,-0.8775321333869587,4.5128122465714124,2026-03-18 23:24:25.234000
XRPUSDT,1592213123.0,1.4592,3.5,,,True,67.90705181609884,0.9047381086700765,27.28094146477649,-0.7376747766055158,0.003,0.9999999720124556,1445.7381162177755,4.517776514979635,2026-03-18 23:24:25.234000
XRPUSDT,1592213124.0,1.4592,4.2,,,True,68.01927092354008,0.9049519452834726,27.302383402897892,-0.9457452931251997,0.003,0.9999999719713084,-973.0350346240249,4.522740789757452,2026-03-18 23:24:25.234000
XRPUSDT,1592213125.0,1.4592,6.9,,,True,68.13155187383414,0.9051653522068092,27.323811239605828,-0.9459246436706286,0.003,0.9999999719307298,-0.8404157776360003,4.527705070872512,2026-03-18 23:24:25.234000
XRPUSDT,1592213126.0,1.4592,3.8,,,True,68.24389463292201,0.9053783300777575,27.345224980500255,-0.9461007378376943,0.003,0.9999999718907134,-0.826819078816402,4.532669358303838,2026-03-18 23:24:25.234000
XRPUSDT,1592213127.0,1.4592,15.0,,,True,68.35629916676305,0.9055908795340682,27.366624631221555,-0.9462735805137188,0.003,0.9999999718512556,-0.8131880411481641,4.5376336520306175,2026-03-18 23:24:25.234000
XRPUSDT,1592213128.0,1.4592,3.5,,,True,68.46876544137292,0.9058030012135668,27.388010197453642,-0.946443176924716,0.003,0.999999971812351,-0.7995241759264271,4.542597952032093,2026-03-18 23:24:25.234000
XRPUSDT,1592213129.0,1.4592,5.2,,,True,68.58129342282332,0.9060146957541464,27.409381684923776,-0.9466095323161698,0.003,0.9999999717739952,-0.7858274993695261,4.547562258287532,2026-03-18 23:24:25.234000
XRPUSDT,1592213130.0,1.4592,3.5,,,True,68.69388307724194,0.9062259637937633,27.43073909940235,-0.9467726519520178,0.003,0.9999999717361832,-0.772098023646663,4.552526570776446,2026-03-18 23:24:25.234000
XRPUSDT,1592213131.0,1.4592,68.5,,,True,68.80653437081224,0.9064368059704316,27.452082446702743,-0.9469325411156121,0.003,0.9999999716989111,-0.7583357662155138,4.557490889478316,2026-03-18 23:24:25.234000
XRPUSDT,1592213132.0,1.4592,249.9,,,True,68.9192472697734,0.9066472229222166,27.473411732681114,-0.9470892051079531,0.003,0.9999999716621726,-0.7445407369135356,4.562455214372779,2026-03-18 23:24:25.234000
XRPUSDT,1592213133.0,1.4592,3.8,,,True,69.03202174041994,0.9068572152872308,27.49472696323622,-0.9472426492493464,0.003,0.9999999716259649,-0.7307129541726318,4.567419545439481,2026-03-18 23:24:25.234000
XRPUSDT,1592213134.0,1.4592,95.1,,,True,69.14485774910187,0.9070667837036258,27.516028144309225,-0.9473928788778188,0.003,0.9999999715902823,-0.7168524296580938,4.572383882658197,2026-03-18 23:24:25.234000
XRPUSDT,1592213135.0,1.4592,484.4,,,True,69.25775526222431,0.9072759288095933,27.53731528188353,-0.947539899349945,0.003,0.9999999715551217,-0.7029591796859251,4.577348226008813,2026-03-18 23:24:25.234000
XRPUSDT,1592213136.0,1.4592,420.5,,,True,69.37071424624737,0.9074846512433508,27.558588381984578,-0.9476837160393757,0.001,0.9999999715204779,-0.6890332143111436,4.582312550089076,2026-03-18 23:24:25.235000
XRPUSDT,1592213137.0,1.4592,3.7,,,True,69.48373428391788,0.907692951643142,27.579847418559226,-0.9478211209785204,0.001,0.9999999714863491,-0.6596479857091749,4.587276880284835,2026-03-18 23:24:25.235000
XRPUSDT,1592213138.0,1.4592,60.2,,,True,69.59681572551256,0.9079008306472316,27.601092429961767,-0.9479585483589539,0.001,0.9999999714527309,-0.661093124990184,4.5922412165761655,2026-03-18 23:24:25.235000
XRPUSDT,1592213139.0,1.4592,411.2,,,True,69.7099585376568,0.9081082888938942,27.622323422342507,-0.9480927882202415,0.001,0.9999999714196176,-0.6470692944104359,4.597205558943296,2026-03-18 23:24:25.235000
XRPUSDT,1592213140.0,1.4592,3.8,,,True,69.82316268703032,0.908315327021417,27.643540401893013,-0.948223846006401,0.003,0.9999999713870061,-0.6330128065181467,4.60216993276389,2026-03-18 23:24:25.238000
XRPUSDT,1592213141.0,1.4592,34.1,,,True,69.93642852520252,0.9085219456680903,27.664743406795708,-0.9483549442705759,0.005,0.9999999713548889,-0.6344938672559086,4.607134337997978,2026-03-18 23:24:25.243000
XRPUSDT,1592213142.0,1.4592,34.1,,,True,70.04975601928122,0.9087281454722018,27.685932443156393,-0.9484828700999266,0.001,0.9999999713232575,-0.6203974339449067,4.612098698392731,2026-03-18 23:24:25.244000
XRPUSDT,1592213143.0,1.4593,3.6,,,False,70.18811253060474,0.9090017113425088,27.70917127187937,-1.1568408184828485,0.275,0.9999999713066302,-761.6372179361437,4.617066546889605,2026-03-18 23:24:25.519000
XRPUSDT,1592213144.0,1.4593,3.6,,,False,70.30162798005834,0.9092069377845529,27.7303335408351,-0.9489711674638642,0.275,0.9999999712754708,1012.8794757081159,4.622034396977267,2026-03-18 23:24:25.519000
XRPUSDT,1592213145.0,1.4593,3.5,,,False,70.41520460316332,0.9094117475093558,27.751481812907592,-0.9490852795310978,0.275,0.9999999712445126,-0.5571613718212369,4.627002249731367,2026-03-18 23:24:25.519000
XRPUSDT,1592213146.0,1.4593,3.5,,,False,70.52884236444561,0.9096161411551389,27.77261609437869,-0.9491962204037041,0.275,0.9999999712137533,-0.5427804381163271,4.631970105132596,2026-03-18 23:24:25.519000
XRPUSDT,1592213147.0,1.4593,3.6,,,False,70.64254123084575,0.9098201193600929,27.79373639176541,-0.9493040153809553,0.275,0.9999999711831927,-0.528463211427576,4.636937963161808,2026-03-18 23:24:25.519000
XRPUSDT,1592213148.0,1.4593,3.5,,,False,70.75630116935746,0.9100236827623752,27.814842711624607,-0.9494086700600448,0.275,0.999999971152829,-0.5141134305877625,4.6419058237997755,2026-03-18 23:24:25.519000
XRPUSDT,1592213149.0,1.4593,3.5,,,False,70.87012214702753,0.9102268320001032,27.835935060552817,-0.9495101900549682,0.275,0.9999999711226598,-0.49973111422292604,4.646873687027573,2026-03-18 23:24:25.519000
XRPUSDT,1592213150.0,1.4593,3.5,,,False,70.98400413095555,0.9104295677113485,27.857013445186066,-0.9496085809949105,0.275,0.9999999710926852,-0.4853162737733196,4.6518415528260375,2026-03-18 23:24:25.519000
XRPUSDT,1592213151.0,1.4594,3.5,,,False,71.12302132443286,0.9106985308859384,27.880115597229477,-1.1580463593832935,0.05,0.999999971077352,-774.9677207899937,4.65680656024119,2026-03-18 23:24:25.569000
XRPUSDT,1592213152.0,1.4594,6.9,,,False,71.23699497392826,0.9109003056283002,27.901159466262243,-0.9492400768046492,0.05,0.9999999710481553,1034.8484658417926,4.661771572741251,2026-03-18 23:24:25.569000
XRPUSDT,1592213153.0,1.4594,3.6,,,False,71.351029519818,0.9111016689684653,27.922189406660863,-0.9493285927588448,0.05,0.9999999710193738,-0.43958326338382214,4.666736590511212,2026-03-18 23:24:25.569000
XRPUSDT,1592213154.0,1.4594,3.6,,,False,71.46512492919787,0.9113026215442581,27.943205425181908,-0.9494140053764857,0.05,0.9999999709910048,-0.42503868041438453,4.671701613532315,2026-03-18 23:24:25.569000
XRPUSDT,1592213155.0,1.4594,47.0,,,False,71.57928116954584,0.9115031639934272,27.964207528647155,-0.9494963230971623,0.05,0.9999999709630436,-0.41047529347342426,4.676666641785908,2026-03-18 23:24:25.569000
XRPUSDT,1592213156.0,1.4594,47.0,,,False,71.69349820839182,0.9117032969536488,27.985195723916664,-0.9495755516306505,0.05,0.9999999709354878,-0.39587948632036185,4.681631675253384,2026-03-18 23:24:25.569000
XRPUSDT,1592213157.0,1.4594,75.2,,,False,71.80777601331769,0.911903021062518,28.00617001788856,-0.9496516967025908,0.05,0.9999999709083336,-0.3812512789334357,4.686596713916199,2026-03-18 23:24:25.569000
XRPUSDT,1592213158.0,1.4594,47.0,,,False,71.92211455195714,0.9121023369575431,28.027130417498864,-0.9497247640522563,0.05,0.9999999708815789,-0.3665906808702047,4.691561757755915,2026-03-18 23:24:25.569000
XRPUSDT,1592213159.0,1.4594,3.5,,,False,72.03651379199552,0.9123012452761425,28.048076929721333,-0.9497947594341831,0.05,0.9999999708552193,-0.3518977105618757,4.696526806754209,2026-03-18 23:24:25.569000
XRPUSDT,1592213160.0,1.4594,3.6,,,False,72.15097370116969,0.9124997466556392,28.06900956156724,-0.9498616886164676,0.05,0.9999999708292513,-0.33717237862117144,4.70149186089271,2026-03-18 23:24:25.569000
XRPUSDT,1592213161.0,1.4594,3.5,,,False,72.26549424726787,0.9126978417332552,28.089928320085235,-0.949925557382238,0.05,0.9999999708036728,-0.3224147037831289,4.706456920153222,2026-03-18 23:24:25.569000
XRPUSDT,1592213162.0,1.4595,3.5,,,False,72.40529478550958,0.9129606407457944,28.112835789713348,-1.158423391735744,0.023,0.9999999707928338,-793.3737358407456,4.71142164094923,2026-03-18 23:24:25.592000
XRPUSDT,1592213163.0,1.4595,5.2,,,False,72.51994453524541,0.9131577916914256,28.133723355537068,-0.9497985517458062,0.023,0.9999999707680614,1058.1985256118483,4.716386367074037,2026-03-18 23:24:25.592000
XRPUSDT,1592213164.0,1.4595,6.9,,,False,72.63465481829589,0.9133545384562188,28.154597072674047,-0.9498525305819276,0.023,0.9999999707436943,-0.2743569185404259,4.721351098605672,2026-03-18 23:24:25.592000
XRPUSDT,1592213165.0,1.4595,3.6,,,False,72.7494256025773,0.9135508816769089,28.17545694832302,-0.949903474038646,0.023,0.9999999707197298,-0.2594612461752164,4.726315835526144,2026-03-18 23:24:25.592000
XRPUSDT,1592213166.0,1.4595,3.6,,,False,72.86425685615629,0.9137468219901028,28.196302989727048,-0.9499513887922648,0.023,0.9999999706961639,-0.2445374963316041,4.731280577817626,2026-03-18 23:24:25.592000
XRPUSDT,1592213167.0,1.4595,92.9,,,False,72.97914854714995,0.9139423600322828,28.217135204165384,-0.9499962807084139,0.023,0.9999999706729931,-0.22958149549115886,4.736245325462299,2026-03-18 23:24:25.592000
XRPUSDT,1592213168.0,1.4595,92.9,,,False,73.09410064372584,0.9141374964397915,28.237953598953318,-0.9500381556654647,0.023,0.9999999706502142,-0.21459325599661358,4.74121007844254,2026-03-18 23:24:25.592000
XRPUSDT,1592213169.0,1.4595,92.9,,,False,73.20911311410177,0.9143322318488346,28.25875818144199,-0.9500770195552963,0.023,0.9999999706278246,-0.19957279481229065,4.746174836740673,2026-03-18 23:24:25.592000
XRPUSDT,1592213170.0,1.4595,148.6,,,False,73.32418592654574,0.9145265668954745,28.279548959018225,-0.9501128782823507,0.023,0.9999999706058209,-0.18452012477608234,4.75113960033895,2026-03-18 23:24:25.592000
XRPUSDT,1592213171.0,1.4595,3.5,,,False,73.43931904937574,0.9147205022156217,28.300325939104336,-0.9501457377640408,0.023,0.9999999705842006,-0.16943526153528182,4.756104369220078,2026-03-18 23:24:25.592000
XRPUSDT,1592213172.0,1.4595,3.6,,,False,73.5545124509596,0.9149140384450384,28.32108912915799,-0.950175603929982,0.023,0.9999999705629588,-0.15431821747934388,4.761069143366588,2026-03-18 23:24:25.592000
XRPUSDT,1592213173.0,1.4596,3.5,,,False,73.69512977105843,0.915170782224531,28.343806195510464,-1.1586499642081023,0.112,0.9999999705563362,-811.9938122362219,4.766035056718265,2026-03-18 23:24:25.704000
XRPUSDT,1592213174.0,1.4596,5.2,,,False,73.81047436265469,0.9153633911248628,28.364540153168385,-0.9501597360292381,0.112,0.9999999705356899,1082.4537589888866,4.771000973674108,2026-03-18 23:24:25.704000
XRPUSDT,1592213175.0,1.4596,6.9,,,False,73.92587913230717,0.9155556030502477,28.385260339574863,-0.9501797619484125,0.112,0.9999999705153304,-0.1041866634147266,4.775966894695505,2026-03-18 23:24:25.704000
XRPUSDT,1592213176.0,1.4596,3.6,,,False,74.04134404832209,0.9157474186357323,28.405966762331765,-0.95019681734986,0.112,0.9999999704952566,-0.08891561863647207,4.780932819765318,2026-03-18 23:24:25.704000
XRPUSDT,1592213177.0,1.4596,3.6,,,False,74.15686907928482,0.9159388385161874,28.42665942909316,-0.9502109101246969,0.112,0.9999999704754658,-0.07362231552692536,4.785898748866647,2026-03-18 23:24:25.704000
XRPUSDT,1592213178.0,1.4596,61.2,,,False,74.2724541938298,0.9161298633263021,28.44733834754736,-0.9502220462828493,0.112,0.999999970455956,-0.05829692041424974,4.790864681982537,2026-03-18 23:24:25.704000
XRPUSDT,1592213179.0,1.4596,3.5,,,False,74.38809936064048,0.9163204937005803,28.46800352541673,-0.9502302318467171,2.003,0.9999999704367237,-0.04293945232346086,4.795854705204446,2026-03-18 23:24:27.707000
XRPUSDT,1592213180.0,1.4596,3.6,,,False,74.5041776987011,0.9165107302733366,28.488683493180037,-0.9532949253311442,2.003,0.9999999704147442,-16.109906943882986,4.800844707724772,2026-03-18 23:24:27.707000
XRPUSDT,1592213181.0,1.4596,3.6,,,False,74.62031603151178,0.9167005736786911,28.509349618031486,-0.9532940812875916,2.003,0.9999999703912695,0.004445998801117021,4.805834689401842,2026-03-18 23:24:27.707000
XRPUSDT,1592213182.0,1.4596,32.4,,,False,74.73651432506733,0.9168900245505645,28.53000190786359,-0.9532902605482794,2.003,0.9999999703662982,0.020167441165534736,4.810824650221174,2026-03-18 23:24:27.707000
XRPUSDT,1592213183.0,1.4596,3.6,,,False,74.85277254738068,0.9170790835226791,28.550640370753484,-0.9532834854642338,2.003,0.9999999703398275,0.035835823974832676,4.81581459016833,2026-03-18 23:24:27.707000
XRPUSDT,1592213184.0,1.4596,3.6,,,False,74.96909066651293,0.9172677512285458,28.571265014811928,-0.9532737622401656,2.003,0.9999999703118558,0.05153623946165206,4.820804509228728,2026-03-18 23:24:27.707000
XRPUSDT,1592213185.0,1.4596,3.6,,,False,75.0854686505735,0.9174560283014662,28.591875848183083,-0.9532610970925393,2.003,0.9999999702823831,0.06726866649171506,4.825794407387895,2026-03-18 23:24:27.707000
XRPUSDT,1592213186.0,1.4596,3.5,,,False,75.20190646771987,0.9176439153745283,28.612472879044365,-0.9532454962477028,2.003,0.9999999702514066,0.08303309313501837,4.830784284631231,2026-03-18 23:24:27.707000
XRPUSDT,1592213187.0,1.4596,3.6,,,False,75.31840408615749,0.9178314130805956,28.633056115606255,-0.953226965943452,2.003,0.9999999702189256,0.0988294984481406,4.835774140944222,2026-03-18 23:24:27.707000
XRPUSDT,1592213188.0,1.4597,3.5,,,False,75.46052111475002,0.9180801380935695,28.655546341637105,-1.1615540189544042,2.003,0.9999999701990571,-837.579825688094,4.840763984965036,2026-03-18 23:24:27.707000
XRPUSDT,1592213189.0,1.4597,3.5,,,False,75.57715149320532,0.9182667311212492,28.67609900382034,-0.9529592180589004,2.003,0.9999999701635585,1117.913158328211,4.845753799176522,2026-03-18 23:24:27.707000
XRPUSDT,1592213190.0,1.4597,5.2,,,False,75.6938415683613,0.9184529368875951,28.696637898255382,-0.9529311865051211,2.003,0.9999999701265521,0.1505407395774013,4.850743592388412,2026-03-18 23:24:27.707000
XRPUSDT,1592213191.0,1.4597,6.9,,,False,75.81059131085078,0.9186387560244763,28.717163033462263,-0.9529002709586594,2.003,0.9999999700880352,0.16637439491226336,4.855733364586274,2026-03-18 23:24:27.707000
XRPUSDT,1592213192.0,1.4597,3.5,,,False,75.92740068912838,0.9188241891635198,28.737674417825964,-0.9528664595463261,2.003,0.9999999700480076,0.18233748567099192,4.860723115755476,2026-03-18 23:24:27.707000
XRPUSDT,1592213193.0,1.4597,3.6,,,False,76.04426967169601,0.9190092369361076,28.758172059763396,-0.9528297585684293,2.003,0.9999999700064683,0.19833244887807272,4.865712845881451,2026-03-18 23:24:27.707000
XRPUSDT,1592213194.0,1.4597,0.1,,,False,76.16119822710279,0.9191938999733719,28.778655967723257,-0.9527901743348235,2.003,0.9999999699634162,0.21435926860223878,4.870702554949672,2026-03-18 23:24:27.707000
XRPUSDT,1592213195.0,1.4597,3.5,,,False,76.27818632394495,0.9193781789061918,28.79912615018582,-0.9527477131651517,3.295,0.9999999699188507,0.230417926900332,4.875708694370481,2026-03-18 23:24:31.002000
XRPUSDT,1592213196.0,1.4597,2.3,,,False,76.3954910038239,0.9195620743651884,28.81960160737362,-0.9547911675652796,3.295,0.9999999698704602,-11.112043827928078,4.880714795221229,2026-03-18 23:24:31.002000
XRPUSDT,1592213197.0,1.4597,1.3,,,False,76.51285515164574,0.9197455869807217,28.840063275684866,-0.9547405181657123,1.515,0.9999999698191857,0.2759995514213025,4.885698194284201,2026-03-18 23:24:32.517000
XRPUSDT,1592213198.0,1.4597,3.6,,,False,76.6299242338383,0.9199287173828851,28.860485084250094,-0.9518098389785801,1.515,0.9999999697682667,16.00323677833852,4.890681578858838,2026-03-18 23:24:32.517000
XRPUSDT,1592213199.0,1.4597,0.1,,,False,76.74705273633211,0.9201114662015063,28.880893231997824,-0.9517568566488123,1.515,0.9999999697163462,0.28991886332033695,4.895664949022894,2026-03-18 23:24:32.517000
XRPUSDT,1592213200.0,1.4597,3.5,,,False,76.8642406296419,0.9202938340661359,28.901287727610462,-0.9517010478446476,2.308,0.9999999696634257,0.30602323648432117,4.900658399614374,2026-03-18 23:24:34.825000
XRPUSDT,1592213201.0,1.4597,3.4,,,False,76.98164603009985,0.9204758216060489,28.92168014125204,-0.9529237511391988,2.308,0.9999999696080454,-6.718609939644052,4.90565182495015,2026-03-18 23:24:34.825000
XRPUSDT,1592213202.0,1.4597,0.1,,,False,77.09911075078814,0.9206574294502405,28.942058870860972,-0.9528607356753394,3.524,0.9999999695508184,0.34698646492910407,4.910660702660183,2026-03-18 23:24:38.349000
XRPUSDT,1592213203.0,1.4597,3.5,,,False,77.21687748208205,0.9208386582274174,28.962441595172113,-0.954759185731463,3.524,0.999999969489462,-10.475433789805978,4.915669538349505,2026-03-18 23:24:38.349000
XRPUSDT,1592213204.0,1.4597,3.5,,,False,77.33470345480049,0.9210195085660016,28.982810577441466,-0.9546880873950913,3.524,0.999999969424905,0.3931335541219628,4.92067833185668,2026-03-18 23:24:38.349000
XRPUSDT,1592213205.0,1.4597,92.9,,,False,77.45258863496403,0.9211999810941208,29.00316582647768,-0.9546141359930087,3.524,0.9999999693571296,0.40976542442893477,4.9256870831701915,2026-03-18 23:24:38.349000
XRPUSDT,1592213206.0,1.4596,22.0,,,True,77.54473989033738,0.9213207335021129,29.021640833131773,-0.746275915934127,2.86,0.999999969271901,1725.3338755168447,4.930687331037454,2026-03-18 23:24:41.209000
XRPUSDT,1592213207.0,1.4596,238.3,,,True,77.66259743371563,0.9215005763883262,29.041962036401642,-0.9536205195745635,1.907,0.9999999691989238,-1152.9207966252627,4.935675433087315,2026-03-18 23:24:43.116000
XRPUSDT,1592213208.0,1.4597,3.6,,,False,77.80614427035927,0.9217391418397217,29.064116500340862,-1.160098218500319,1.241,0.999999969139573,-865.4970689087876,4.940655047248872,2026-03-18 23:24:44.357000
XRPUSDT,1592213209.0,1.4597,1.4,,,False,77.9238093235563,0.9219181093934414,29.084384150821602,-0.9506098465689461,1.241,0.9999999690658898,1170.538276784304,4.945634645240512,2026-03-18 23:24:44.357000
XRPUSDT,1592213210.0,1.4596,5.0,,,True,78.01568840953605,0.9220378544809062,29.102783647702317,-0.7423359966414893,5.718,0.9999999689772671,1739.310182462808,4.950671157494703,2026-03-18 23:24:50.075000
XRPUSDT,1592213211.0,1.4597,2.2,,,False,78.160214616132,0.9222749248279165,29.124943097050952,-1.1659329625225192,5.316,0.9999999689076126,-1786.7986073462735,4.955702532569654,2026-03-18 23:24:55.391000
XRPUSDT,1592213212.0,1.4597,11.8,,,False,78.27887283045733,0.9224527702294169,29.14522828406996,-0.9569157084903088,5.316,0.9999999688185661,1175.2749987848717,4.96073381542437,2026-03-18 23:24:55.391000
XRPUSDT,1592213213.0,1.4596,7.5,,,True,78.3717059854732,0.9225717642340091,29.163654109096143,-0.748697127278493,0.101,0.9999999687096611,1749.824135470513,4.96569871330829,2026-03-18 23:24:55.492000
XRPUSDT,1592213214.0,1.4597,6.2,,,False,78.51532188185926,0.9228073469689341,29.185683087460106,-1.1565167175011333,0.738,0.999999968634852,-1731.1098385564292,4.97067172020406,2026-03-18 23:24:56.230000
XRPUSDT,1592213215.0,1.4597,1009.8,,,False,78.63323892515862,0.9229840758491665,29.205861999160373,-0.9492371294691397,4.891,0.9999999685450967,1172.8676589777053,4.975697521454584,2026-03-18 23:25:01.121000
XRPUSDT,1592213216.0,1.4597,3.5,,,False,78.75204818473959,0.9231604338080219,29.226086470645825,-0.9558298681363976,4.891,0.9999999684466294,-37.382711333506606,4.980723261473029,2026-03-18 23:25:01.121000
XRPUSDT,1592213217.0,1.4597,3.5,,,False,78.87091625375281,0.9233364214698315,29.246297234359215,-0.9557195319548242,4.891,0.9999999683430896,0.6269540741599624,4.985748939525018,2026-03-18 23:25:01.121000
XRPUSDT,1592213218.0,1.4597,83.1,,,False,78.98984308909398,0.9235120394585877,29.266494299027368,-0.9556063372321996,4.891,0.99999996823443,0.6445508425776834,4.9907745556029175,2026-03-18 23:25:01.121000
XRPUSDT,1592213219.0,1.4597,3.6,,,False,79.10882865917,0.9236872883979365,29.286677674218843,-0.9554903828147847,4.891,0.9999999681206068,0.6616554590616793,4.995800109699098,2026-03-18 23:25:01.121000
XRPUSDT,1592213220.0,1.4597,3.6,,,False,79.227872932433,0.9238621689111799,29.306847369529912,-0.955371675429298,4.891,0.9999999680015742,0.6787913832426341,5.000825601805797,2026-03-18 23:25:01.121000
XRPUSDT,1592213221.0,1.4597,3.6,,,False,79.34697587738039,0.9240366816212694,29.32700339458444,-0.9552502218088131,4.891,0.9999999678772888,0.6959585947785069,5.005851031915258,2026-03-18 23:25:01.121000
XRPUSDT,1592213222.0,1.4597,3.6,,,False,79.46613746255454,0.924210827150802,29.347145759033662,-0.9551260286915038,4.891,0.9999999677477093,0.7131570798439094,5.010876400019574,2026-03-18 23:25:01.121000
XRPUSDT,1592213223.0,1.4597,3.6,,,False,79.58535765654298,0.9243846061220183,29.367274472556026,-0.954999102822642,0.002,0.9999999676127921,0.7303868124744899,5.0158396080302365,2026-03-18 23:25:01.123000
XRPUSDT,1592213224.0,1.4598,3.5,,,False,79.72967853456748,0.9246151201937183,29.389132665546672,-1.1546272097828643,0.007,0.9999999674986346,-866.0126711052985,5.02080288737079,2026-03-18 23:25:01.130000
XRPUSDT,1592213225.0,1.4598,4.2,,,False,79.84804591832406,0.9247880475909501,29.409163040884536,-0.946647773497339,0.007,0.9999999673709046,1202.6980086138824,5.025766174386505,2026-03-18 23:25:01.130000
XRPUSDT,1592213226.0,1.4598,6.9,,,False,79.96647194258918,0.9249606104991456,29.42918009539375,-0.9465230946630565,0.007,0.9999999672442659,0.7225123613543313,5.030729469087099,2026-03-18 23:25:01.130000
XRPUSDT,1592213227.0,1.4598,3.8,,,False,80.08495657833417,0.9251328095389595,29.449183838216832,-0.9463957733121225,0.007,0.9999999671187092,0.7393847902494192,5.0356927714496065,2026-03-18 23:25:01.130000
XRPUSDT,1592213228.0,1.4598,150.0,,,False,80.2034997965158,0.9253046453306718,29.469174278518036,-0.9462658154074305,0.007,0.999999966994229,0.756291244082783,5.0406560814511385,2026-03-18 23:25:01.130000
XRPUSDT,1592213229.0,1.4598,3.6,,,False,80.32210156813412,0.9254761184941843,29.489151425487236,-0.9461332273795722,0.007,0.9999999668708158,0.7732290297929875,5.04561939906878,2026-03-18 23:25:01.130000
XRPUSDT,1592213230.0,1.4598,3.6,,,False,80.4407618642322,0.9256472296490156,29.50911528833976,-0.9459980156635912,0.007,0.999999966748464,0.7901981382470523,5.050582724279901,2026-03-18 23:25:01.130000
XRPUSDT,1592213231.0,1.4598,5.2,,,False,80.55948065589622,0.9258179794143032,29.529065876316224,-0.9458601867004597,0.007,0.9999999666271644,0.8071985510454179,5.055546057061844,2026-03-18 23:25:01.130000
XRPUSDT,1592213232.0,1.4598,24.7,,,False,80.67825791425516,0.9259883684087932,29.549003198682374,-0.9457197469358494,0.007,0.9999999665069115,0.824230256365473,5.060509397392061,2026-03-18 23:25:01.130000
XRPUSDT,1592213233.0,1.4598,159.8,,,False,80.79709361048083,0.926158397250841,29.56892726472895,-0.9455767028207851,0.021,0.9999999663876955,0.8412932379084505,5.065472922819526,2026-03-18 23:25:01.151000
XRPUSDT,1592213234.0,1.4598,184.5,,,False,80.91599054432412,0.926328066558409,29.58883827647822,-0.9454535092230607,0.021,0.9999999662694806,0.7260806299631456,5.070436455549778,2026-03-18 23:25:01.151000
XRPUSDT,1592213235.0,1.4598,184.5,,,False,81.03494585808798,0.9264973769490586,29.60873604971976,-0.9453052432842358,0.021,0.9999999661522734,0.8757049006621977,5.075399995560604,2026-03-18 23:25:01.151000
XRPUSDT,1592213236.0,1.4598,184.5,,,False,81.15395952306578,0.9266663290399535,29.62862059382016,-0.9451543922092382,0.021,0.9999999660360653,0.8928630252433997,5.080363542829879,2026-03-18 23:25:01.151000
XRPUSDT,1592213237.0,1.4598,3.6,,,False,81.27303151059346,0.9268349234478523,29.6484919181704,-0.9450009624706848,0.021,0.9999999659208496,0.9100523585902844,5.085327097335415,2026-03-18 23:25:01.151000
XRPUSDT,1592213238.0,1.4598,93.3,,,False,81.39216179204915,0.9270031607891067,29.66835003218565,-0.9448449605433432,0.021,0.9999999658066202,0.9272729001683392,5.090290659055297,2026-03-18 23:25:01.151000
XRPUSDT,1592213239.0,1.4598,3.5,,,False,81.5113503388532,0.9271710416796579,29.68819494530515,-0.9446863929071767,0.021,0.9999999656933702,0.9445246308015588,5.095254227967739,2026-03-18 23:25:01.151000
XRPUSDT,1592213240.0,1.4598,3.6,,,False,81.63059712246798,0.9273385667350341,29.70802666699201,-0.9445252660456491,0.021,0.9999999655810927,0.9618075407630567,5.100217804050814,2026-03-18 23:25:01.151000
XRPUSDT,1592213241.0,1.4598,3.6,,,False,81.74990211439783,0.9275057365703466,29.72784520673309,-0.944361586447193,0.021,0.9999999654697814,0.9791216109659163,5.105181387282866,2026-03-18 23:25:01.151000
XRPUSDT,1592213242.0,1.4598,3.5,,,False,81.86926528618893,0.9276725518002883,29.74765057403884,-0.9441953606035172,0.021,0.9999999653594291,0.9964668317994795,5.110144977642228,2026-03-18 23:25:01.151000
XRPUSDT,1592213243.0,1.4598,3.6,,,False,81.98868660942928,0.9278390130391284,29.767442778443147,-0.944026595010933,0.021,0.9999999652500292,1.0138431851168417,5.115108575107315,2026-03-18 23:25:01.151000
XRPUSDT,1592213244.0,1.4599,3.5,,,False,82.13444686785907,0.9280598124164858,29.78897414488022,-1.1507282246783705,0.026,0.9999999651569726,-936.1513249778839,5.120072243065665,2026-03-18 23:25:01.177000
XRPUSDT,1592213245.0,1.4599,6.9,,,False,82.25399817900937,0.928225451335771,29.808737247499547,-0.9434302317959653,0.026,0.9999999650494784,1251.5053453444784,5.125035917888361,2026-03-18 23:25:01.177000
XRPUSDT,1592213246.0,1.4599,5.2,,,False,82.37360754993628,0.9283907383062163,29.828487218087197,-0.943253274633675,0.026,0.9999999649429108,1.070605637053219,5.129999599679641,2026-03-18 23:25:01.177000
XRPUSDT,1592213247.0,1.4599,3.8,,,False,82.49327495271538,0.9285556739402303,29.848224066298968,-0.943073808400196,0.026,0.9999999648372642,1.088098606174268,5.134963288418307,2026-03-18 23:25:01.177000
XRPUSDT,1592213248.0,1.4599,3.6,,,False,82.6130003591487,0.92872025884978,29.867947801792294,-0.9428918371287525,0.026,0.9999999647325308,1.1056376428514016,5.139926984083143,2026-03-18 23:25:01.177000
XRPUSDT,1592213249.0,1.4599,3.6,,,False,82.73278374107936,0.9288844936463926,29.887658434247083,-0.9427073673367129,0.026,0.9999999646287058,1.1232077236029623,5.144890686653201,2026-03-18 23:25:01.177000
XRPUSDT,1592213250.0,1.4599,3.6,,,False,82.85262507039154,0.9290483789411521,29.907355973365554,-0.9425204055445616,0.026,0.9999999645257827,1.1408088347744114,5.149854396107471,2026-03-18 23:25:01.177000
XRPUSDT,1592213251.0,1.4599,20.5,,,False,82.97252431901033,0.9292119153446922,29.92704042887209,-0.9423309582759886,0.026,0.9999999644237559,1.1584409615970386,5.154818112425115,2026-03-18 23:25:01.177000
XRPUSDT,1592213252.0,1.4599,20.5,,,False,83.09248145890164,0.9293751034672009,29.9467118105131,-0.942139032057135,0.026,0.9999999643226173,1.1761040932578652,5.159781835585274,2026-03-18 23:25:01.177000
XRPUSDT,1592213253.0,1.4599,32.8,,,False,83.21249646207212,0.9295379439184114,29.966370128056862,-0.9419446334182074,0.026,0.9999999642223633,1.1937982085068937,5.164745565567327,2026-03-18 23:25:01.177000
XRPUSDT,1592213254.0,1.4599,20.5,,,False,83.33256930056902,0.9297004373076025,29.986015391293382,-0.9417477688909001,0.026,0.9999999641229863,1.2115233012697046,5.169709302350524,2026-03-18 23:25:01.177000
XRPUSDT,1592213255.0,1.4599,20.5,,,False,83.45269994648011,0.9298625842435945,30.005647610034217,-0.9415484450104089,0.026,0.9999999640244814,1.2292793525317074,5.1746730459143615,2026-03-18 23:25:01.177000
XRPUSDT,1592213256.0,1.4599,3.5,,,False,83.57288837193362,0.9300243853347462,30.025266794112362,-0.9413466683142153,0.026,0.9999999639268422,1.2470663501545356,5.179636796238341,2026-03-18 23:25:01.177000
XRPUSDT,1592213257.0,1.4599,3.6,,,False,83.69313454909809,0.9301858411889536,30.0448729533821,-0.9411424453426055,0.026,0.9999999638300626,1.2648842781966392,5.1846005533021025,2026-03-18 23:25:01.177000
XRPUSDT,1592213258.0,1.4599,3.5,,,False,83.8134384501823,0.9303469524136457,30.064466097718817,-0.9409357826377334,0.026,0.9999999637341366,1.2827331259326953,5.189564317085248,2026-03-18 23:25:01.177000
XRPUSDT,1592213259.0,1.4599,47.3,,,True,83.93380004743518,0.9305077196157822,30.0840462370189,-0.9407266867448428,0.221,0.9999999636390597,1.3006128744661234,5.194530548823644,2026-03-18 23:25:01.398000
XRPUSDT,1592213260.0,1.46,6.9,,,False,84.08074149872161,0.9307209596050519,30.10532128353288,-1.1469187854847873,0.046,0.9999999635602542,-966.9485514706179,5.199494576198965,2026-03-18 23:25:01.444000
XRPUSDT,1592213261.0,1.46,5.2,,,False,84.20123511971615,0.9308809276900872,30.124872867358967,-0.9400639945882198,0.046,0.9999999634666171,1293.1003759332389,5.204458609712775,2026-03-18 23:25:01.444000
XRPUSDT,1592213262.0,1.46,3.5,,,False,84.32178634623378,0.9310405537701427,30.144411477326738,-0.9398470204318847,0.046,0.9999999633737895,1.3592650791124898,5.209422649572132,2026-03-18 23:25:01.444000
XRPUSDT,1592213263.0,1.46,3.8,,,False,84.44239515138368,0.931199838450118,30.163937123470067,-0.9396276467608445,0.046,0.9999999632817653,1.37724275224859,5.214386695757172,2026-03-18 23:25:01.444000
XRPUSDT,1592213264.0,1.46,3.6,,,False,84.56306150761445,0.9313587823344258,30.18344981579796,-0.9394058746736997,0.046,0.9999999631905409,1.3952854374397254,5.219350748248055,2026-03-18 23:25:01.444000
XRPUSDT,1592213265.0,1.46,3.6,,,False,84.68378538741416,0.9315173860269946,30.202949564339466,-0.939181710727551,0.046,0.9999999631001095,1.4133589358363114,5.224314807025075,2026-03-18 23:25:01.444000
XRPUSDT,1592213266.0,1.46,127.5,,,False,84.80456676331042,0.931675650131265,30.222436379143556,-0.9389551614810326,0.046,0.9999999630104663,1.4314632339583042,5.229278872068613,2026-03-18 23:25:01.444000
XRPUSDT,1592213267.0,1.46,15.0,,,False,84.92540560787013,0.9318335752501831,30.241910270278968,-0.9387262334943791,0.046,0.9999999629216064,1.4495983173661404,5.2342429433592,2026-03-18 23:25:01.444000
XRPUSDT,1592213268.0,1.46,3.6,,,False,85.0463018936995,0.9319911619862047,30.261371247834074,-0.9384949333288379,0.046,0.9999999628335241,1.4677641747047088,5.239207020877193,2026-03-18 23:25:01.444000
XRPUSDT,1592213269.0,1.46,227.9,,,False,85.16725559344388,0.9321484109412882,30.280819321916713,-0.9382612675477973,0.046,0.9999999627462147,1.4859607869354459,5.244171104603331,2026-03-18 23:25:01.444000
XRPUSDT,1592213270.0,1.46,142.5,,,False,85.28826667978775,0.9323053227168931,30.300254502654095,-0.9380252427151814,0.046,0.9999999626596724,1.5041881446176135,5.249135194518057,2026-03-18 23:25:01.444000
XRPUSDT,1592213271.0,1.46,127.7,,,False,85.40933512545453,0.9324618979139784,30.319676800192596,-0.9377868653964143,0.046,0.9999999625738928,1.5224462316168972,5.254099290602327,2026-03-18 23:25:01.444000
XRPUSDT,1592213272.0,1.46,127.7,,,False,85.53046090320655,0.9326181371329979,30.33908622469767,-0.9375461421575505,0.046,0.9999999624888704,1.540735036788232,5.259063392836802,2026-03-18 23:25:01.444000
XRPUSDT,1592213273.0,1.46,3.6,,,False,85.65164398584496,0.9327740409739008,30.35848278635368,-0.9373030795665164,0.046,0.9999999624046001,1.559054540455398,5.26402750120241,2026-03-18 23:25:01.444000
XRPUSDT,1592213274.0,1.46,3.5,,,False,85.77288434620958,0.9329296100361261,30.37786649536376,-0.937057684191108,0.046,0.9999999623210778,1.5774047352232987,5.268991615680109,2026-03-18 23:25:01.444000
XRPUSDT,1592213275.0,1.46,3.6,,,False,85.89418195717893,0.9330848449186027,30.397237361949696,-0.9368099626005176,0.046,0.9999999622382975,1.595785603327502,5.273955736250941,2026-03-18 23:25:01.444000
XRPUSDT,1592213276.0,1.46,3.5,,,False,86.01553679166994,0.9332397462197455,30.41659539635175,-0.9365599213643637,0.046,0.9999999621562551,1.6141971326849736,5.278919862895876,2026-03-18 23:25:01.444000
XRPUSDT,1592213277.0,1.4601,476.0,,,False,86.16364393254261,0.9334451992647006,30.437596905939603,-1.141428877293557,0.422,0.9999999620911,-997.1570680490445,5.283888721792905,2026-03-18 23:25:01.866000
XRPUSDT,1592213278.0,1.4601,3.5,,,False,86.28520263267322,0.9335993257471846,30.45693128473176,-0.9363665150710158,0.422,0.999999962009849,1330.4810368574385,5.288857578894119,2026-03-18 23:25:01.866000
XRPUSDT,1592213279.0,1.4601,6.9,,,False,86.4068184410663,0.9337531206371324,30.47625284260021,-0.9361079296722403,0.422,0.9999999619289157,1.6813653487652571,5.29382643629758,2026-03-18 23:25:01.866000
XRPUSDT,1592213280.0,1.4601,3.8,,,False,86.52849133823999,0.9339065845307073,30.495561590389233,-0.9358471080102905,0.422,0.9999999618482993,1.6995636945875197,5.298795293986647,2026-03-18 23:25:01.866000
XRPUSDT,1592213281.0,1.4601,121.1,,,False,86.65022129716205,0.9340597180235473,30.514857538490197,-0.9355839983006145,0.422,0.9999999617679987,1.7181721960132839,5.3037641519448915,2026-03-18 23:25:01.866000
XRPUSDT,1592213282.0,1.4601,3.6,,,False,86.77200829083839,0.9342125217107629,30.53414069731208,-0.9353186071395152,0.422,0.9999999616880113,1.7368112375769942,5.308733010155769,2026-03-18 23:25:01.866000
XRPUSDT,1592213283.0,1.4601,3.6,,,False,86.89385229231289,0.9343649961869308,30.55341107728132,-0.935050941123649,0.422,0.9999999616083372,1.7554808030389037,5.3137018686029585,2026-03-18 23:25:01.866000
XRPUSDT,1592213284.0,1.4601,3.6,,,False,87.0157532746675,0.9345171420460981,30.572668688841684,-0.9347810068495322,0.422,0.9999999615289737,1.7741808787566684,5.31867072727,2026-03-18 23:25:01.866000
XRPUSDT,1592213285.0,1.4601,3.6,,,False,87.137711211022,0.9346689598817753,30.59191354245414,-0.9345088109139488,0.422,0.9999999614499203,1.7929114479160384,5.32363958614083,2026-03-18 23:25:01.866000
XRPUSDT,1592213286.0,1.4601,3.5,,,False,87.2597260745339,0.9348204502869354,30.61114564859671,-0.9342343599125612,0.422,0.9999999613711749,1.8116725022790063,5.328608445199029,2026-03-18 23:25:01.866000
XRPUSDT,1592213287.0,1.4601,3.5,,,False,87.38179783839851,0.934971613854012,30.630365017764344,-0.9339576604417452,0.422,0.999999961292737,1.8304640209756662,5.333577304428552,2026-03-18 23:25:01.866000
XRPUSDT,1592213288.0,1.4601,3.6,,,False,87.50392647584867,0.9351224511748962,30.649571660468762,-0.9336787190966748,0.422,0.9999999612146042,1.8492859952375553,5.33854616381329,2026-03-18 23:25:01.866000
XRPUSDT,1592213289.0,1.4601,3.5,,,False,87.62611196015479,0.9352729628409354,30.668765587238337,-0.9333975424724014,0.422,0.9999999611367766,1.8681384086214026,5.343515023337198,2026-03-18 23:25:01.866000
XRPUSDT,1592213290.0,1.4601,3.5,,,False,87.7483542646247,0.9354231494429307,30.68794680861797,-0.9331141371634276,0.422,0.9999999610592513,1.8870212469594982,5.348483882984454,2026-03-18 23:25:01.866000
XRPUSDT,1592213291.0,1.4602,6.9,,,False,87.89752198446142,0.9356223435127164,30.708731598323432,-1.1370160247489531,0.052,0.9999999609984098,-1023.6343270903741,5.35344811289344,2026-03-18 23:25:01.918000
XRPUSDT,1592213292.0,1.4602,3.8,,,False,88.01981442351342,0.9357717751156348,30.72788013915974,-0.9316782916851973,0.052,0.999999960922152,1374.1252121610446,5.358412348336838,2026-03-18 23:25:01.918000
XRPUSDT,1592213293.0,1.4602,3.6,,,False,88.14216361912149,0.9359208836177074,30.747016030150128,-0.9313888138731207,0.052,0.9999999608465798,1.941390383867533,5.363376589562628,2026-03-18 23:25:01.918000
XRPUSDT,1592213294.0,1.4602,3.6,,,False,88.26456954598254,0.9360696696073443,30.766139281920868,-0.9310971473432064,0.052,0.999999960771689,1.9603091032037039,5.3683408365529175,2026-03-18 23:25:01.918000
XRPUSDT,1592213295.0,1.4602,3.5,,,False,88.38703217774083,0.9362181336724008,30.78524990504854,-0.9308032903695539,0.052,0.9999999606974749,1.9793138059407274,5.3733050892898175,2026-03-18 23:25:01.918000
XRPUSDT,1592213296.0,1.4602,3.6,,,False,88.50955148807729,0.9363662764001691,30.804347910125408,-0.9305072495140115,0.052,0.9999999606239339,1.998348889628645,5.378269347755402,2026-03-18 23:25:01.918000
XRPUSDT,1592213297.0,1.4602,3.6,,,False,88.63212745070962,0.9365140983773814,30.82343330775928,-0.9302090313384428,0.052,0.9999999605510609,2.0174143330557595,5.383233611932042,2026-03-18 23:25:01.918000
XRPUSDT,1592213298.0,1.4602,3.5,,,False,88.75476003939191,0.9366616001902063,30.84250610857341,-0.9299086424024967,0.052,0.9999999604788513,2.0365101295586316,5.388197881802006,2026-03-18 23:25:01.918000
XRPUSDT,1592213299.0,1.4602,72.8,,,True,88.87744922791491,0.9368087824242439,30.861566323206308,-0.92960608926544,1.914,0.9999999604073025,2.0556362596001323,5.393185396724292,2026-03-18 23:25:03.832000
XRPUSDT,1592213300.0,1.4603,2.0,,,False,89.0275564249897,0.9370039871403562,30.882226928210063,-1.1356919811805766,5.629,0.9999999603497502,-1055.7423817396461,5.398219260993527,2026-03-18 23:25:09.461000
XRPUSDT,1592213301.0,1.4603,6.9,,,False,89.15151711379968,0.9371504271404542,30.901326618791682,-0.9373503730888276,5.629,0.9999999602680465,1354.422343342065,5.403253014758553,2026-03-18 23:25:09.461000
XRPUSDT,1592213302.0,1.4603,3.8,,,False,89.27553381075951,0.9372965495075025,30.920413433873822,-0.9370231555326262,5.629,0.9999999601810627,2.2393392798870044,5.40828668618893,2026-03-18 23:25:09.461000
XRPUSDT,1592213303.0,1.4603,3.5,,,False,89.39960659977514,0.9374423548246308,30.93948739161161,-0.9366946046741809,5.629,0.9999999600887441,2.2533530663786916,5.413320275305414,2026-03-18 23:25:09.461000
XRPUSDT,1592213304.0,1.4603,3.6,,,False,89.52373545271855,0.9375878436743914,30.958548503570032,-0.9363638810579695,5.629,0.9999999599910399,2.2731887478352326,5.418353782128538,2026-03-18 23:25:09.461000
XRPUSDT,1592213305.0,1.4603,3.6,,,False,89.64792034149892,0.9377330166387589,30.97759678132804,-0.9360309916030622,5.629,0.9999999598878987,2.293054056984797,5.423387206678922,2026-03-18 23:25:09.461000
XRPUSDT,1592213306.0,1.4603,3.8,,,False,89.7721612380644,0.9378778742991273,30.996632236478494,-0.9356959432405307,5.629,0.9999999597792713,2.312948874635704,5.428420548977228,2026-03-18 23:25:09.461000
XRPUSDT,1592213307.0,1.4603,27.6,,,False,89.89645811440217,0.9380224172363089,31.015654880628066,-0.9353587428992615,5.629,0.9999999596651089,2.3328731783391796,5.433453809043945,2026-03-18 23:25:09.461000
XRPUSDT,1592213308.0,1.4603,3.6,,,False,90.02081094253832,0.9381666460305313,31.03466472539709,-0.9350193975048414,5.629,0.9999999595453617,2.3528269528244383,5.4384869868995995,2026-03-18 23:25:09.461000
XRPUSDT,1592213309.0,1.4603,3.6,,,False,90.14521969453781,0.9383105612614372,31.053661782419407,-0.9346779139806185,5.629,0.9999999594199845,2.372810174944804,5.443520082564935,2026-03-18 23:25:09.461000
XRPUSDT,1592213310.0,1.4603,3.5,,,False,90.2696843425044,0.9384541635080796,31.072646063342248,-0.9343342992464659,5.629,0.9999999592889295,2.3928228296324643,5.4485530960604445,2026-03-18 23:25:09.461000
XRPUSDT,1592213311.0,1.4603,3.5,,,False,90.3942048585806,0.9385974533489255,31.091617579826114,-0.9339885602197947,5.629,0.9999999591521521,2.412864894190886,5.453586027406584,2026-03-18 23:25:09.461000
XRPUSDT,1592213312.0,1.4603,3.6,,,False,90.51878121494757,0.9387404313618474,31.110576343544587,-0.9336407038143345,5.629,0.9999999590096063,2.4329363539997173,5.458618876623986,2026-03-18 23:25:09.461000
XRPUSDT,1592213313.0,1.4603,3.5,,,False,90.64341338382508,0.9388830981241257,31.129522366184283,-0.9332907369414031,5.629,0.9999999588612489,2.453037184993298,5.463651643733427,2026-03-18 23:25:09.461000
XRPUSDT,1592213314.0,1.4604,6.9,,,False,90.79525189825073,0.939072308824519,31.150006413592344,-1.1352977691614976,0.103,0.9999999587239837,-1067.6300642630738,5.468615737807874,2026-03-18 23:25:09.564000
XRPUSDT,1592213315.0,1.4604,4.2,,,False,90.91887089406873,0.9392142527284357,31.168859489169535,-0.9238066562244738,0.103,0.9999999585755716,1489.9626338377977,5.473579837547956,2026-03-18 23:25:09.564000
XRPUSDT,1592213316.0,1.4604,3.8,,,False,91.04254604180427,0.9393558872995305,31.18770017063413,-0.9234672676288349,0.103,0.9999999584282079,2.3962270864778925,5.478543943492296,2026-03-18 23:25:09.564000
XRPUSDT,1592213317.0,1.4604,5.2,,,False,91.16627731878192,0.9394972131124951,31.20652846904701,-0.9231258590843424,0.103,0.9999999582818885,2.4157550367522287,5.483508055620462,2026-03-18 23:25:09.564000
XRPUSDT,1592213318.0,1.4604,5.0,,,False,91.2900646994437,0.9396382307414185,31.225344395315318,-0.92278241533394,0.103,0.9999999581366061,2.4354667783346002,5.48847217391187,2026-03-18 23:25:09.564000
XRPUSDT,1592213319.0,1.4604,1.6,,,False,91.41390815826661,0.9397789407597853,31.244147960358884,-0.9224369428911148,0.103,0.9999999579923547,2.4552085689071017,5.493436298346293,2026-03-18 23:25:09.564000
XRPUSDT,1592213320.0,1.4603,3.7,,,True,91.51058488881874,0.9398731017412839,31.261404522262257,-0.7200430779366849,6.465,0.9999999578319181,2149.445149500785,5.498479187509729,2026-03-18 23:25:16.029000
XRPUSDT,1592213321.0,1.4603,3.7,,,True,91.63583767764439,0.9400132992023316,31.280259743099503,-0.9317587543172983,6.465,0.9999999576765921,-1510.1248966887588,5.503522015891732,2026-03-18 23:25:16.029000
XRPUSDT,1592213322.0,1.4603,2.8,,,True,91.76114614814384,0.9401531905812851,31.299102289898943,-0.9313888171773519,6.465,0.9999999575143392,2.6444598853317527,5.508564748043788,2026-03-18 23:25:16.029000
XRPUSDT,1592213323.0,1.4604,2.0,,,False,91.9137714847006,0.9403387190879445,31.319458792460285,-1.132677649031624,1.626,0.9999999573624622,-1084.9482674044057,5.513547530348382,2026-03-18 23:25:17.655000
XRPUSDT,1592213324.0,1.4604,3.0,,,False,92.0382068724497,0.940477899628166,31.338217657325593,-0.9229632755167068,1.626,0.9999999571966426,1506.7794188846835,5.518530285946772,2026-03-18 23:25:17.655000
XRPUSDT,1592213325.0,1.4603,0.9,,,True,92.13541377291529,0.9405710368362328,31.355442928175695,-0.7209588534407686,2.124,0.999999957012575,2168.8906750462315,5.52351917059323,2026-03-18 23:25:19.779000
XRPUSDT,1592213326.0,1.4603,3.7,,,True,92.2600508614801,0.9407097095868597,31.37418540198368,-0.9232950602239324,2.124,0.9999999568440756,-1459.0913201647618,5.528508040593511,2026-03-18 23:25:19.779000
XRPUSDT,1592213327.0,1.4603,49.1,,,True,92.3847437265748,0.9408480791055295,31.392915493614566,-0.9229280101128421,2.124,0.9999999566741659,2.652680406920715,5.533496884736035,2026-03-18 23:25:19.779000
XRPUSDT,1592213328.0,1.4604,0.6,,,False,92.53681507611668,0.9410315885339453,31.413146553904873,-1.1238245840838323,1.585,0.9999999565204738,-1094.7479685662927,5.538479054463096,2026-03-18 23:25:21.364000
XRPUSDT,1592213329.0,1.4604,3.5,,,False,92.66152064873883,0.9411692538416535,31.431843131445177,-0.9210665555188371,1.585,0.999999956348962,1472.8331483104375,5.543461198587475,2026-03-18 23:25:21.364000
XRPUSDT,1592213330.0,1.4604,3.6,,,False,92.78628185916422,0.941306617806802,31.45052738769588,-0.9206941491426619,1.585,0.9999999561767395,2.7110922123756955,5.548443325486794,2026-03-18 23:25:21.364000
XRPUSDT,1592213331.0,1.4604,3.5,,,False,92.91109872502625,0.9414436809954938,31.469199336335645,-0.9203201021016525,1.585,0.9999999560038101,2.7290116666594564,5.5534254351516195,2026-03-18 23:25:21.364000
XRPUSDT,1592213332.0,1.4604,3.5,,,False,93.03597122071804,0.9415804439732097,31.48785898865805,-0.919944101788071,1.585,0.9999999558301766,2.7492843447921396,5.558407527572615,2026-03-18 23:25:21.364000
XRPUSDT,1592213333.0,1.4604,53.7,,,False,93.1608993206672,0.9417169073048022,31.506506355967527,-0.9195661547624933,1.585,0.9999999556558429,2.7695866806655265,5.563389602740456,2026-03-18 23:25:21.364000
XRPUSDT,1592213334.0,1.4603,5.0,,,True,93.25848846420669,0.941808225734336,31.523644029333628,-0.7182808507226095,2.011,0.9999999554628592,2204.2133780385684,5.568376899127172,2026-03-18 23:25:23.375000
XRPUSDT,1592213335.0,1.4604,4.7,,,False,93.41101162102505,0.9419889401221263,31.543769154437708,-1.1204406445369233,1.031,0.9999999553041754,-2225.388906393661,5.573352121430751,2026-03-18 23:25:24.406000
XRPUSDT,1592213336.0,1.4603,6842.7,,,True,93.50857321625286,0.9420798585431924,31.56088134254665,-0.7168457197736327,0.002,0.9999999551103377,4439.088581067307,5.578314669338167,2026-03-18 23:25:24.408000
XRPUSDT,1592213337.0,1.4603,3.5,,,True,93.63338509022849,0.9422152268766837,31.579464589265644,-0.9159530861995868,0.002,0.9999999549367233,-1470.856302141081,5.583277225437386,2026-03-18 23:25:24.408000
XRPUSDT,1592213338.0,1.4603,3.6,,,True,93.75825258288347,0.9423502981938129,31.598035689928274,-0.9155710366442976,0.002,0.9999999547644307,2.8285024786110653,5.588239789696042,2026-03-18 23:25:24.408000
XRPUSDT,1592213339.0,1.4603,3.6,,,True,93.88317566933887,0.9424850730558506,31.616594655654428,-0.9151870864596032,0.002,0.999999954593451,2.8488263975141446,5.593202362092331,2026-03-18 23:25:24.408000
XRPUSDT,1592213340.0,1.4603,3.6,,,True,94.00815432480377,0.9426195520234315,31.63514149757724,-0.9148012424805297,0.002,0.9999999544237779,2.8691771361300487,5.598164942604583,2026-03-18 23:25:24.408000
XRPUSDT,1592213341.0,1.4603,3.7,,,True,94.13318852452072,0.9427537356565522,31.65367622684003,-0.9144135111360949,0.002,0.999999954255402,2.889557656306066,5.6031275312111415,2026-03-18 23:25:24.408000
XRPUSDT,1592213342.0,1.4603,3.7,,,True,94.25827824376519,0.9428876245145686,31.67219885459617,-0.9140238988504326,0.002,0.9999999540883155,2.9099679497935673,5.6080901278904385,2026-03-18 23:25:24.408000
XRPUSDT,1592213343.0,1.4603,3.7,,,True,94.38342345784588,0.9430212191561994,31.69070939200895,-0.9136324120439996,0.002,0.9999999539225114,2.930407998810214,5.613052732620983,2026-03-18 23:25:24.408000
XRPUSDT,1592213344.0,1.4603,3.7,,,True,94.50862414210432,0.943154520139518,31.70920785025152,-0.9132390571319866,0.002,0.9999999537579805,2.9508777971502527,5.618015345381458,2026-03-18 23:25:24.408000
XRPUSDT,1592213345.0,1.4603,6.1,,,True,94.63388027191513,0.9432875280219551,31.72769424050671,-0.9128438405259022,0.002,0.9999999535947162,2.971377326235137,5.622977966150426,2026-03-18 23:25:24.408000
XRPUSDT,1592213346.0,1.4603,16.9,,,True,94.75919182268564,0.9434202433602985,31.746168573966983,-0.9124467686324271,0.002,0.9999999534327104,2.9919065756193555,5.627940594906649,2026-03-18 23:25:24.408000
XRPUSDT,1592213347.0,1.4603,378.1,,,True,94.884558769856,0.9435526667106865,31.764630861834277,-0.9120478478534936,0.002,0.9999999532719551,3.012465533946619,5.632903231629085,2026-03-18 23:25:24.408000
XRPUSDT,1592213348.0,1.4603,3.6,,,True,95.00998108889907,0.9436847986286128,31.78308111531992,-0.911647084586378,0.002,0.9999999531124428,3.0330541886117492,5.637865876296441,2026-03-18 23:25:24.408000
XRPUSDT,1592213349.0,1.4603,3.5,,,True,95.13545875532034,0.9438166396689214,31.801519345644493,-0.911244485224302,0.001,0.9999999529541659,3.0536725221037866,5.642828516650417,2026-03-18 23:25:24.409000
XRPUSDT,1592213350.0,1.4603,3.7,,,True,95.26099153863157,0.9439481903858064,31.819945553161656,-0.910838564719284,0.001,0.9999999527971193,3.0856578711988347,5.647791164923651,2026-03-18 23:25:24.409000
XRPUSDT,1592213351.0,1.4603,3.7,,,True,95.3865796205203,0.9440794513328111,31.838359760039015,-0.9104323156323908,0.001,0.999999952641294,3.094972999687894,5.652753821095151,2026-03-18 23:25:24.409000
XRPUSDT,1592213352.0,1.4603,3.6,,,True,95.51222297658975,0.9442104230628259,31.856761977524158,-0.9100242496047124,0.001,0.9999999524866832,3.1156802130692,5.65771648514413,2026-03-18 23:25:24.409000
XRPUSDT,1592213353.0,1.4603,3.5,,,True,95.63792158247554,0.9443411061280873,31.875152216873513,-0.9096143730097579,0.001,0.9999999523332793,3.136417057057542,5.662679157049787,2026-03-18 23:25:24.409000
XRPUSDT,1592213354.0,1.4602,3.7,,,True,95.73603561463528,0.9444285528469616,31.892083668152104,-0.7099312328263758,0.002,0.9999999521621076,2283.4835057728287,5.6676418489945135,2026-03-18 23:25:24.411000
XRPUSDT,1592213355.0,1.4602,905.5,,,True,95.86183273303288,0.9445587549605841,31.910452551867596,-0.909102468326445,0.002,0.9999999520110493,-1529.7081587905882,5.672604548749145,2026-03-18 23:25:24.411000
XRPUSDT,1592213356.0,1.4602,1027.3,,,True,95.98768503362584,0.9446886698809246,31.928809488189586,-0.9086875516980124,0.002,0.9999999518611749,3.193756555021098,5.677567256282562,2026-03-18 23:25:24.411000
XRPUSDT,1592213357.0,1.4602,909.1,,,True,96.11359249210946,0.9448182981578099,31.94715448840275,-0.9082708474659447,0.002,0.9999999517124778,3.2146090504337153,5.682529971574184,2026-03-18 23:25:24.411000
XRPUSDT,1592213358.0,1.4602,909.2,,,True,96.23955508427264,0.9449476403404061,31.965487563803315,-0.9078523624251004,0.002,0.9999999515649505,3.2354876997151814,5.687492694603757,2026-03-18 23:25:24.411000
XRPUSDT,1592213359.0,1.4602,3.5,,,True,96.36557278593624,0.9450766969772215,31.98380872569573,-0.9074321029211174,0.002,0.9999999514185861,3.256395907667217,5.692455425350947,2026-03-18 23:25:24.411000
XRPUSDT,1592213360.0,1.4602,5.2,,,True,96.4916455729529,0.9452054686161001,32.00211798539256,-0.907010075293642,0.002,0.9999999512733776,3.2773336671855007,5.6974181637954935,2026-03-18 23:25:24.411000
XRPUSDT,1592213361.0,1.4602,6.9,,,True,96.61777342120716,0.9453339558042235,32.02041535421438,-0.9065862858775348,0.002,0.9999999511293182,3.2983009613390264,5.702380909917265,2026-03-18 23:25:24.411000
XRPUSDT,1592213362.0,1.4602,3.6,,,True,96.74395630661522,0.9454621590881099,32.038700843489664,-0.9061607410018372,0.002,0.9999999509864005,3.3192977808167248,5.707343663696067,2026-03-18 23:25:24.411000
XRPUSDT,1592213363.0,1.4602,3.6,,,True,96.87019420512489,0.9455900790136107,32.05697446455469,-0.9057334469904212,0.002,0.9999999508446175,3.340324110909492,5.712306425112011,2026-03-18 23:25:24.411000
XRPUSDT,1592213364.0,1.4602,886.3,,,True,96.99648709271561,0.9457177161259128,32.07523622875344,-0.9053044101611568,0.002,0.9999999507039626,3.3613799429187097,5.717269194145113,2026-03-18 23:25:24.411000
XRPUSDT,1592213365.0,1.4602,81.8,,,True,97.12283494539832,0.9458450709695346,32.09348614743746,-0.904873636827088,0.002,0.9999999505644293,3.3824652586284554,5.722231970775428,2026-03-18 23:25:24.413000
XRPUSDT,1592213366.0,1.4602,199.0,,,True,97.24923773921539,0.9459721440883264,32.1117242319658,-0.904441133294831,0.002,0.9999999504260099,3.403580051935751,5.727194754983144,2026-03-18 23:25:24.413000
XRPUSDT,1592213367.0,1.4602,3.7,,,True,97.37569545024054,0.9460989360254691,32.12995049370489,-0.9040069058657884,0.002,0.9999999502886984,3.4247243068295075,5.732157546748586,2026-03-18 23:25:24.413000
XRPUSDT,1592213368.0,1.4602,3.7,,,True,97.50220805457883,0.9462254473234725,32.14816494402842,-0.9035709608354386,0.002,0.9999999501524883,3.445898012509574,5.737120346052006,2026-03-18 23:25:24.413000
XRPUSDT,1592213369.0,1.4602,3.7,,,True,97.62877552836653,0.9463516785241748,32.1663675943173,-0.9031333044934243,0.002,0.999999950017372,3.467101157077638,5.742083152873809,2026-03-18 23:25:24.413000
XRPUSDT,1592213370.0,1.4602,3.5,,,True,97.75539784777105,0.9464776301687416,32.18455845595944,-0.9026939431238195,0.002,0.9999999498833445,3.488333726136088,5.747045967194443,2026-03-18 23:25:24.413000
XRPUSDT,1592213371.0,1.4602,3.6,,,True,97.88207498899102,0.9466033027976644,32.20273754034978,-0.9022528830046315,0.002,0.9999999497503971,3.509595708857437,5.752008788994542,2026-03-18 23:25:24.413000
XRPUSDT,1592213372.0,1.4602,3.6,,,True,98.00880692825591,0.9467286969507601,32.22090485889011,-0.9018101304075414,0.002,0.9999999496185251,3.530887096082701,5.756971618254516,2026-03-18 23:25:24.413000
XRPUSDT,1592213373.0,1.4602,3.6,,,True,98.13559364182632,0.94685381316717,32.23906042298897,-0.9013656915991595,0.002,0.9999999494877214,3.5522078682911733,5.761934454955144,2026-03-18 23:25:24.413000
XRPUSDT,1592213374.0,1.4602,3.6,,,True,98.26243510599363,0.9469786519853571,32.257204244061604,-0.9009195728389439,0.002,0.9999999493579792,3.573558022207756,5.766897299077089,2026-03-18 23:25:24.413000
XRPUSDT,1592213375.0,1.4602,3.7,,,True,98.38933129708013,0.9471032139431098,32.27533633352978,-0.9004717803812805,0.002,0.9999999492292918,3.5949375374499275,5.77186015060121,2026-03-18 23:25:24.413000
XRPUSDT,1592213376.0,1.4602,3.7,,,True,98.51628219143882,0.9472274995775347,32.29345670282175,-0.9000223204732902,0.002,0.9999999491016544,3.616346410991331,5.776823009508294,2026-03-18 23:25:24.413000
XRPUSDT,1592213377.0,1.4602,3.5,,,True,98.64328776545342,0.9473515094250597,32.311565363372125,-0.8995711993573511,0.002,0.9999999489750591,3.6377846190649485,5.781785875779311,2026-03-18 23:25:24.413000
XRPUSDT,1592213378.0,1.4602,3.6,,,True,98.77034799553826,0.9474752440214331,32.32966232662179,-0.8991184232680518,0.002,0.9999999488495007,3.659252162046748,5.786748749395221,2026-03-18 23:25:24.413000
XRPUSDT,1592213379.0,1.4601,3.5,,,True,98.86951986289866,0.9475580375082514,32.34636266709029,-0.7016772581686085,0.002,0.9999999487050261,2384.742721765107,5.79171163033027,2026-03-18 23:25:24.415000
XRPUSDT,1592213380.0,1.4601,3.7,,,True,98.99667734424699,0.947681313527753,32.36443875132254,-0.8985280032033697,0.002,0.9999999485814884,-1596.8291791920662,5.796674518583305,2026-03-18 23:25:24.415000
XRPUSDT,1592213381.0,1.4601,1020.2,,,True,99.12388941630117,0.9478043157233996,32.3825031695238,-0.8980706071652989,0.002,0.99999994845897,3.718600596242976,5.801637414124544,2026-03-18 23:25:24.415000
XRPUSDT,1592213382.0,1.4601,6.9,,,True,99.25115605552209,0.9479270446284322,32.400555933153605,-0.8976115785905693,0.066,0.9999999483374638,3.74018308570065,5.80660108815492,2026-03-18 23:25:24.481000
XRPUSDT,1592213383.0,1.4601,5.2,,,True,99.37849040282089,0.9480495007754066,32.41859770060271,-0.8972434688823786,0.066,0.9999999482168549,3.00605332836189,5.811564768383198,2026-03-18 23:25:24.481000
XRPUSDT,1592213384.0,1.4601,3.8,,,True,99.50587926373095,0.948171684696193,32.436627833217834,-0.8967809727240442,0.066,0.999999948097177,3.785245680101872,5.816528454791123,2026-03-18 23:25:24.481000
XRPUSDT,1592213385.0,1.4601,3.5,,,True,99.6333226148501,0.9482935969219746,32.45464634248851,-0.8963168628670138,0.066,0.9999999479784254,3.806918084341648,5.821492147360784,2026-03-18 23:25:24.481000
XRPUSDT,1592213386.0,1.4601,3.7,,,True,99.76082043280924,0.9484152379832473,32.47265323990995,-0.8958511455212127,0.066,0.9999999478605942,3.82861955435269,5.826455846074339,2026-03-18 23:25:24.481000
XRPUSDT,1592213387.0,1.4601,3.7,,,True,99.88837269426932,0.9485366084098182,32.49064853698275,-0.8953838268712548,0.066,0.9999999477436785,3.8503502307860202,5.83141955091396,2026-03-18 23:25:24.481000
XRPUSDT,1592213388.0,1.4601,3.7,,,True,100.01597937592139,0.9486577087308057,32.508632245212816,-0.8949149130937748,0.066,0.9999999476276722,3.8721101121495662,5.836383261862006,2026-03-18 23:25:24.481000
XRPUSDT,1592213389.0,1.4601,3.5,,,True,100.14364045448636,0.9487785394746373,32.52660437611127,-0.8944444103594292,0.066,0.9999999475125712,3.8938991801722973,5.841346978900525,2026-03-18 23:25:24.481000
XRPUSDT,1592213390.0,1.4601,3.6,,,True,100.27135590671516,0.9488991011690495,32.544564941194366,-0.8939723248314813,0.066,0.9999999473983692,3.9157174279075972,5.846310702012209,2026-03-18 23:25:24.481000
XRPUSDT,1592213391.0,1.4601,3.7,,,True,100.39912570938849,0.9490193943410891,32.56251395198337,-0.8934986626670491,0.066,0.9999999472850621,3.937564837648624,5.851274431179287,2026-03-18 23:25:24.481000
XRPUSDT,1592213392.0,1.4601,3.6,,,True,100.52694983931683,0.949139419517108,32.580451420004465,-0.8930234300154715,0.066,0.9999999471726435,3.9594414050487226,5.856238166384329,2026-03-18 23:25:24.481000
XRPUSDT,1592213393.0,1.4601,3.6,,,True,100.65482827334041,0.9492591772227656,32.598377356788696,-0.8925466330200557,0.066,0.9999999470611096,3.981347110797653,5.8612019076099,2026-03-18 23:25:24.481000
XRPUSDT,1592213394.0,1.4601,3.7,,,True,100.78276098832906,0.9493786679830281,32.61629177387184,-0.8920682778165174,0.066,0.9999999469504546,4.003281948225391,5.866165654838619,2026-03-18 23:25:24.481000
XRPUSDT,1592213395.0,1.4601,3.5,,,True,100.9107479611823,0.9494978923221644,32.63419468279433,-0.8915883705341082,0.066,0.9999999468406734,4.025245901009611,5.8711294080531795,2026-03-18 23:25:24.481000
XRPUSDT,1592213396.0,1.46,3.5,,,True,101.01064125124833,0.9495776647432876,32.65074184909666,-0.6957702611209732,1.785,0.9999999467112936,2454.7093676729783,5.876113724048207,2026-03-18 23:25:26.266000
XRPUSDT,1592213397.0,1.46,3.1,,,True,101.13907776235982,0.9496964452348315,32.668641033184635,-0.8933986782202624,1.785,0.9999999466004861,-1663.8120833693056,5.881098027315893,2026-03-18 23:25:26.266000
XRPUSDT,1592213398.0,1.46,0.6,,,True,101.26756834279252,0.9498149607018218,32.68652865945367,-0.8929088038235677,1.785,0.9999999464887491,4.1334216464329945,5.886082307961554,2026-03-18 23:25:26.266000
XRPUSDT,1592213399.0,1.46,6.0,,,True,101.39611290167574,0.9499332116659719,32.70440473650186,-0.8924169270172617,1.785,0.9999999463760886,4.1596008103727025,5.8910665659860655,2026-03-18 23:25:26.266000
XRPUSDT,1592213400.0,1.46,10.5,,,True,101.52471141554666,0.9500511986482975,32.722269276150044,-0.8919235220232049,1.785,0.9999999462625071,4.1818595944366965,5.89605080139036,2026-03-18 23:25:26.266000
XRPUSDT,1592213401.0,1.46,6.6,,,True,101.65336386097346,0.9501689221691151,32.74012229022284,-0.8914285950301185,1.785,0.9999999461480072,4.204147052763803,5.901035014175478,2026-03-18 23:25:26.266000
XRPUSDT,1592213402.0,1.46,6.6,,,True,101.7820702145545,0.9502863827480416,32.757963790548516,-0.8909321522154864,1.785,0.999999946032593,4.226463202968477,5.906019204342412,2026-03-18 23:25:26.266000
XRPUSDT,1592213403.0,1.46,47.9,,,True,101.91083045291866,0.9504035809039931,32.775793788958914,-0.8904341997501128,1.785,0.999999945916268,4.248808023731286,5.911003371892388,2026-03-18 23:25:26.266000
XRPUSDT,1592213404.0,1.46,4.2,,,True,102.039644552725,0.9505205171551855,32.79361229728935,-0.8899347437959494,1.785,0.9999999457990356,4.271181511897987,5.915987516826384,2026-03-18 23:25:26.266000
XRPUSDT,1592213405.0,1.46,6.9,,,True,102.16851249066285,0.9506371920191322,32.81141932737852,-0.8894337905084612,1.785,0.9999999456808993,4.293583643833877,5.9209716391457805,2026-03-18 23:25:26.266000
XRPUSDT,1592213406.0,1.46,3.8,,,True,102.29743424345173,0.9507536060126442,32.82921489106846,-0.8889313460342496,1.785,0.9999999455618622,4.3160144159097005,5.925955738851717,2026-03-18 23:25:26.266000
XRPUSDT,1592213407.0,1.46,3.6,,,True,102.4264097878412,0.9508697596518313,32.846999000204335,-0.888427416512656,1.785,0.9999999454419286,4.3384738103825455,5.930939815945549,2026-03-18 23:25:26.266000
XRPUSDT,1592213408.0,1.46,3.6,,,True,102.55543910061095,0.9509856534520975,32.864771666634496,-0.8879220080750384,1.785,0.9999999453211011,4.360961815529542,5.9359238704286295,2026-03-18 23:25:26.266000
XRPUSDT,1592213409.0,1.46,3.7,,,True,102.68452215857059,0.9511012879281431,32.8825329022103,-0.8874151268449404,1.785,0.999999945199383,4.383478417788368,5.9409079023024445,2026-03-18 23:25:26.266000
XRPUSDT,1592213410.0,1.46,3.7,,,True,102.81365893855971,0.9512166635939653,32.90028271878601,-0.8869067789374201,1.785,0.9999999450767783,4.406023609031001,5.9458919115683395,2026-03-18 23:25:26.266000
XRPUSDT,1592213411.0,1.46,3.7,,,True,102.94284941744779,0.9513317809628521,32.91802112821879,-0.8863969704605941,1.785,0.9999999449532904,4.4285973676770345,5.950875898227925,2026-03-18 23:25:26.266000
XRPUSDT,1592213412.0,1.46,3.6,,,True,103.0720935721341,0.9514466405473889,32.93574814236848,-0.8858857075131975,1.785,0.9999999448289235,4.4511996927223985,5.955859862282845,2026-03-18 23:25:26.266000
XRPUSDT,1592213413.0,1.46,3.6,,,True,103.20139137954767,0.9515612428594534,32.95346377309768,-0.885372996187259,1.785,0.9999999447036803,4.473830559805552,5.960843803734492,2026-03-18 23:25:26.266000
XRPUSDT,1592213414.0,1.46,378.1,,,True,103.33074281664722,0.9516755884102159,32.97116803227155,-0.8848588425657498,1.785,0.9999999445775642,4.496489964678033,5.965827722584771,2026-03-18 23:25:26.266000
XRPUSDT,1592213415.0,1.46,3.5,,,True,103.46014786042123,0.951789677710139,32.9888609317577,-0.8843432527240596,1.785,0.9999999444505788,4.519177889932357,5.970811618835418,2026-03-18 23:25:26.266000
XRPUSDT,1592213416.0,1.46,3.6,,,True,103.58960648788762,0.951903511268977,33.00654248342619,-0.8838262327288834,1.785,0.9999999443227285,4.541894327594843,5.975795492487983,2026-03-18 23:25:26.266000
XRPUSDT,1592213417.0,1.46,3.7,,,True,103.71911867609398,0.9520170895957757,33.02421269914938,-0.8833077886393667,1.785,0.9999999441940156,4.564639259350823,5.980779343544542,2026-03-18 23:25:26.266000
XRPUSDT,1592213418.0,1.4599,3.5,,,True,103.82027393884553,0.9520930811350011,33.040579313729985,-0.689785229134423,0.049,0.9999999440432762,2546.632973584492,5.985742659106166,2026-03-18 23:25:26.315000
XRPUSDT,1592213419.0,1.4599,1.5,,,True,103.94952596958451,0.9522062342751503,33.05821313157216,-0.8801840395315569,0.049,0.999999943915596,-1682.6648394040985,5.990705981418746,2026-03-18 23:25:26.315000
XRPUSDT,1592213420.0,1.4599,2.2,,,True,104.07883170777586,0.9523191335390984,33.07583572799881,-0.879667882950028,2.139,0.9999999437888973,4.571833008284904,5.9956939816398105,2026-03-18 23:25:28.454000
XRPUSDT,1592213421.0,1.4599,6.9,,,True,104.20861883436923,0.9524317794332844,33.09346644548372,-0.8820500012978119,2.139,0.9999999436598601,-21.146961147558837,6.000681953441068,2026-03-18 23:25:28.454000
XRPUSDT,1592213422.0,1.4599,3.8,,,True,104.3384593720583,0.9525441724634359,33.11108586642641,-0.8815234881233344,2.139,0.999999943529596,4.684571398845741,6.005669896650989,2026-03-18 23:25:28.454000
XRPUSDT,1592213423.0,1.4599,33.2,,,True,104.46835329488405,0.9526563131345707,33.12869400262493,-0.8809955636685629,2.139,0.9999999433981096,4.707698370532601,6.010657811275941,2026-03-18 23:25:28.454000
XRPUSDT,1592213424.0,1.4599,13.5,,,True,104.59830057999805,0.9527682019509919,33.146290866018624,-0.8804662548658719,0.831,0.9999999432654039,4.730667636150135,6.015630293695438,2026-03-18 23:25:29.285000
XRPUSDT,1592213425.0,1.4599,24.6,,,True,104.72803372277255,0.9528798394162912,33.16386448794978,-0.8781294940200115,0.831,0.9999999431335689,20.931690267202335,6.020602769497758,2026-03-18 23:25:29.285000
XRPUSDT,1592213426.0,1.4599,3.6,,,True,104.85782034238329,0.9529912260333474,33.181426922150905,-0.8776021928395136,0.831,0.9999999430019098,4.733972486405042,6.025575238717489,2026-03-18 23:25:29.285000
XRPUSDT,1592213427.0,1.4599,3.6,,,True,104.98766041716725,0.953102362304324,33.198978180403195,-0.8770735323255298,0.831,0.9999999428704275,4.75686748653993,6.030547701345991,2026-03-18 23:25:29.285000
XRPUSDT,1592213428.0,1.4599,27.8,,,True,105.1175539247401,0.953213248730672,33.21651827445584,-0.8765435133323181,0.831,0.9999999427391227,4.7798365468836,6.035520157374594,2026-03-18 23:25:29.285000
XRPUSDT,1592213429.0,1.4599,9.6,,,True,105.24750084274594,0.9533238858131279,33.23404721605959,-0.8760121417721235,0.001,0.9999999426079951,4.802834170962813,6.040482861678136,2026-03-18 23:25:29.286000
XRPUSDT,1592213430.0,1.4599,3.7,,,True,105.37733157589332,0.9534342740517124,33.25155750680869,-0.8743402461812869,0.54,0.9999999424783457,15.14559533039294,6.045451897891195,2026-03-18 23:25:29.826000
XRPUSDT,1592213431.0,1.4599,3.7,,,True,105.50732587619659,0.9535444139457323,33.26906157214081,-0.8745480866478861,0.54,0.9999999423488981,-1.8870588940431725,6.050420932360967,2026-03-18 23:25:29.826000
XRPUSDT,1592213432.0,1.4599,3.7,,,True,105.63737355626895,0.9536543059937771,33.286554533675975,-0.8740137530158217,0.54,0.9999999422199276,4.862350293503996,6.055389965064249,2026-03-18 23:25:29.826000
XRPUSDT,1592213433.0,1.4599,3.5,,,True,105.76747459374192,0.9537639506937212,33.304036403118474,-0.8734780893898639,0.54,0.999999942091433,4.885449330709024,6.0603589959894375,2026-03-18 23:25:29.826000
XRPUSDT,1592213434.0,1.4599,35.4,,,True,105.89762896647544,0.9538733485427224,33.321507192182715,-0.8729411029729646,0.54,0.9999999419634119,4.908564672906939,6.065328025124912,2026-03-18 23:25:29.826000
XRPUSDT,1592213435.0,1.4599,59.6,,,True,106.02783665235711,0.9539825000372213,33.33896691258423,-0.8724027996116795,0.54,0.9999999418358643,4.931708574000701,6.0702970524590905,2026-03-18 23:25:29.826000
XRPUSDT,1592213436.0,1.4599,94.0,,,True,106.15809762930206,0.9540914056729415,33.35641557603972,-0.8718631851428794,0.54,0.9999999417087864,4.954881032847105,6.075266077980722,2026-03-18 23:25:29.826000
XRPUSDT,1592213437.0,1.4599,3.7,,,True,106.28841187525298,0.9542000659448886,33.37385319426679,-0.8713222653956584,0.093,0.9999999415821785,4.9780820306091815,6.08022987903598,2026-03-18 23:25:29.919000
XRPUSDT,1592213438.0,1.4599,3.6,,,True,106.41868819031465,0.9543084813473502,33.3912758130489,-0.8701725315446922,0.093,0.9999999414567178,10.604893999013582,6.085193685755116,2026-03-18 23:25:29.919000
XRPUSDT,1592213439.0,1.4599,3.6,,,True,106.54901778670892,0.9544166523738973,33.40868743038001,-0.8696306507181053,0.093,0.9999999413321788,5.009482149559667,6.090157498123185,2026-03-18 23:25:29.919000
XRPUSDT,1592213440.0,1.4599,3.6,,,True,106.67940064260331,0.9545245795173801,33.426088057915734,-0.8690874826710538,0.093,0.9999999412085576,5.032728834686487,6.095121316123703,2026-03-18 23:25:29.919000
XRPUSDT,1592213441.0,1.4599,3.6,,,True,106.80983673616372,0.9546322632699311,33.44347770731122,-0.8685430329845779,0.093,0.9999999410858484,5.056005883692834,6.100085139740125,2026-03-18 23:25:29.919000
XRPUSDT,1592213442.0,1.4599,3.7,,,True,106.94032604558302,0.9547397041229634,33.46085639022234,-0.867997307421789,0.093,0.9999999409640463,5.0793115224518735,6.105048968956181,2026-03-18 23:25:29.919000
XRPUSDT,1592213443.0,1.4599,3.5,,,True,107.07086854908076,0.954846902567169,33.47822411830564,-0.8674503117370554,0.093,0.9999999408431476,5.102645740683846,6.110012803755384,2026-03-18 23:25:29.919000
XRPUSDT,1592213444.0,1.4599,3.7,,,True,107.20146422490342,0.9549538590925216,33.495580903218226,-0.8669020516761874,0.093,0.9999999407231457,5.126008525991391,6.11497664412158,2026-03-18 23:25:29.919000
XRPUSDT,1592213445.0,1.4599,3.7,,,True,107.33211305132413,0.955060574188275,33.51292675661768,-0.8663525329764966,0.093,0.9999999406040381,5.149399865235404,6.119940490038441,2026-03-18 23:25:29.919000
XRPUSDT,1592213446.0,1.4599,3.6,,,True,107.46281500664274,0.9551670483429614,33.53026169016208,-0.8658017613658493,0.093,0.9999999404858169,5.172819753950957,6.124904341489848,2026-03-18 23:25:29.919000
XRPUSDT,1592213447.0,1.4599,56.5,,,False,107.59357006918569,0.9552732820443932,33.54758571550976,-0.8652497425639929,0.572,0.99999994036848,5.196268174941846,6.129873759967653,2026-03-18 23:25:30.491000
XRPUSDT,1592213448.0,1.4599,1045.8,,,False,107.72447570854368,0.9553792757796613,33.56490299017215,-0.8653393457654817,1.121,0.9999999402513294,-0.8453631836082205,6.134849546094478,2026-03-18 23:25:31.612000
XRPUSDT,1592213449.0,1.4599,678.9,,,False,107.85554606250473,0.9554850300351354,33.582214098443494,-0.8655189561433173,0.556,0.9999999401337885,-1.6983749451069292,6.139818768785443,2026-03-18 23:25:32.168000
XRPUSDT,1592213450.0,1.4599,581.7,,,False,107.98655438391603,0.9555905452964636,33.59950942187746,-0.8642031161901358,0.556,0.999999940016914,12.470612654684057,6.144787989168858,2026-03-18 23:25:32.168000
XRPUSDT,1592213451.0,1.4598,3.5,,,True,108.08881666207103,0.9556611388553867,33.61557701118754,-0.6744383403162981,0.713,0.9999999398781907,2688.1315911619317,6.149759023243984,2026-03-18 23:25:32.881000
XRPUSDT,1592213452.0,1.4598,6.9,,,True,108.21995112992876,0.955766256005356,33.632854189564156,-0.8636318852267517,0.713,0.9999999397618933,-1799.835183561424,6.1547300563281135,2026-03-18 23:25:32.881000
XRPUSDT,1592213453.0,1.4598,1.1,,,True,108.35113853015109,0.95587113545447,33.65012050049461,-0.8630706039016907,0.713,0.9999999396458554,5.35168071345536,6.159701084445131,2026-03-18 23:25:32.881000
XRPUSDT,1592213454.0,1.4598,3.8,,,True,108.48237881021298,0.9559757776857257,33.667375954422425,-0.8625079101507324,0.446,0.9999999395300756,5.377310328782901,6.1646690208403765,2026-03-18 23:25:33.327000
XRPUSDT,1592213455.0,1.4598,3.7,,,True,108.61361769957975,0.9560801831814006,33.684618290750876,-0.8615887519371458,0.446,0.9999999394149317,8.803734014620163,6.169636956746935,2026-03-18 23:25:33.327000
XRPUSDT,1592213456.0,1.4598,3.6,,,True,108.74490946080388,0.9561843524230463,33.70184980534369,-0.8610246405852394,0.446,0.9999999393003067,5.415335112307667,6.174604892157859,2026-03-18 23:25:33.327000
XRPUSDT,1592213457.0,1.4598,3.6,,,True,108.87625407246607,0.9562882858914931,33.71907050991285,-0.8604593375066194,0.446,0.9999999391861992,5.439086052533466,6.1795728270619215,2026-03-18 23:25:33.327000
XRPUSDT,1592213458.0,1.4598,28.2,,,True,109.00765151309116,0.956391984066848,33.73628041616636,-0.8598928478034288,0.446,0.9999999390726069,5.4628705013529775,6.184540761447683,2026-03-18 23:25:33.327000
XRPUSDT,1592213459.0,1.4598,27.3,,,True,109.13910176123032,0.9564954474284936,33.75347953581163,-0.8593251771076403,0.446,0.9999999389595284,5.486683273766779,6.189508695304056,2026-03-18 23:25:33.327000
XRPUSDT,1592213460.0,1.4598,51.4,,,True,109.27060479546098,0.9565986764550901,33.77066788055539,-0.8587563310414286,0.001,0.9999999388469609,5.510524364770405,6.194471504245052,2026-03-18 23:25:33.328000
XRPUSDT,1592213461.0,1.4598,51.4,,,True,109.40207031616349,0.9567016716245741,33.7878417316857,-0.8575988647047973,0.001,0.9999999387355157,11.238064293989453,6.199434320127463,2026-03-18 23:25:33.329000
XRPUSDT,1592213462.0,1.4598,27.8,,,True,109.53358863971751,0.9568044334141579,33.8050048506952,-0.8570293268026118,0.001,0.9999999386250061,5.542312025629812,6.204397142934353,2026-03-18 23:25:33.329000
XRPUSDT,1592213463.0,1.4599,22.3,,,False,109.69409993470386,0.9569407170218602,33.823347246636835,-1.0440456543552794,1.317,0.9999999385380299,-1372.2584154150327,6.209375100876134,2026-03-18 23:25:34.646000
XRPUSDT,1592213464.0,1.4598,558.7,,,True,109.7970522887858,0.9570092608955442,33.839309965760265,-0.6696892234504601,2.384,0.9999999384049872,5461.559301871777,6.214365280713813,2026-03-18 23:25:37.030000
XRPUSDT,1592213465.0,1.4598,38.5,,,True,109.92921157899983,0.9571113253966167,33.85646069806986,-0.8584393505329952,2.384,0.9999999382927596,-1849.321998335195,6.219355440495318,2026-03-18 23:25:37.030000
XRPUSDT,1592213466.0,1.4599,32.1,,,False,110.09039829549482,0.9572466840137722,33.874783951744384,-1.0450603546145558,0.029,0.9999999382018493,-1378.715356312619,6.224318556423008,2026-03-18 23:25:37.059000
XRPUSDT,1592213467.0,1.4599,13.0,,,False,110.22219706665427,0.9573482099689906,33.89189146978658,-0.8538493055447844,0.025,0.999999938090121,1883.371091249045,6.22928163280928,2026-03-18 23:25:37.084000
XRPUSDT,1592213468.0,1.4599,34.9,,,False,110.35404769449718,0.9574495055481398,33.90898829487387,-0.8532674166843414,0.867,0.9999999379793066,5.74446451987953,6.234254357768135,2026-03-18 23:25:37.951000
XRPUSDT,1592213469.0,1.4599,43.2,,,False,110.48612141458625,0.9575505712231234,33.9260813826848,-0.8537887321609099,0.867,0.9999999378682682,-5.1581852755965345,6.23922707504155,2026-03-18 23:25:37.951000
XRPUSDT,1592213470.0,1.4599,2390.1,,,False,110.61824764632455,0.957651407465119,33.943163797902315,-0.8532067381246555,0.004,0.9999999377573326,5.77167519074674,6.244189915440364,2026-03-18 23:25:37.955000
XRPUSDT,1592213471.0,1.4599,3.6,,,False,110.75025176927848,0.9577520147445812,33.96022850509155,-0.8515002009877066,0.004,0.9999999376476527,16.96236242617934,6.249152762679025,2026-03-18 23:25:37.955000
XRPUSDT,1592213472.0,1.4599,531.2,,,False,110.88230847957531,0.9578523935312379,33.97728259999515,-0.8509191825528656,0.004,0.9999999375388936,5.788259194925034,6.2541156167411485,2026-03-18 23:25:37.955000
XRPUSDT,1592213473.0,1.4599,3.5,,,False,111.01441775623509,0.9579525442940924,33.994326094240805,-0.8503370625059271,1.17,0.9999999374310491,5.8124374727334756,6.259091784593615,2026-03-18 23:25:39.125000
XRPUSDT,1592213474.0,1.4599,196.0,,,False,111.14681527873795,0.9580524675014239,34.01136844815797,-0.8512655027223317,1.17,0.9999999373225831,-9.291537383543455,6.2640679395928816,2026-03-18 23:25:39.125000
XRPUSDT,1592213475.0,1.4599,1027.7,,,False,111.279265165017,0.9581521636207844,34.02840017523404,-0.8506768745249602,1.17,0.9999999372139283,5.904223766657555,6.269044081685086,2026-03-18 23:25:39.125000
XRPUSDT,1592213476.0,1.4599,1370.2,,,False,111.41176739296982,0.9582516331190021,34.045421287220954,-0.8500871556663387,1.17,0.9999999371050858,5.92864012775812,6.2740202108690575,2026-03-18 23:25:39.125000
XRPUSDT,1592213477.0,1.4599,340.8,,,False,111.54432194145771,0.9583508764621799,34.062431795906264,-0.8494963576578012,1.17,0.999999936996058,5.9530240479623036,6.278996327144122,2026-03-18 23:25:39.125000
XRPUSDT,1592213478.0,1.4599,1029.4,,,False,111.67692878936789,0.9584498941156953,34.07943171307539,-0.848904485979626,1.17,0.9999999368868466,5.977435913316472,6.283972430509505,2026-03-18 23:25:39.125000
XRPUSDT,1592213479.0,1.4599,1370.2,,,False,111.80958791561326,0.9585486865442002,34.096421050511566,-0.8483115461024443,1.17,0.9999999367774537,6.00187571208312,6.288948520963984,2026-03-18 23:25:39.125000
XRPUSDT,1592213480.0,1.4599,3.6,,,False,111.9422992991325,0.9586472542116217,34.11339981999581,-0.8477175434869171,1.17,0.9999999366678807,6.026343435595859,6.2939245985070915,2026-03-18 23:25:39.125000
XRPUSDT,1592213481.0,1.4599,3.6,,,False,112.07506291889,0.9587455975811611,34.13036803330681,-0.8471224835840283,1.17,0.9999999365581289,6.050839072077663,6.298900663138086,2026-03-18 23:25:39.125000
XRPUSDT,1592213482.0,1.4599,3.6,,,False,112.20787875387573,0.9588437171152941,34.14732570222083,-0.8465263718348143,1.17,0.9999999364482015,6.075362612357423,6.303876714856364,2026-03-18 23:25:39.125000
XRPUSDT,1592213483.0,1.4599,527.8,,,False,112.34074678310532,0.9589416132757723,34.16427283851176,-0.8459292136707355,1.17,0.9999999363380994,6.099914043226837,6.30885275366117,2026-03-18 23:25:39.125000
XRPUSDT,1592213484.0,1.4599,3.5,,,False,112.4736669856199,0.9590392865236207,34.18120945395095,-0.8453310145130394,0.002,0.9999999362278246,6.1244933579431775,6.313815551483777,2026-03-18 23:25:39.127000
XRPUSDT,1592213485.0,1.4599,3.6,,,False,112.60640401323175,0.9591367373191392,34.19812636047819,-0.8432406162609134,0.002,0.9999999361188792,21.45080746651778,6.318778356134385,2026-03-18 23:25:39.127000
XRPUSDT,1592213486.0,1.4599,3.5,,,False,112.73919333817864,0.9592339661219019,34.21503281813079,-0.842644695172792,0.002,0.999999936010849,6.12905920044674,6.3237411675967055,2026-03-18 23:25:39.127000
XRPUSDT,1592213487.0,1.46,3.5,,,False,112.90125000186167,0.9593629079962023,34.23306535034842,-1.0264381882146238,0.01,0.9999999359269591,-1425.3980255763665,6.328704076295612,2026-03-18 23:25:39.137000
XRPUSDT,1592213488.0,1.46,5.2,,,False,113.03415694307293,0.9594596214013674,34.24994886404507,-0.8411172482404874,0.01,0.9999999358207606,1916.1866926066639,6.333666991583387,2026-03-18 23:25:39.137000
XRPUSDT,1592213489.0,1.46,6.9,,,False,113.16711611367275,0.959556114338795,34.26682196645667,-0.8405181167449013,0.01,0.9999999357154548,6.209070959582778,6.338629913500279,2026-03-18 23:25:39.137000
XRPUSDT,1592213490.0,1.46,3.6,,,False,113.30012749357206,0.9596523872649204,34.28368466919269,-0.8399179798983897,0.01,0.9999999356110365,6.233703188054306,6.343592842030373,2026-03-18 23:25:39.137000
XRPUSDT,1592213491.0,1.46,3.6,,,False,113.43319106223532,0.9597484406354524,34.30053698384172,-0.8393168400264226,0.01,0.9999999355075014,6.258394355531192,6.348555777157829,2026-03-18 23:25:39.137000
XRPUSDT,1592213492.0,1.46,3.6,,,False,113.56630679915128,0.9598442749053759,34.31737892198962,-0.8387147024197659,0.01,0.9999999354048437,6.2831136203897,6.3535187188668845,2026-03-18 23:25:39.137000
XRPUSDT,1592213493.0,1.46,3.6,,,False,113.69947468383289,0.959939890528951,34.33421049521955,-0.8381115723597693,0.01,0.9999999353030595,6.3078609692171845,6.358481667142014,2026-03-18 23:25:39.137000
XRPUSDT,1592213494.0,1.46,38.2,,,False,113.83269469581727,0.9600352879597128,34.351031715111816,-0.8375074551174384,0.01,0.9999999352021439,6.332636398135811,6.363444621967372,2026-03-18 23:25:39.137000
XRPUSDT,1592213495.0,1.46,3.5,,,False,113.96596681466568,0.9601304676504709,34.36784259324389,-0.8369023559544237,0.046,0.999999935102092,6.357439892848617,6.368407987763422,2026-03-18 23:25:39.183000
XRPUSDT,1592213496.0,1.46,3.6,,,False,114.09929824793164,0.9602254300533114,34.384643416547824,-0.8363415032635942,0.046,0.9999999350028549,5.90604991084482,6.373371359471461,2026-03-18 23:25:39.183000
XRPUSDT,1592213497.0,1.46,3.6,,,False,114.23268174204793,0.9603201756195949,34.40143391978207,-0.8357343223154289,0.046,0.9999999349044403,6.408542077297508,6.378334737076745,2026-03-18 23:25:39.183000
XRPUSDT,1592213498.0,1.46,3.6,,,False,114.36611727663949,0.9604147047999578,34.41821411452012,-0.8351261752119082,0.046,0.9999999348068431,6.4334325251307565,6.383298120564151,2026-03-18 23:25:39.183000
XRPUSDT,1592213499.0,1.46,3.6,,,False,114.49960483135641,0.960509018044312,34.43498401233238,-0.8345170671838752,0.046,0.9999999347100589,6.458350915654561,6.3882615099189,2026-03-18 23:25:39.183000
XRPUSDT,1592213500.0,1.46,3.5,,,False,114.63314438587268,0.9606031158018453,34.45174362478606,-0.8339070034447436,0.046,0.9999999346140842,6.483297318913861,6.393224905125966,2026-03-18 23:25:39.183000
XRPUSDT,1592213501.0,1.46,3.6,,,False,114.76673591988622,0.9606969985210214,34.468492963445186,-0.8332959891982333,0.046,0.999999934518913,6.508271723192571,6.398188306170723,2026-03-18 23:25:39.183000
XRPUSDT,1592213502.0,1.46,110.3,,,True,114.90037941311864,0.9607906666495788,34.485232039870475,-0.8326840296382892,3.006,0.9999999344245425,6.533274117558771,6.403184797635982,2026-03-18 23:25:42.189000
XRPUSDT,1592213503.0,1.46,3.7,,,True,115.03466774211441,0.960884120634535,34.50198309388412,-0.8357516505975806,2.702,0.9999999343275189,-32.824934760452585,6.4081778496096415,2026-03-18 23:25:44.891000
XRPUSDT,1592213504.0,1.46,1.0,,,True,115.16894668448388,0.9609773609221807,34.518721513675274,-0.8347493485095632,2.702,0.9999999342290302,10.749667480931256,6.413170862323395,2026-03-18 23:25:44.891000
XRPUSDT,1592213505.0,1.4601,3.5,,,False,115.33269614890654,0.9611010101611276,34.53654706170332,-1.0160092242410856,3.452,0.999999934152625,-1465.9198655426553,6.418172209928246,2026-03-18 23:25:48.343000
XRPUSDT,1592213506.0,1.4601,3.8,,,False,115.46723971314006,0.9611937543299881,34.5532683157857,-0.8340819138117725,3.452,0.9999999340501824,1961.603760802775,6.423173486367633,2026-03-18 23:25:48.343000
XRPUSDT,1592213507.0,1.4601,6.9,,,False,115.60183445386345,0.9612862862823307,34.56997922725977,-0.8334514481391953,3.452,0.999999933945523,6.813491519588722,6.428174710831654,2026-03-18 23:25:48.343000
XRPUSDT,1592213508.0,1.4601,3.6,,,False,115.73648051719975,0.9613786064613158,34.58667981436091,-0.832821108908302,3.452,0.9999999338386478,6.827751395446598,6.433175883354764,2026-03-18 23:25:48.343000
XRPUSDT,1592213509.0,1.4601,3.6,,,False,115.87117788240595,0.9614707153093808,34.60337008909626,-0.832189868235315,3.452,0.9999999337295583,6.85320342451307,6.438177003970982,2026-03-18 23:25:48.343000
XRPUSDT,1592213510.0,1.4601,172.3,,,False,116.00592652876328,0.9615626132682404,34.62005006346814,-0.8315577313475253,3.452,0.9999999336182538,6.8786825695992935,6.443178072714633,2026-03-18 23:25:48.343000
XRPUSDT,1592213511.0,1.4601,12.0,,,False,116.14072643557878,0.9616543007788863,34.636719749473976,-0.8309247034725895,1.132,0.9999999335047369,6.9041887000421545,6.448153339456636,2026-03-18 23:25:49.475000
XRPUSDT,1592213512.0,1.4601,5.0,,,False,116.27511439147044,0.9617457782815878,34.653362163334116,-0.8274463217508057,1.48,0.9999999333918145,38.02444993641871,6.453132453384585,2026-03-18 23:25:50.955000
XRPUSDT,1592213513.0,1.4601,5.8,,,False,116.4096233709261,0.9618370462158926,34.669996946533736,-0.8272462436336089,0.562,0.9999999332783811,2.1922060438949162,6.45810137550681,2026-03-18 23:25:51.517000
XRPUSDT,1592213514.0,1.4601,4.5,,,False,116.54400070740382,0.961928105020626,34.68661486537346,-0.8254958431563914,1.619,0.9999999331656444,19.22274822674121,6.463082000159379,2026-03-18 23:25:53.136000
XRPUSDT,1592213515.0,1.46,2.7,,,True,116.64910959221099,0.9619890288778529,34.70215379707271,-0.6455240064592698,1.891,0.999999933028173,2954.0453426459035,6.468065608863635,2026-03-18 23:25:55.027000
XRPUSDT,1592213516.0,1.46,3.7,,,True,116.7838435634479,0.962079739340966,34.71876314460864,-0.8262069722303826,1.891,0.9999999329137169,-1991.8646600417842,6.473049202958913,2026-03-18 23:25:55.027000
XRPUSDT,1592213517.0,1.46,3.7,,,True,116.91862901020563,0.9621702418427863,34.73536233638376,-0.8255752044056446,1.891,0.9999999327984901,6.9806669653452,6.478032771899543,2026-03-18 23:25:55.027000
XRPUSDT,1592213518.0,1.46,59.9,,,True,117.0534658178421,0.9622605368194908,34.75195138070385,-0.8249419989074108,1.891,0.9999999326824968,7.012632610853638,6.483016315697244,2026-03-18 23:25:55.027000
XRPUSDT,1592213519.0,1.4601,6.1,,,False,117.21793206955407,0.9623802792888843,34.76959866145634,-1.0042647907437239,1.158,0.9999999325897521,-1497.5705173326232,6.487991749248115,2026-03-18 23:25:56.185000
XRPUSDT,1592213520.0,1.46,3.5,,,True,117.3231494655261,0.9624405078155485,34.78509388373966,-0.6424946555214581,0.49,0.9999999324491001,6006.624356581785,6.492959798689662,2026-03-18 23:25:56.675000
XRPUSDT,1592213521.0,1.46,1.5,,,True,117.45786149577219,0.9625301828224574,34.80164254243357,-0.8213432796568123,0.49,0.9999999323331589,-1994.4088135614718,6.497927849451078,2026-03-18 23:25:56.675000
XRPUSDT,1592213522.0,1.46,2.1,,,True,117.59262504513539,0.9626196520417635,34.81818115530327,-0.8207120563227961,4.224,0.9999999322177238,7.055201094990532,6.5029370070766905,2026-03-18 23:26:00.899000
XRPUSDT,1592213523.0,1.46,3.6,,,True,117.72818240587185,0.9627089159060407,34.83473631070386,-0.8245835195129894,4.224,0.9999999320983739,-43.371001485778514,6.507946100345243,2026-03-18 23:26:00.899000
XRPUSDT,1592213524.0,1.46,4.8,,,True,117.86379065244718,0.962797974847145,34.85128129946738,-0.8239365575496667,4.224,0.99999993197615,7.264424608021754,6.5129551287133465,2026-03-18 23:26:00.899000
XRPUSDT,1592213525.0,1.46,13.3,,,True,117.9994497537368,0.9628868292962124,34.86781613324652,-0.8232887122701953,0.573,0.9999999318510494,7.291084310029315,6.517923991539982,2026-03-18 23:26:01.472000
XRPUSDT,1592213526.0,1.4601,3.5,,,False,118.1640920412,0.9630046610183762,34.885369115244636,-0.997237970623218,2.296,0.9999999317516911,-1476.2515149456233,6.5229117675813955,2026-03-18 23:26:03.768000
XRPUSDT,1592213527.0,1.4601,3.6,,,False,118.29948179573697,0.9630930407352124,34.90186814249314,-0.8193398260650249,2.296,0.9999999316265468,2012.8843011339047,6.527899499093082,2026-03-18 23:26:03.768000
XRPUSDT,1592213528.0,1.4601,3.6,,,False,118.43492252874697,0.9631812173903729,34.91835712332475,-0.8186960491223717,2.296,0.9999999315003061,7.300990738212092,6.532887198730491,2026-03-18 23:26:03.768000
XRPUSDT,1592213529.0,1.4601,3.6,,,False,118.57041433396024,0.963269191411881,34.934836073527556,-0.8180521578626221,2.296,0.9999999313729727,7.319106808022708,6.537874866511598,2026-03-18 23:26:03.768000
XRPUSDT,1592213530.0,1.4601,3.6,,,False,118.70595719136456,0.9633569632270437,34.95130500484224,-0.8174074698179823,2.296,0.9999999312445504,7.3450462821733495,6.542862502455003,2026-03-18 23:26:03.768000
XRPUSDT,1592213531.0,1.4601,3.5,,,False,118.84155108097103,0.9634445332624488,34.96776392900394,-0.8167619899555804,2.296,0.9999999311150428,7.371012920292792,6.5478501065784585,2026-03-18 23:26:03.768000
XRPUSDT,1592213532.0,1.4601,3.6,,,False,118.97719598281493,0.9635319019439678,34.98421285774219,-0.81611572323726,2.296,0.9999999309844549,7.397006651409023,6.5528376789002305,2026-03-18 23:26:03.768000
XRPUSDT,1592213533.0,1.4601,27.8,,,True,119.1128918769557,0.9636190696967544,35.00065180278093,-0.8154686746142131,0.025,0.9999999308527904,7.423027465568324,6.557800438650166,2026-03-18 23:26:03.793000
XRPUSDT,1592213534.0,1.4602,389.1,,,False,119.27793497488813,0.9637346623518963,35.0181021615684,-0.989882888477057,0.258,0.9999999307472474,-1508.8693451039544,6.562765746165162,2026-03-18 23:26:04.051000
XRPUSDT,1592213535.0,1.4601,13.6,,,True,119.38358593739771,0.9637928059247967,35.03347018968804,-0.6336830110237303,6.521,0.9999999305934761,6126.212402939381,6.567799252385691,2026-03-18 23:26:10.572000
XRPUSDT,1592213536.0,1.4602,53.7,,,False,119.5500383692208,0.9639078672454919,35.05094137056962,-0.9959803771485016,0.714,0.9999999304820336,-3148.7329011655215,6.572769479030867,2026-03-18 23:26:11.286000
XRPUSDT,1592213537.0,1.4601,36.8,,,True,119.65585896824336,0.9639657435051857,35.06629668870897,-0.6332106220920046,4.186,0.9999999303235273,6268.023486242874,6.577777440950069,2026-03-18 23:26:15.472000
XRPUSDT,1592213538.0,1.4602,7.6,,,False,119.82197344421427,0.9640802757368498,35.083727861732456,-0.9916272719041916,5.724,0.9999999302104041,-3129.3954950886505,6.582802094044428,2026-03-18 23:26:21.196000
XRPUSDT,1592213539.0,1.4602,5.0,,,False,119.95866309990853,0.9641661814877958,35.10012847590568,-0.8152486957777283,3.059,0.9999999300680379,2053.1637775625895,6.587797691663369,2026-03-18 23:26:24.255000
XRPUSDT,1592213540.0,1.4602,400.0,,,False,120.094876790137,0.9642518894043993,35.1165009770812,-0.8114569391816492,0.176,0.9999999299246811,44.24044763120002,6.5927619693939254,2026-03-18 23:26:24.431000
XRPUSDT,1592213541.0,1.4602,336.2,,,False,120.23057243561342,0.964337399905854,35.13284406098623,-0.8074259612078638,0.001,0.9999999297830763,47.14015127045428,6.597724354449757,2026-03-18 23:26:24.432000
XRPUSDT,1592213542.0,1.4602,3.5,,,False,120.36628471815996,0.9644227134106391,35.149176166983345,-0.8065753960822482,0.002,0.9999999296425964,9.969876724181512,6.602686757488807,2026-03-18 23:26:24.434000
XRPUSDT,1592213543.0,1.4602,6.9,,,False,120.50204835184071,0.9645078303365205,35.16549850014253,-0.8059304427043807,0.002,0.9999999295031831,7.577263525305117,6.6076491676475175,2026-03-18 23:26:24.434000
XRPUSDT,1592213544.0,1.4602,3.8,,,False,120.63786312007446,0.9645927511005509,35.18181106505385,-0.8052835853603675,0.002,0.9999999293648307,7.617187049591947,6.612611584909724,2026-03-18 23:26:24.434000
XRPUSDT,1592213545.0,1.4602,3.6,,,False,120.77372900356717,0.9646774761190694,35.19811387306607,-0.8046359993879176,0.002,0.9999999292275341,7.643385434117481,6.617574009259449,2026-03-18 23:26:24.434000
XRPUSDT,1592213546.0,1.4602,3.6,,,False,120.90964598304662,0.9647620058077035,35.214406935522476,-0.8039876895218265,0.002,0.9999999290912878,7.669611429624827,6.6225364406807765,2026-03-18 23:26:24.434000
XRPUSDT,1592213547.0,1.4602,150.0,,,False,121.04561403926245,0.9648463405813682,35.23069026376074,-0.8033386604869432,0.002,0.9999999289560856,7.69586502317635,6.627498879157741,2026-03-18 23:26:24.434000
XRPUSDT,1592213548.0,1.4602,3.6,,,False,121.18163315298611,0.9649304808542661,35.24696386911291,-0.802688916997669,0.002,0.9999999288219229,7.7221462077073975,6.632461324674495,2026-03-18 23:26:24.434000
XRPUSDT,1592213549.0,1.4602,3.6,,,False,121.31770330501077,0.9650144270398895,35.263227762905395,-0.8020384637582517,0.002,0.9999999286887936,7.748454972518984,6.637423777215144,2026-03-18 23:26:24.434000
XRPUSDT,1592213550.0,1.4602,3.5,,,False,121.45382447615134,0.9650981795510178,35.279481956458824,-0.8013873054622115,0.002,0.9999999285566932,7.774791313926153,6.6423862367637785,2026-03-18 23:26:24.434000
XRPUSDT,1592213551.0,1.4602,3.6,,,False,121.58999664724445,0.9651817387997227,35.29572646108815,-0.8007354467931819,0.002,0.9999999284256164,7.80115521780434,6.647348703304953,2026-03-18 23:26:24.434000
XRPUSDT,1592213552.0,1.4602,3.5,,,False,121.72621979914821,0.9652651051973635,35.311961288102474,-0.8000828924239546,0.002,0.9999999282955557,7.827546681801488,6.652311176822819,2026-03-18 23:26:24.434000
XRPUSDT,1592213553.0,1.4603,3.5,,,False,121.89245104754622,0.9653756541095886,35.329185248612276,-0.9743746298164093,0.002,0.999999928191643,-1576.602916160969,6.657273657306984,2026-03-18 23:26:24.434000
XRPUSDT,1592213554.0,1.4603,3.5,,,False,122.02878728812094,0.9654585728260687,35.34539882169868,-0.7984288795436302,0.002,0.999999928063634,2121.906340831016,6.662236144725554,2026-03-18 23:26:24.434000
XRPUSDT,1592213555.0,1.4603,3.5,,,False,122.16517444793183,0.9655413000560479,35.3616027541103,-0.7977742469287639,0.002,0.9999999279366273,7.913145587387492,6.667198639074062,2026-03-18 23:26:24.434000
XRPUSDT,1592213556.0,1.4603,0.3,,,False,122.3016125080337,0.9656238362078163,35.37779705713428,-0.7971189391503506,0.002,0.999999927810616,7.9396454083741705,6.672161140336808,2026-03-18 23:26:24.434000
XRPUSDT,1592213557.0,1.4603,6.9,,,False,122.438101449397,0.9657061816889552,35.393981742048155,-0.7964629602074285,0.131,0.9999999276855959,7.966180218391691,6.677125028389091,2026-03-18 23:26:24.565000
XRPUSDT,1592213558.0,1.4603,3.8,,,False,122.57466651374297,0.9657883369063386,35.41015765234405,-0.7959531423604551,0.131,0.99999992756142,6.2055443733297615,6.682088921164156,2026-03-18 23:26:24.565000
XRPUSDT,1592213559.0,1.4603,71.3,,,False,122.71128240059787,0.9658703022661329,35.42632396253752,-0.7952953619279138,0.131,0.9999999274381142,8.025102728663173,6.687052818647922,2026-03-18 23:26:24.565000
XRPUSDT,1592213560.0,1.4603,3.6,,,False,122.84794909096638,0.9659520781737985,35.44248068390389,-0.7946369244753962,0.131,0.9999999273156736,8.051729064389125,6.69201672082709,2026-03-18 23:26:24.565000
XRPUSDT,1592213561.0,1.4603,3.6,,,False,122.9846665658858,0.9660336650340888,35.45862782771258,-0.7939778346478914,0.131,0.999999927194094,8.078382047785565,6.696980627688394,2026-03-18 23:26:24.565000
XRPUSDT,1592213562.0,1.4603,3.5,,,False,123.12143480641468,0.9661150632510515,35.47476540522675,-0.7933180970144282,0.131,0.9999999270733713,8.105062470423553,6.701944539218569,2026-03-18 23:26:24.565000
XRPUSDT,1592213563.0,1.4603,3.6,,,False,123.25825379363286,0.9661962732280289,35.49089342770323,-0.7926577161341504,0.131,0.9999999269535018,8.131770317593812,6.706908455404262,2026-03-18 23:26:24.565000
XRPUSDT,1592213564.0,1.4603,3.6,,,False,123.3951235086414,0.9662772953676585,35.50701190639248,-0.7919966965549401,0.131,0.9999999268344808,8.15850559158788,6.711872376232529,2026-03-18 23:26:24.565000
XRPUSDT,1592213565.0,1.4603,3.6,,,False,123.53204393256262,0.9663581300718732,35.52312085253859,-0.7913350428152279,0.131,0.9999999267163047,8.18526827233332,6.716836301690044,2026-03-18 23:26:24.565000
XRPUSDT,1592213566.0,1.4603,3.5,,,False,123.66901504653994,0.9664387777419012,35.539220277379194,-0.7906727594421895,0.131,0.9999999265989682,8.212058362111371,6.721800231763826,2026-03-18 23:26:24.565000
XRPUSDT,1592213567.0,1.4604,9.4,,,False,123.83614825926716,0.9665457190515977,35.556281402365855,-0.962833376020404,0.635,0.9999999265080189,-1609.860745738649,6.7267695146790505,2026-03-18 23:26:25.200000
XRPUSDT,1592213568.0,1.4603,24.8,,,True,123.94320945034288,0.9665995152564576,35.5713938330262,-0.61676466781865,0.997,0.9999999263662834,6432.957661288572,6.731742623611528,2026-03-18 23:26:26.197000
XRPUSDT,1592213569.0,1.4604,3.5,,,False,124.11063481508192,0.9667059620281824,35.588437597535375,-0.9621798088452619,0.488,0.9999999262757387,-3244.956473829916,6.736710338827403,2026-03-18 23:26:26.685000
XRPUSDT,1592213570.0,1.4604,2.6,,,False,124.24788905071804,0.9667858045205646,35.60449936930308,-0.7880661388458771,0.488,0.9999999261602417,2180.7143640484396,6.741678049947742,2026-03-18 23:26:26.685000
XRPUSDT,1592213571.0,1.4604,0.9,,,False,124.38519379332178,0.9668654621053073,35.62055166590047,-0.7873993250197839,2.59,0.9999999260452721,8.371002312546965,6.746667977140838,2026-03-18 23:26:29.275000
XRPUSDT,1592213572.0,1.4604,3.5,,,False,124.52295792338752,0.9669449351791944,35.63660752997123,-0.7890675344942504,2.59,0.9999999259286957,-20.990876442453864,6.751657867795795,2026-03-18 23:26:29.275000
XRPUSDT,1592213573.0,1.4604,6.9,,,False,124.66077220400706,0.9670242241383088,35.65265387064398,-0.7883919957742542,2.59,0.9999999258108891,8.519959494257659,6.756647721745137,2026-03-18 23:26:29.275000
XRPUSDT,1592213574.0,1.4604,3.8,,,False,124.79863661261227,0.9671033293780331,35.66869069929663,-0.7877158532616562,2.59,0.9999999256918563,8.547379604112319,6.761637539015437,2026-03-18 23:26:29.275000
XRPUSDT,1592213575.0,1.4604,3.6,,,False,124.93655113022761,0.9671822512930506,35.68471802741353,-0.7870391318684273,2.59,0.9999999255716004,8.574568839074868,6.766627319632748,2026-03-18 23:26:29.275000
XRPUSDT,1592213576.0,1.4604,3.6,,,False,125.07451573789996,0.967260990277345,35.70073586647138,-0.7863618360792981,2.59,0.9999999254501267,8.601784683892598,6.771617063623736,2026-03-18 23:26:29.275000
XRPUSDT,1592213577.0,1.4604,3.5,,,False,125.2125304166988,0.9673395467242024,35.71674422793925,-0.785683970368706,2.59,0.9999999253274385,8.62902712265882,6.7766067710148175,2026-03-18 23:26:29.275000
XRPUSDT,1592213578.0,1.4604,3.6,,,False,125.35059514771602,0.9674179210262098,35.73274312327848,-0.7850055391994808,2.59,0.999999925203539,8.656296156372976,6.781596441832559,2026-03-18 23:26:29.275000
XRPUSDT,1592213579.0,1.4604,3.6,,,False,125.48870991206597,0.9674961135752576,35.748732563942674,-0.7843265470243181,2.59,0.999999925078434,8.683591767141335,6.786586076103473,2026-03-18 23:26:29.275000
XRPUSDT,1592213580.0,1.4604,17.0,,,False,125.62687469088532,0.9675741247625381,35.76471256137767,-0.7836469982842795,2.59,0.9999999249521269,8.710913956412487,6.791575673854196,2026-03-18 23:26:29.275000
XRPUSDT,1592213581.0,1.4604,3.6,,,False,125.76508946533312,0.9676519549785482,35.780683127021504,-0.782966897410097,2.59,0.9999999248246214,8.738262708853437,6.796565235111231,2026-03-18 23:26:29.275000
XRPUSDT,1592213582.0,1.4605,3.5,,,False,125.93363017909672,0.9677551579131521,35.79758654442127,-0.9527967184745483,2.59,0.9999999247219085,-1645.5910068463438,6.801554766426932,2026-03-18 23:26:29.275000
XRPUSDT,1592213583.0,1.4605,6.9,,,False,126.07195607287024,0.9678325680502649,35.81353643088129,-0.7812576146849033,2.59,0.9999999245920506,2215.9772632863583,6.806544247050121,2026-03-18 23:26:29.275000
XRPUSDT,1592213584.0,1.4605,1.8,,,False,126.21033175902313,0.9679097985112874,35.82947691842627,-0.7805751013345511,2.59,0.9999999244610086,8.837359525181752,6.8115336912591715,2026-03-18 23:26:29.275000
XRPUSDT,1592213585.0,1.4604,5.0,,,True,126.31845014122977,0.9679614755248623,35.84447136193892,-0.6097087010998536,0.699,0.9999999243027003,3306.4294628224798,6.816503355662824,2026-03-18 23:26:29.974000
XRPUSDT,1592213586.0,1.4605,2.0,,,False,126.48686948069319,0.9680637235587506,35.8613185557012,-0.947425235900375,1.616,0.9999999241973264,-3302.914706111744,6.8214825908826855,2026-03-18 23:26:31.590000
XRPUSDT,1592213587.0,1.4605,3.6,,,False,126.62520701287418,0.9681404173099236,35.87722517809844,-0.7774765627685525,1.616,0.9999999240653549,2215.938985021091,6.826461797254326,2026-03-18 23:26:31.590000
XRPUSDT,1592213588.0,1.4605,3.6,,,False,126.76359448208282,0.9682169329308021,35.89312248083646,-0.7767957925500083,1.616,0.9999999239330392,8.897140358111367,6.83144098361827,2026-03-18 23:26:31.590000
XRPUSDT,1592213589.0,1.4605,3.5,,,False,126.90203195813108,0.9682932708061011,35.9090104778906,-0.776114998259555,1.616,0.9999999238003803,8.918171848344432,6.836420149985881,2026-03-18 23:26:31.590000
XRPUSDT,1592213590.0,1.4605,3.6,,,False,127.04051942249221,0.9683694313198447,35.92488918050491,-0.7754336883852708,1.616,0.9999999236673807,8.945710064113914,6.841399296367664,2026-03-18 23:26:31.590000
XRPUSDT,1592213591.0,1.4605,3.6,,,False,127.17905685665994,0.9684454148553657,35.94075859991564,-0.7747518672182032,1.616,0.9999999235340438,8.973275096925564,6.8463784227747375,2026-03-18 23:26:31.590000
XRPUSDT,1592213592.0,1.4605,3.6,,,False,127.31764424214937,0.9685212217953069,35.9566187473511,-0.7740695390425266,1.616,0.9999999234003719,9.000866889052856,6.851357529218512,2026-03-18 23:26:31.590000
XRPUSDT,1592213593.0,1.4605,3.6,,,False,127.45628156049679,0.9685968525216205,35.9724696340317,-0.7733867081314523,1.616,0.9999999232663681,9.028485436493014,6.85633661570963,2026-03-18 23:26:31.590000
XRPUSDT,1592213594.0,1.4605,3.5,,,False,127.59496879325958,0.9686723074155703,35.98831127116986,-0.7727033787469868,1.616,0.999999923132035,9.056130738455318,6.861315682259699,2026-03-18 23:26:31.590000
XRPUSDT,1592213595.0,1.4606,3.5,,,False,127.7641234708633,0.968772358510627,36.005061366618804,-0.9404962517721247,1.508,0.99999992302379,-1677.0718294487167,6.866293614953669,2026-03-18 23:26:33.098000
XRPUSDT,1592213596.0,1.4606,6.9,,,False,127.90290080427906,0.9688474052651267,36.02088210735865,-0.7708735807811153,1.508,0.9999999228889479,2260.226603027781,6.871271521262119,2026-03-18 23:26:33.098000
XRPUSDT,1592213597.0,1.4606,3.8,,,False,128.04172792684804,0.968922277451746,36.03669363605888,-0.7701887398866649,1.508,0.9999999227538756,9.146799704579212,6.876249409463263,2026-03-18 23:26:33.098000
XRPUSDT,1592213598.0,1.4606,3.6,,,False,128.18060490458402,0.9689969754487705,36.05249596642828,-0.7695038860118251,1.508,0.9999999226185748,9.168303061927421,6.88122727956677,2026-03-18 23:26:33.098000
XRPUSDT,1592213599.0,1.4606,3.6,,,False,128.31953171916626,0.9690714996338003,36.06828910962358,-0.7688185555285563,1.508,0.999999922483047,9.196081553851819,6.886205131582078,2026-03-18 23:26:33.098000
XRPUSDT,1592213600.0,1.4606,3.8,,,False,128.45850835229433,0.9691458503837493,36.084073076793324,-0.7681327526266533,1.508,0.9999999223472956,9.223886811814223,6.891182965518781,2026-03-18 23:26:33.098000
XRPUSDT,1592213601.0,1.4606,3.6,,,False,128.59753478568874,0.9692200280748469,36.09984787907795,-0.7674464814881072,1.508,0.9999999222113217,9.251718790273289,6.896160781386487,2026-03-18 23:26:33.098000
XRPUSDT,1592213602.0,1.4606,3.5,,,False,128.73661100109064,0.9692940330826375,36.11561352760963,-0.7667597462831601,1.508,0.9999999220751292,9.27957749683418,6.901138579195069,2026-03-18 23:26:33.098000
XRPUSDT,1592213603.0,1.4606,3.5,,,False,128.87573698026202,0.9693678657819816,36.131370033512404,-0.7660725511726999,1.508,0.999999921938719,9.307462906878305,6.90611635895396,2026-03-18 23:26:33.098000
XRPUSDT,1592213604.0,1.4607,3.5,,,False,129.0454272740863,0.96946576396216,36.14801818924366,-0.9324138431464735,0.171,0.9999999218288109,-1699.1254757823076,6.911080399614915,2026-03-18 23:26:33.269000
XRPUSDT,1592213605.0,1.4607,6.9,,,False,129.18440803101132,0.9695391967100527,36.16374713654149,-0.7629507254331984,0.171,0.9999999216933118,2307.732211803112,6.916044443478828,2026-03-18 23:26:33.269000
XRPUSDT,1592213606.0,1.4607,3.8,,,False,129.32343871282995,0.9696124583926967,36.17946701907611,-0.7622669499523049,0.171,0.9999999215587033,9.333330278752491,6.921008491475295,2026-03-18 23:26:33.269000
XRPUSDT,1592213607.0,1.4607,3.6,,,False,129.46251931132178,0.9696855493819987,36.19517784806669,-0.7615827800105073,0.171,0.9999999214249813,9.360523757190373,6.925972543592232,2026-03-18 23:26:33.269000
XRPUSDT,1592213608.0,1.4607,3.6,,,False,129.6016498084893,0.9697584700491853,36.2108796344354,-0.7608981659880946,0.171,0.9999999212921415,9.388477215398968,6.93093659981763,2026-03-18 23:26:33.269000
XRPUSDT,1592213609.0,1.4607,3.5,,,False,129.7408301863547,0.969831220764803,36.22657238909636,-0.760213111949317,0.171,0.9999999211601797,9.416457734617023,6.935900660139252,2026-03-18 23:26:33.269000
XRPUSDT,1592213610.0,1.4607,3.6,,,False,129.88006042695952,0.9699038018987189,36.24225612295573,-0.7595276219477586,0.171,0.9999999210290914,9.444465311773493,6.940864724545023,2026-03-18 23:26:33.269000
XRPUSDT,1592213611.0,1.4607,3.6,,,False,130.01934051236495,0.9699762138201216,36.25793084691158,-0.7588417000272909,0.171,0.9999999208988738,9.472499930693825,6.945828793023043,2026-03-18 23:26:33.269000
XRPUSDT,1592213612.0,1.4607,3.5,,,False,130.15867042465146,0.9700484568975213,36.27359657185391,-0.7581553502203225,0.171,0.9999999207695224,9.500561599428313,6.950792865561352,2026-03-18 23:26:33.269000
XRPUSDT,1592213613.0,1.4607,3.6,,,False,130.29805014591918,0.9701205314987508,36.289253308664634,-0.7574685765503227,0.171,0.9999999206410324,9.5286502912877,6.9557569421479,2026-03-18 23:26:33.269000
XRPUSDT,1592213614.0,1.4607,3.5,,,False,130.4374796582875,0.9701924379909656,36.30490106821749,-0.7567813830290452,0.171,0.9999999205134011,9.55676601808019,6.960721022771007,2026-03-18 23:26:33.269000
XRPUSDT,1592213615.0,1.4608,3.5,,,False,130.60759207412966,0.9702877801738578,36.32142055416979,-0.9213747015272631,0.949,0.9999999204136925,-1726.3430887073175,6.965693013060512,2026-03-18 23:26:34.218000
XRPUSDT,1592213616.0,1.4608,6.9,,,False,130.74727997163046,0.9703592964710637,36.33705289241172,-0.755858764264991,0.949,0.9999999202870892,2314.380689840447,6.97066498938906,2026-03-18 23:26:34.218000
XRPUSDT,1592213617.0,1.4608,3.8,,,False,130.88701741420215,0.9704306458768417,36.35267626366235,-0.755167348066098,0.949,0.9999999201607138,9.690567025100664,6.975636956894921,2026-03-18 23:26:34.218000
XRPUSDT,1592213618.0,1.4608,3.6,,,False,131.02680443768276,0.9705018287554249,36.36829068039351,-0.7544758228192108,0.949,0.9999999200345682,9.714769346941285,6.980608915579133,2026-03-18 23:26:34.218000
XRPUSDT,1592213619.0,1.4608,3.6,,,False,131.166641024222,0.970572845470372,36.38389615352497,-0.7537839023412084,0.949,0.9999999199086526,9.743065115267953,6.985580865442966,2026-03-18 23:26:34.218000
XRPUSDT,1592213620.0,1.4608,3.6,,,False,131.30652715598913,0.9706436963845695,36.399492693968014,-0.7530915905929159,0.949,0.9999999197829657,9.77138765440864,6.990552806487739,2026-03-18 23:26:34.218000
XRPUSDT,1592213621.0,1.4608,3.6,,,False,131.44646281517305,0.9707143818602321,36.415080312625264,-0.7523988915264377,0.949,0.9999999196575073,9.799736933013024,6.995524738714949,2026-03-18 23:26:34.218000
XRPUSDT,1592213622.0,1.4608,3.5,,,False,131.58644798398217,0.970784902258902,36.430659020390735,-0.7517058090825823,0.949,0.99999991953228,9.828112956353719,7.000496662125623,2026-03-18 23:26:34.218000
XRPUSDT,1592213623.0,1.4608,3.6,,,False,131.72648264464468,0.9708552579414518,36.446228828149835,-0.7510123471926148,0.949,0.9999999194072818,9.856515704713425,7.0054685767213405,2026-03-18 23:26:34.218000
XRPUSDT,1592213624.0,1.4608,3.5,,,False,131.86656677940826,0.9709254492680826,36.46178974677927,-0.7503185097765961,0.949,0.999999919282514,9.884945182308083,7.010440482503521,2026-03-18 23:26:34.218000
XRPUSDT,1592213625.0,1.4609,3.5,,,False,132.03744068362184,0.9710185154259319,36.47820445203892,-0.9132928018130906,2.871,0.9999999191853434,-1751.1660070931553,7.015431726673502,2026-03-18 23:26:37.089000
XRPUSDT,1592213626.0,1.4609,6.9,,,False,132.17799799325266,0.9710883252769843,36.49375608145219,-0.7505196809209999,2.871,0.9999999190593858,2331.664062280388,7.020422914907286,2026-03-18 23:26:37.089000
XRPUSDT,1592213627.0,1.4609,3.8,,,False,132.31860421813437,0.9711579719665908,36.509298795476816,-0.7498171621110309,2.871,0.9999999189321481,10.086894494741736,7.0254140626066865,2026-03-18 23:26:37.089000
XRPUSDT,1592213628.0,1.4609,3.6,,,False,132.45925950248474,0.9712274558520593,36.524832609717585,-0.7491151577203684,2.871,0.9999999188036347,10.103125148077062,7.030405169806726,2026-03-18 23:26:37.089000
XRPUSDT,1592213629.0,1.4609,3.6,,,False,132.59996382850437,0.9712967772900304,36.540357535224324,-0.7484128078125987,2.871,0.9999999186738504,10.131785033980353,7.035396236541362,2026-03-18 23:26:37.089000
XRPUSDT,1592213630.0,1.4609,3.8,,,False,132.74071717841286,0.971365936636479,36.55587358303737,-0.7477101162688776,2.871,0.9999999185427986,10.160471140997899,7.040387262845368,2026-03-18 23:26:37.089000
XRPUSDT,1592213631.0,1.4609,3.6,,,False,132.88151953445043,0.9714349342467152,36.5713807641876,-0.7470070869682224,2.871,0.9999999184104851,10.189183339073516,7.045378248753544,2026-03-18 23:26:37.089000
XRPUSDT,1592213632.0,1.4609,3.6,,,False,133.02237087887806,0.9715037704753844,36.58687908969639,-0.7463037237784005,1.206,0.9999999182769123,10.217921629646995,7.050352554446995,2026-03-18 23:26:38.295000
XRPUSDT,1592213633.0,1.4609,3.5,,,False,133.16295780921655,0.971572445676467,36.60235994337362,-0.7439465237164173,1.206,0.9999999181435493,34.323890208191,7.0553268471904005,2026-03-18 23:26:38.295000
XRPUSDT,1592213634.0,1.4609,3.6,,,False,133.30359398755607,0.9716409602032815,36.61783201205717,-0.743248341908987,1.206,0.9999999180102543,10.190274090632414,7.060301127055785,2026-03-18 23:26:38.295000
XRPUSDT,1592213635.0,1.4609,3.6,,,False,133.44427939758907,0.9717093144084822,36.63329530658597,-0.7425498359414315,1.206,0.9999999178770254,10.218917263462263,7.065275394048885,2026-03-18 23:26:38.295000
XRPUSDT,1592213636.0,1.4609,3.6,,,False,133.58501402177876,0.9717775086440631,36.64874983775538,-0.7418510030141998,1.206,0.9999999177438661,10.24768327232854,7.070249648176053,2026-03-18 23:26:38.295000
XRPUSDT,1592213637.0,1.4609,3.5,,,False,133.72579784260768,0.9718455432613562,36.66419561635166,-0.7411518469137028,1.206,0.999999917610778,10.276475834132231,7.0752238894430555,2026-03-18 23:26:38.295000
XRPUSDT,1592213638.0,1.4609,3.5,,,False,133.86663084257773,0.9719134186110328,36.679632653152034,-0.7404523714151925,1.206,0.9999999174777592,10.305294953815906,7.080198117856005,2026-03-18 23:26:38.295000
XRPUSDT,1592213639.0,1.4609,3.6,,,False,134.00751300420995,0.9719811350431051,36.69506095892449,-0.7397525802843444,1.206,0.999999917344814,10.334140613022017,7.085172333420936,2026-03-18 23:26:38.295000
XRPUSDT,1592213640.0,1.4609,3.5,,,False,134.1484443100446,0.9720486929069255,36.710480544427945,-0.7390524772755911,1.206,0.9999999172119409,10.36301281838242,7.090146536143744,2026-03-18 23:26:38.295000
XRPUSDT,1592213641.0,1.4609,3.5,,,False,134.28942474264105,0.9721160925511885,36.72589142041208,-0.7383520661339564,1.206,0.9999999170791427,10.391911549297891,7.095120726030783,2026-03-18 23:26:38.295000
XRPUSDT,1592213642.0,1.4609,2.2,,,False,134.43045428457788,0.9721833343239302,36.74129359761739,-0.7376513505933388,1.206,0.9999999169464198,10.420836810903362,7.100094903088205,2026-03-18 23:26:38.295000
XRPUSDT,1592213643.0,1.4609,1.3,,,False,134.5715329184528,0.9722504185725304,36.756687086775145,-0.7369503343778433,3.673,0.9999999168137731,10.449788588584378,7.105093467592844,2026-03-18 23:26:41.968000
XRPUSDT,1592213644.0,1.4609,3.6,,,False,134.71312194450346,0.972317345643712,36.77208427443347,-0.7386485890802006,3.673,0.9999999166791214,-25.37470521829618,7.1100919790487795,2026-03-18 23:26:41.968000
XRPUSDT,1592213645.0,1.4609,3.6,,,False,134.85475958929996,0.9723841158835428,36.78747272546729,-0.7379384269681906,3.673,0.9999999165426297,10.635907760844587,7.115090437210958,2026-03-18 23:26:41.968000
XRPUSDT,1592213646.0,1.4609,3.6,,,False,134.99644582977126,0.9724507296374348,36.80285245070406,-0.7372279592398772,3.673,0.999999916404297,10.665481027607425,7.120088842128664,2026-03-18 23:26:41.968000
XRPUSDT,1592213647.0,1.4609,3.6,,,False,135.1381806484367,0.9725171872501475,36.8182234611108,-0.7365172186280728,3.673,0.9999999162641314,10.694645546142562,7.125087193851653,2026-03-18 23:26:41.968000
XRPUSDT,1592213648.0,1.4609,3.5,,,False,135.27996402783637,0.9725834890657851,36.833585767644486,-0.7358062088443353,3.673,0.9999999161221355,10.723835793936336,7.130085492429302,2026-03-18 23:26:41.968000
XRPUSDT,1592213649.0,1.4609,3.5,,,False,135.42179595053096,0.9726496354277999,36.848939381251924,-0.7350949335894357,3.673,0.999999915978313,10.753051766323402,7.135083737911344,2026-03-18 23:26:41.968000
XRPUSDT,1592213650.0,1.4609,3.6,,,False,135.5636763991014,0.9727156266789926,36.86428431286974,-0.7343833965528614,3.673,0.9999999158326679,10.782293466399883,7.1400819303469785,2026-03-18 23:26:41.968000
XRPUSDT,1592213651.0,1.4609,3.5,,,False,135.70560535614933,0.9727814631615113,36.8796205734244,-0.7336716014141403,3.673,0.9999999156852047,10.811560877651273,7.145080069786092,2026-03-18 23:26:41.968000
XRPUSDT,1592213652.0,1.4609,3.5,,,False,135.8475828042965,0.9728471452168546,36.89494817383213,-0.7329595518417149,3.673,0.9999999155359277,10.84085400043896,7.1500781562782265,2026-03-18 23:26:41.968000
XRPUSDT,1592213653.0,1.461,3.8,,,False,136.02065057981898,0.9729342302316656,36.9110820501124,-0.891518290393535,4.792,0.9999999154131625,-1820.7350471936877,7.15508716201786,2026-03-18 23:26:46.760000
XRPUSDT,1592213654.0,1.461,3.6,,,False,136.16294390841887,0.9729995538713172,36.92639617072198,-0.7322590222705396,4.792,0.9999999152593401,2438.003592150684,7.160096071035753,2026-03-18 23:26:46.760000
XRPUSDT,1592213655.0,1.461,3.6,,,False,136.30528518729201,0.9730647242161278,36.94170162828161,-0.7315410191254685,4.792,0.9999999151028218,11.017329233995563,7.165104908859581,2026-03-18 23:26:46.760000
XRPUSDT,1592213656.0,1.461,29.1,,,False,136.44767467844395,0.9731297416047876,36.95699844111738,-0.7308242184561069,4.792,0.9999999149436108,11.0247532873392,7.1701136755594925,2026-03-18 23:26:46.760000
XRPUSDT,1592213657.0,1.4609,9.0,,,True,136.5590293673992,0.9731732523469552,36.97147831404103,-0.5713463181191343,6.195,0.9999999147532208,3665.253507347023,7.175136042884802,2026-03-18 23:26:52.955000
XRPUSDT,1592213658.0,1.461,120.9,,,False,136.73286000071576,0.9732593202149852,36.987572965077426,-0.8895506455618731,2.59,0.9999999146158778,-3697.132678269773,7.180123213765333,2026-03-18 23:26:55.545000
XRPUSDT,1592213659.0,1.461,3.5,,,False,136.87498614490175,0.973323880757698,37.00283334100733,-0.7265918042148759,2.59,0.999999914449416,2524.124403225037,7.185110335707554,2026-03-18 23:26:55.545000
XRPUSDT,1592213660.0,1.461,5.2,,,False,137.0171606774348,0.9733882896925664,37.01808517236762,-0.7258808804814605,2.59,0.9999999142820502,11.037657040414562,7.190097422856853,2026-03-18 23:26:55.545000
XRPUSDT,1592213661.0,1.461,59.8,,,False,137.15938374008456,0.9734525473550537,37.03332847398194,-0.7251705408319602,2.59,0.9999999141137851,11.054551659744739,7.195084475243879,2026-03-18 23:26:55.545000
XRPUSDT,1592213662.0,1.461,6.9,,,False,137.3016553157334,0.9735166540799807,37.04856325654301,-0.7244599778208107,2.59,0.9999999139446245,11.084063519998058,7.200071492898734,2026-03-18 23:26:55.545000
XRPUSDT,1592213663.0,1.461,3.6,,,False,137.44397538728145,0.9735806102015259,37.06378953073341,-0.7237491949752842,2.59,0.9999999137745726,11.113601456026842,7.205058475851904,2026-03-18 23:26:55.545000
XRPUSDT,1592213664.0,1.461,3.6,,,False,137.58634393764822,0.9736444160532258,37.079007307225616,-0.7230381958185825,2.59,0.9999999136036344,11.143165364284846,7.210045424133413,2026-03-18 23:26:55.545000
XRPUSDT,1592213665.0,1.461,4.6,,,False,137.7287609497725,0.9737080719679763,37.094216596681996,-0.722326983864329,2.59,0.9999999134318139,11.172755226938387,7.215032337773893,2026-03-18 23:26:55.545000
XRPUSDT,1592213666.0,1.461,6.1,,,False,137.87122640661224,0.9737715782780337,37.10941740975477,-0.721615562614842,0.908,0.9999999132591161,11.202371053257053,7.2200029541797655,2026-03-18 23:26:56.453000
XRPUSDT,1592213667.0,1.461,3.6,,,False,138.0134303159884,0.9738349353150141,37.12460188759618,-0.719340729298936,1.101,0.9999999130870152,35.904982687426056,7.224975427401672,2026-03-18 23:26:57.554000
XRPUSDT,1592213668.0,1.461,1.4,,,False,138.15571848639797,0.9738981434098957,37.13977885546057,-0.7188136131058326,1.101,0.9999999129152211,8.339377956113585,7.229947890174833,2026-03-18 23:26:57.554000
XRPUSDT,1592213669.0,1.461,2.2,,,False,138.29805532191781,0.9739612028930186,37.15494741841428,-0.7181066248718893,1.789,0.9999999127437481,11.211449871312189,7.234926974909524,2026-03-18 23:26:59.343000
XRPUSDT,1592213670.0,1.461,172.5,,,False,138.44056735363358,0.9740241140940863,37.170110777016994,-0.7180350802206938,1.789,0.9999999125720033,1.1372323208135873,7.23990603812409,2026-03-18 23:26:59.343000
XRPUSDT,1592213671.0,1.461,3.5,,,False,138.5831278920688,0.9740868773421658,37.18526573343057,-0.7173253695441477,1.789,0.9999999124000344,11.307742958855568,7.244885079796085,2026-03-18 23:26:59.343000
XRPUSDT,1592213672.0,1.461,21.8,,,False,138.72573691959707,0.9741494929656884,37.20041229814387,-0.7166154621969174,1.789,0.9999999122278436,11.337543368452794,7.249864099941897,2026-03-18 23:26:59.343000
XRPUSDT,1592213673.0,1.4609,3.6,,,True,138.83713957302112,0.9741913962284273,37.214767844544916,-0.5596209085349356,3.932,0.9999999120262142,3746.5949761533543,7.2548636673863705,2026-03-18 23:27:03.275000
XRPUSDT,1592213674.0,1.4609,1.4,,,True,138.98022781549696,0.9742537659712713,37.2299090573146,-0.7175001668190593,3.932,0.9999999118517153,-2531.3437427339577,7.259863199682324,2026-03-18 23:27:03.275000
XRPUSDT,1592213675.0,1.461,257.0,,,False,139.1546425892621,0.9743364586605798,37.245821373553504,-0.8726428092150034,0.167,0.9999999117046133,-1876.1349242998594,7.264826584402787,2026-03-18 23:27:03.442000
XRPUSDT,1592213676.0,1.461,118.6,,,False,139.29714795825794,0.9743984870544535,37.26092703737026,-0.712286555118393,0.167,0.9999999115295441,2585.2072588420365,7.269789972863976,2026-03-18 23:27:03.442000
XRPUSDT,1592213677.0,1.461,22.2,,,False,139.43970201747015,0.9744603694564286,37.276024403911215,-0.7115811189850874,3.676,0.999999911355554,11.399624300142529,7.274786925789457,2026-03-18 23:27:07.118000
XRPUSDT,1592213678.0,1.461,34.3,,,False,139.58294684695403,0.9745221061911385,37.291129366771976,-0.7140664406765999,0.302,0.9999999111796851,-40.25677261985438,7.279751590478492,2026-03-18 23:27:07.420000
XRPUSDT,1592213679.0,1.461,10.0,,,False,139.72562272511283,0.9745836975825887,37.30621073650771,-0.7102869712944448,2.17,0.9999999110049637,61.36359795046521,7.284734087418456,2026-03-18 23:27:09.590000
XRPUSDT,1592213680.0,1.461,14.2,,,False,139.86868859202505,0.9746451439541532,37.32129224103092,-0.7112724964681292,3.705,0.9999999108296531,-16.03878550662,7.289731193770269,2026-03-18 23:27:13.295000
XRPUSDT,1592213681.0,1.461,6.0,,,False,140.0120830559034,0.9747064456285786,37.336372323538534,-0.7119472385234672,12.647,0.9999999106525643,-11.006910686594006,7.294813427986055,2026-03-18 23:27:25.942000
XRPUSDT,1592213682.0,1.461,5.9,,,False,140.15715742777402,0.974767602927983,37.35148405678795,-0.7192953423435864,0.214,0.9999999104661917,-120.1508878199577,7.299777150947942,2026-03-18 23:27:26.156000
XRPUSDT,1592213683.0,1.461,46.4,,,False,140.3000105675867,0.9748286161738579,37.36653180495996,-0.7073545501831194,0.407,0.9999999102815345,195.70819400373927,7.304742712555912,2026-03-18 23:27:26.563000
XRPUSDT,1592213684.0,1.461,5.0,,,False,140.44294745754368,0.9748894856870678,37.38157218515147,-0.7068212382415514,4.292,0.9999999100978003,8.761560811709508,7.309745170406815,2026-03-18 23:27:30.855000
XRPUSDT,1592213685.0,1.461,436.4,,,False,140.58664046085474,0.9749502117878526,37.39662156012254,-0.7095971121514789,3.735,0.9999999099117239,-45.711380675757425,7.314742282757999,2026-03-18 23:27:34.590000
XRPUSDT,1592213686.0,1.461,3.6,,,False,140.7302798837788,0.9750107947958271,37.411660165545165,-0.7083781710035273,3.735,0.9999999097239648,20.120182023058838,7.3197393425657244,2026-03-18 23:27:34.590000
XRPUSDT,1592213687.0,1.461,3.5,,,False,140.8739671838606,0.9750712350299819,37.4266904866392,-0.7076593155364264,3.735,0.9999999095345025,11.893657877947895,7.324736349945369,2026-03-18 23:27:34.590000
XRPUSDT,1592213688.0,1.461,3.6,,,False,141.01770234565834,0.9751315328086849,37.441712533976265,-0.7069403379319918,3.735,0.9999999093433417,11.923782598628362,7.329733304948205,2026-03-18 23:27:34.590000
XRPUSDT,1592213689.0,1.461,100.0,,,False,141.16148535253097,0.9751916884496812,37.45672631808747,-0.7062212354727045,3.735,0.9999999091504879,11.954032030545283,7.334730207626276,2026-03-18 23:27:34.590000
XRPUSDT,1592213690.0,1.461,72.9,,,False,141.30531618785656,0.9752517022700944,37.471731849493025,-0.7055020114284429,3.735,0.9999999089559464,11.984306936462472,7.3397270580313245,2026-03-18 23:27:34.590000
XRPUSDT,1592213691.0,1.461,8.1,,,False,141.44919483503227,0.9753115745864278,37.48672913870225,-0.7047826690592777,3.735,0.9999999087597228,12.014607304640629,7.344723856214829,2026-03-18 23:27:34.590000
XRPUSDT,1592213692.0,1.461,3.5,,,False,141.59312127747444,0.9753713057145638,37.50171819621358,-0.7040632116149681,3.735,0.9999999085618215,12.044933132219033,7.349720602228555,2026-03-18 23:27:34.590000
XRPUSDT,1592213693.0,1.461,3.6,,,False,141.73709549861834,0.9754308959697661,37.516699032514495,-0.7033436423355864,3.735,0.9999999083622487,12.075284405794301,7.354717296124637,2026-03-18 23:27:34.590000
XRPUSDT,1592213694.0,1.461,3.5,,,False,141.88111748191835,0.9754903456666794,37.531671658081564,-0.7026239644499919,3.735,0.9999999081610089,12.10566113809133,7.3597139379541145,2026-03-18 23:27:34.590000
XRPUSDT,1592213695.0,1.4611,6.9,,,False,142.0566768184919,0.9755691650242428,37.5473839299907,-0.8545483239126712,0.012,0.999999907988429,-1927.5006059305792,7.364675564235282,2026-03-18 23:27:34.602000
XRPUSDT,1592213696.0,1.4611,3.8,,,False,142.2001318644014,0.9756282885118438,37.56232270195612,-0.6975834133581069,0.012,0.9999999077870828,2654.865552147027,7.369637197844389,2026-03-18 23:27:34.602000
XRPUSDT,1592213697.0,1.4611,150.0,,,False,142.34363530776636,0.9756872724843103,37.57725338903208,-0.6968757722656516,0.012,0.9999999075870603,11.997175891419644,7.374598838830714,2026-03-18 23:27:34.602000
XRPUSDT,1592213698.0,1.4611,3.5,,,False,142.4871871329706,0.9757461172536194,37.5921760012979,-0.6961680180886267,0.012,0.9999999073883565,12.027478148611523,7.379560487179205,2026-03-18 23:27:34.602000
XRPUSDT,1592213699.0,1.4611,3.6,,,False,142.6307873236628,0.9758048231311327,37.60709054880517,-0.6954601503173048,0.012,0.9999999071909638,12.057868842198438,7.384522142874676,2026-03-18 23:27:34.602000
XRPUSDT,1592213700.0,1.4611,3.6,,,False,142.77443586350805,0.9758633904276,37.62199704159552,-0.6947521720824277,0.012,0.999999906994876,12.088286084248725,7.389483805902342,2026-03-18 23:27:34.602000
XRPUSDT,1592213701.0,1.4611,5.2,,,False,142.9181327361881,0.9759218194531578,37.63689548970076,-0.6940440865055696,0.012,0.9999999068000887,12.118729862384837,7.394445476247202,2026-03-18 23:27:34.602000
XRPUSDT,1592213702.0,1.4611,3.6,,,False,143.06187792540138,0.975980110517331,37.65178590314273,-0.6933358966982233,0.012,0.999999906606594,12.149200180013164,7.399407153894557,2026-03-18 23:27:34.602000
XRPUSDT,1592213703.0,1.4611,3.5,,,False,143.20567141486273,0.9760382639290333,37.66666829193333,-0.6926276057626783,0.001,0.9999999064143869,12.179697025715884,7.404368736398691,2026-03-18 23:27:34.603000
XRPUSDT,1592213704.0,1.4611,3.6,,,False,143.3495112107849,0.9760962799965679,37.68154262011609,-0.6919097346210026,0.001,0.9999999062234699,12.373660818137266,7.409330326348777,2026-03-18 23:27:34.603000
XRPUSDT,1592213705.0,1.4611,3.6,,,False,143.49339927645568,0.9761541590276293,37.69640894390538,-0.6912012861898716,0.001,0.9999999060338357,12.240157067935327,7.414291923729918,2026-03-18 23:27:34.603000
XRPUSDT,1592213706.0,1.4612,3.5,,,False,143.66893992695344,0.9762308944734113,37.71199802739483,-0.8413427303969562,0.015,0.9999999058763706,-1956.6113505562062,7.41925365852407,2026-03-18 23:27:34.618000
XRPUSDT,1592213707.0,1.4612,6.9,,,False,143.81293758515235,0.976288455475054,37.726846949476524,-0.6894610744215413,0.015,0.999999905689326,2638.620796037932,7.42421540042122,2026-03-18 23:27:34.618000
XRPUSDT,1592213708.0,1.4612,3.8,,,False,143.95698345740712,0.9763458804602935,37.74168789935179,-0.6887524546757999,0.015,0.9999999055035367,12.339920381118464,7.429177149484883,2026-03-18 23:27:34.618000
XRPUSDT,1592213709.0,1.4612,5.0,,,False,144.10107752844763,0.9764031697341943,37.75652088699089,-0.6880437573767157,0.015,0.9999999053189949,12.370505870108454,7.434138905700272,2026-03-18 23:27:34.618000
XRPUSDT,1592213710.0,1.4612,3.6,,,False,144.24521978210706,0.976460323601216,37.771345922332976,-0.6873349811944537,0.015,0.9999999051356964,12.401193815847302,7.439100669053282,2026-03-18 23:27:34.618000
XRPUSDT,1592213711.0,1.4612,3.6,,,False,144.38941020223513,0.9765173423652153,37.78616301530716,-0.6866261291520854,0.015,0.9999999049536352,12.431908246520244,7.444062439528917,2026-03-18 23:27:34.618000
XRPUSDT,1592213712.0,1.4612,3.6,,,False,144.53364877269775,0.9765742263294441,37.80097217583247,-0.6859172042628362,0.015,0.9999999047728054,12.46264916412806,7.449024217113239,2026-03-18 23:27:34.618000
XRPUSDT,1592213713.0,1.4612,3.5,,,False,144.67793547737716,0.9766309757965516,37.81577341381788,-0.685208209531196,0.015,0.999999904593201,12.493416551348972,7.453986001791393,2026-03-18 23:27:34.618000
XRPUSDT,1592213714.0,1.4612,3.6,,,False,144.8222703001717,0.9766875910685862,37.830566739162265,-0.684499147951438,0.015,0.9999999044148167,12.524210416664662,7.458947793549484,2026-03-18 23:27:34.618000
XRPUSDT,1592213715.0,1.4612,5.0,,,True,144.9666532249961,0.9767440724469937,37.84535216175444,-0.6837900225087987,1.957,0.9999999042376464,12.55503074876734,7.463927447874681,2026-03-18 23:27:36.575000
XRPUSDT,1592213716.0,1.4613,3.5,,,False,145.14313847107317,0.9768189534691576,37.860852959341806,-0.8339179113840611,0.127,0.9999999040916439,-2004.885677797569,7.46889027084639,2026-03-18 23:27:36.702000
XRPUSDT,1592213717.0,1.4613,6.9,,,False,145.28764794617064,0.9768751241178392,37.87562158050403,-0.682129275711968,0.127,0.9999999039154028,2702.276709186068,7.473853098457283,2026-03-18 23:27:36.702000
XRPUSDT,1592213718.0,1.4613,3.8,,,False,145.43220544312322,0.976931161872217,37.89038232840436,-0.6814197400935531,0.127,0.9999999037402828,12.661742539349781,7.478815931357386,2026-03-18 23:27:36.702000
XRPUSDT,1592213719.0,1.4613,3.6,,,False,145.57681095380656,0.976987067031145,37.905135213076264,-0.6807101910708994,0.127,0.9999999035662788,12.692013335778284,7.4837787695348466,2026-03-18 23:27:36.702000
XRPUSDT,1592213720.0,1.4613,3.6,,,False,145.72146446221737,0.9770428398928809,37.919880244365004,-0.6800005943801213,0.127,0.9999999033933855,12.722974376655475,7.488741612977127,2026-03-18 23:27:36.702000
XRPUSDT,1592213721.0,1.4613,347.7,,,False,145.86616595236836,0.9770984807550858,37.9346174321056,-0.6792909529479358,0.127,0.9999999032215988,12.753961819864013,7.493704461672183,2026-03-18 23:27:36.702000
XRPUSDT,1592213722.0,1.4613,347.7,,,False,146.0109154082885,0.977153989914826,37.949346786122874,-0.6785812696917408,0.127,0.999999903050913,12.784975660151716,7.498667315608088,2026-03-18 23:27:36.702000
XRPUSDT,1592213723.0,1.4613,347.7,,,False,146.15571281402262,0.9772093676685738,37.964068316231426,-0.6778715475193929,0.127,0.9999999028813231,12.81601589657592,7.503630174772719,2026-03-18 23:27:36.702000
XRPUSDT,1592213724.0,1.4613,347.7,,,False,146.30055815363164,0.9772646143122078,37.97878203223562,-0.677161789329677,0.127,0.9999999027128248,12.847082519947334,7.508593039153905,2026-03-18 23:27:36.702000
XRPUSDT,1592213725.0,1.4613,136.8,,,False,146.44545141119247,0.9773197301410144,37.99348794392959,-0.6764519980120309,0.127,0.9999999025454133,12.878175526254308,7.513555908739563,2026-03-18 23:27:36.702000
XRPUSDT,1592213726.0,1.4613,3.6,,,False,146.59039257079797,0.9773747154496877,38.00818606109717,-0.6757421764464391,0.127,0.9999999023790835,12.909294913830598,7.518518783518001,2026-03-18 23:27:36.702000
XRPUSDT,1592213727.0,1.4613,3.5,,,False,146.73538161655694,0.9774295705323316,38.02287639351199,-0.6750323275039412,0.003,0.9999999022138311,12.940440671758006,7.523480537966168,2026-03-18 23:27:36.705000
XRPUSDT,1592213728.0,1.4613,3.6,,,False,146.8803966198228,0.9774842956824593,38.03755847054648,-0.6742208989106759,0.003,0.9999999020497321,14.827343394608336,7.528442299508704,2026-03-18 23:27:36.705000
XRPUSDT,1592213729.0,1.4613,3.6,,,False,147.02545950054775,0.977538891192995,38.05223278512439,-0.6735113915982018,0.003,0.9999999018867887,12.995707989774624,7.533404068131275,2026-03-18 23:27:36.705000
XRPUSDT,1592213730.0,1.4613,3.6,,,False,147.17057024288968,0.9775933573562746,38.0668993469772,-0.6728018647247649,0.003,0.9999999017249964,13.026929578168788,7.538365843819569,2026-03-18 23:27:36.705000
XRPUSDT,1592213731.0,1.4613,3.6,,,False,147.315728831022,0.9776476944640458,38.08155816582616,-0.6720923211227365,0.003,0.9999999015643488,13.058177572071656,7.543327626560038,2026-03-18 23:27:36.705000
XRPUSDT,1592213732.0,1.4613,3.6,,,False,147.46093524913383,0.9777019028074697,38.09620925138219,-0.6713827636157468,0.003,0.9999999014048412,13.089451958352683,7.548289416338731,2026-03-18 23:27:36.705000
XRPUSDT,1592213733.0,1.4613,55.6,,,True,147.6061894814301,0.977755982677122,38.11085261334594,-0.6706731950188497,0.077,0.9999999012464682,13.120752721090309,7.55325188058077,2026-03-18 23:27:36.782000
XRPUSDT,1592213734.0,1.4614,3.5,,,False,147.78339999755846,0.977827678319948,38.12617764155396,-0.8163466017362273,0.45,0.9999999011213047,-2031.83068001823,7.558217712261428,2026-03-18 23:27:37.232000
XRPUSDT,1592213735.0,1.4614,3.5,,,False,147.928838905461,0.9778814600456188,38.14080587217594,-0.6692840905620698,0.45,0.9999999009648954,2734.4327341641283,7.563183541736018,2026-03-18 23:27:37.232000
XRPUSDT,1592213736.0,1.4614,3.4,,,False,148.07432546583433,0.9779351142607483,38.155426400366,-0.6685731594784807,0.491,0.9999999008092931,13.250237318231452,7.568149739783986,2026-03-18 23:27:37.723000
XRPUSDT,1592213737.0,1.4614,3.8,,,False,148.21986688764633,0.9779886412533848,38.170039390744755,-0.6678952812226796,0.491,0.9999999006544702,12.664232052127133,7.573115937272294,2026-03-18 23:27:37.723000
XRPUSDT,1592213738.0,1.4614,3.6,,,False,148.3654559504404,0.9780420413109947,38.184644697773535,-0.6671843599313523,0.491,0.9999999005004193,13.313118433706565,7.5780821341955225,2026-03-18 23:27:37.723000
XRPUSDT,1592213739.0,1.4614,3.6,,,False,148.51109263850574,0.9780953147204636,38.19924233113093,-0.6664734478370878,0.491,0.9999999003471389,13.344595387294294,7.5830483305484355,2026-03-18 23:27:37.723000
XRPUSDT,1592213740.0,1.4614,3.6,,,False,148.65677693615856,0.9781484617680979,38.21383230048529,-0.6657625477412782,0.491,0.999999900194626,13.376097590628408,7.588014526326377,2026-03-18 23:27:37.723000
XRPUSDT,1592213741.0,1.4614,3.6,,,False,148.8025088277307,0.9782014827396244,38.22841461549447,-0.6650516623850021,0.491,0.9999999000428776,13.407625997968676,7.592980721524143,2026-03-18 23:27:37.723000
XRPUSDT,1592213742.0,1.4614,3.5,,,False,148.94828829756977,0.9782543779201912,38.24298928580581,-0.6643407945004756,0.491,0.9999998998918918,13.439180600363754,7.597946916137101,2026-03-18 23:27:37.723000
XRPUSDT,1592213743.0,1.4614,3.6,,,False,149.0941153300391,0.9783071475943705,38.25755632105617,-0.6636299468109808,0.491,0.9999998997416644,13.470761389942956,7.602913110160455,2026-03-18 23:27:37.723000
XRPUSDT,1592213744.0,1.4614,3.5,,,False,149.23998990951765,0.978359792046157,38.27211573087181,-0.662919122030207,0.491,0.999999899592194,13.502368372216111,7.607879303588937,2026-03-18 23:27:37.723000
XRPUSDT,1592213745.0,1.4615,3.5,,,False,149.41792066040045,0.9784295833657267,38.28734071033782,-0.8067325409756069,0.491,0.9999998994760135,-2060.6204300476275,7.612845497355374,2026-03-18 23:27:37.723000
XRPUSDT,1592213746.0,1.4615,6.9,,,False,149.56390075724104,0.978481937224443,38.30188351988245,-0.6611689777712684,0.491,0.9999998993280861,2780.3788827336703,7.617811688032773,2026-03-18 23:27:37.723000
XRPUSDT,1592213747.0,1.4615,3.5,,,False,149.7099283205457,0.9785341668021501,38.316418734678074,-0.6604582748055394,0.491,0.9999998991809069,13.607289143983964,7.622777878102582,2026-03-18 23:27:37.723000
XRPUSDT,1592213748.0,1.4615,3.8,,,False,149.85600336509464,0.9785862723803563,38.3309463649433,-0.6597477433240804,0.491,0.9999998990344737,13.636380324709725,7.6277440675600054,2026-03-18 23:27:37.723000
XRPUSDT,1592213749.0,1.4615,5.2,,,False,150.0021258753483,0.9786382542399983,38.34546642024845,-0.6590372488458407,0.491,0.9999998988887846,13.668123517195852,7.6327102564001335,2026-03-18 23:27:37.723000
XRPUSDT,1592213750.0,1.4615,3.5,,,False,150.14829583578276,0.9786901126614412,38.35997891015327,-0.6583267940275654,0.491,0.9999998987438358,13.699892871918713,7.637676444618691,2026-03-18 23:27:37.723000
XRPUSDT,1592213751.0,1.4615,3.6,,,False,150.29451323088952,0.97874184792448,38.37448384420692,-0.6576163815172564,0.491,0.9999998985996256,13.731688380052923,7.642642632210972,2026-03-18 23:27:37.723000
XRPUSDT,1592213752.0,1.4615,3.6,,,False,150.4407780451755,0.9787934603083402,38.38898123194795,-0.6569060139535163,0.491,0.9999998984561512,13.76351004565566,7.647608819172211,2026-03-18 23:27:37.723000
XRPUSDT,1592213753.0,1.4615,249.5,,,False,150.58709026316322,0.9788449500916782,38.40347108290435,-0.6561956939669141,0.491,0.9999998983134101,13.795357846829756,7.652575005498123,2026-03-18 23:27:37.723000
XRPUSDT,1592213754.0,1.4614,37.5,,,True,150.70134931979402,0.9788794124723605,38.41729258063464,-0.5122535635436004,1.303,0.9999998981385423,4176.790099033347,7.657548344538384,2026-03-18 23:27:39.026000
XRPUSDT,1592213755.0,1.4615,3.5,,,False,150.87999944753355,0.9789475640368135,38.432431139948676,-0.7987018399737147,1.592,0.9999998980296873,-4203.106395714378,7.6625242250672745,2026-03-18 23:27:40.618000
XRPUSDT,1592213756.0,1.4615,3.6,,,False,151.02664433142584,0.978998687682312,38.44690233309821,-0.6549123965237251,1.592,0.9999998978880092,2812.581967655744,7.667500080130563,2026-03-18 23:27:40.618000
XRPUSDT,1592213757.0,1.4615,3.6,,,False,151.1733362513792,0.9790496898362504,38.46136600265634,-0.6541985368065928,1.592,0.9999998977463296,13.996658219469543,7.6724759177357535,2026-03-18 23:27:40.618000
XRPUSDT,1592213758.0,1.4615,3.6,,,False,151.32007529036363,0.9791005707744544,38.475822160211095,-0.653485182983229,1.592,0.9999998976046508,14.020060331888244,7.6774517378989104,2026-03-18 23:27:40.618000
XRPUSDT,1592213759.0,1.4615,3.6,,,False,151.4668614330073,0.9791513307721867,38.490270815320365,-0.6527718991564037,1.592,0.9999998974629731,14.052085474611816,7.682427540635407,2026-03-18 23:27:40.618000
XRPUSDT,1592213760.0,1.4615,3.5,,,False,151.61369466395362,0.9792019701041463,38.50471197753108,-0.6520586878949962,1.592,0.999999897321299,14.084136456945833,7.687403325961015,2026-03-18 23:27:40.618000
XRPUSDT,1592213761.0,1.4615,3.6,,,False,151.76057496786186,0.9792524890444703,38.51914565637925,-0.6513455517619463,1.592,0.9999998971796298,14.116213215820709,7.69237909389116,2026-03-18 23:27:40.618000
XRPUSDT,1592213762.0,1.4616,3.4,,,False,151.93968614901968,0.9793194611549785,38.53422137492913,-0.7924264850723343,1.519,0.9999998970710892,-2106.5624517400943,7.697354209526523,2026-03-18 23:27:42.137000
XRPUSDT,1592213763.0,1.4615,229.3,,,True,152.05446626544088,0.9793531678919211,38.54799039124328,-0.5077973128771001,1.611,0.999999896896353,8444.281411163138,7.702330100879284,2026-03-18 23:27:43.748000
XRPUSDT,1592213764.0,1.4616,3.5,,,False,152.23369545257387,0.979419821845257,38.56304858049376,-0.7907039241446661,2.493,0.9999998967879378,-4244.408577563414,7.7073136755282,2026-03-18 23:27:46.241000
XRPUSDT,1592213765.0,1.4616,1.2,,,False,152.38092913496135,0.9794698227128422,38.57745418964084,-0.6488484965531462,2.493,0.9999998966459185,2837.0593240156195,7.712297206724336,2026-03-18 23:27:46.241000
XRPUSDT,1592213766.0,1.4616,2.6,,,False,152.5282094857452,0.9795197046403327,38.591852344105035,-0.6481326000146539,2.381,0.9999998965033247,14.351821882373248,7.717279733101192,2026-03-18 23:27:48.622000
XRPUSDT,1592213767.0,1.4616,3.5,,,False,152.6755174339011,0.9795694678983282,38.60624267359382,-0.6473333341839167,2.381,0.999999896360215,16.061364607772884,7.722262230182807,2026-03-18 23:27:48.622000
XRPUSDT,1592213768.0,1.4616,3.6,,,False,152.8228721947759,0.9796191127568732,38.62062557280763,-0.6466186416828043,2.381,0.9999998962166103,14.396103082155317,7.727244698006139,2026-03-18 23:27:48.622000
XRPUSDT,1592213769.0,1.4616,3.6,,,False,152.9702737533143,0.9796686394854572,38.635001051259884,-0.6459040506675968,2.381,0.9999998960725147,14.428391206876304,7.732227136601718,2026-03-18 23:27:48.622000
XRPUSDT,1592213770.0,1.4616,5.2,,,False,153.1177220943372,0.9797180483530155,38.64936911845004,-0.645189563006936,2.381,0.9999998959279309,14.460717194518477,7.737209545999838,2026-03-18 23:27:48.622000
XRPUSDT,1592213771.0,1.4616,97.6,,,False,153.26521720268147,0.9797673396279303,38.66372978386631,-0.6444751811736178,2.381,0.9999998957828626,14.493068693246382,7.742191926230854,2026-03-18 23:27:48.622000
XRPUSDT,1592213772.0,1.4615,18.2,,,True,153.38047350374353,0.979800331434878,38.67744687329268,-0.5034209888272547,1.371,0.9999998956038412,4275.4309447164305,7.7471655513894,2026-03-18 23:27:49.993000
XRPUSDT,1592213773.0,1.4616,1185.2,,,False,153.56017724473386,0.9798655714930876,38.69242559858246,-0.7827056850428941,1.202,0.9999998954917869,-4280.877483558601,7.752137713106747,2026-03-18 23:27:51.195000
XRPUSDT,1592213774.0,1.4616,6.0,,,False,153.7076115769482,0.9799145115924106,38.706760183499384,-0.6414621261126003,4.503,0.9999998953465219,2886.0496992072685,7.757138305440222,2026-03-18 23:27:55.698000
XRPUSDT,1592213775.0,1.4615,13.3,,,True,153.82333871058034,0.9799472683292838,38.72046618413443,-0.5033153983990666,1.454,0.9999998951663538,4217.353158475766,7.762112587197725,2026-03-18 23:27:57.152000
XRPUSDT,1592213776.0,1.4616,3.6,,,False,154.00322817247638,0.9800120434980163,38.73541918581857,-0.7801631759152776,1.416,0.9999998950529909,-4273.980028667254,7.767086536714969,2026-03-18 23:27:58.568000
XRPUSDT,1592213777.0,1.4616,3.5,,,False,154.15083946678453,0.9800606348173864,38.74973245304348,-0.6394836563016056,1.416,0.9999998949062002,2895.157436295429,7.772060464796644,2026-03-18 23:27:58.568000
XRPUSDT,1592213778.0,1.4616,3.6,,,False,154.2984975181678,0.9801091104073806,38.76403840169432,-0.6387725265448996,1.416,0.9999998947595706,14.669852533841603,7.777034378467346,2026-03-18 23:27:58.568000
XRPUSDT,1592213779.0,1.4616,3.6,,,False,154.44620239964286,0.980157470531985,38.77833704280938,-0.6380618968668225,1.416,0.9999998946131019,14.694537780664604,7.7820082777399815,2026-03-18 23:27:58.568000
XRPUSDT,1592213780.0,1.4616,3.6,,,False,154.59395409616278,0.9802057154546412,38.79262838569759,-0.6373513887806813,1.416,0.9999998944667964,14.727105921679351,7.786982162627151,2026-03-18 23:27:58.568000
XRPUSDT,1592213781.0,1.4617,3.5,,,False,154.77413126880685,0.9802696715831886,38.80753639399946,-0.7753954594346155,1.895,0.9999998943544364,-2158.418181170669,7.79196013249211,2026-03-18 23:28:00.463000
XRPUSDT,1592213782.0,1.4617,6.7,,,False,154.9220681228451,0.9803176491794932,38.821813439109604,-0.6359567668312269,1.895,0.9999998942082688,2906.3292733162198,7.796938071482264,2026-03-18 23:28:00.463000
XRPUSDT,1592213783.0,1.4617,0.2,,,False,155.07005153498062,0.980365512447015,38.83608320479307,-0.6352449419032798,0.521,0.999999894061961,14.872050422018964,7.801904270315877,2026-03-18 23:28:00.984000
XRPUSDT,1592213784.0,1.4617,3.8,,,False,155.2178491664674,0.980413261646843,38.850341257116824,-0.633540646511768,0.521,0.999999893916156,35.69264820461773,7.806870468202333,2026-03-18 23:28:00.984000
XRPUSDT,1592213785.0,1.4617,3.6,,,False,155.36569370384655,0.9804608970395249,38.86459207706205,-0.6328335635242393,0.521,0.9999998937710867,14.843647710642962,7.811836665156362,2026-03-18 23:28:00.984000
XRPUSDT,1592213786.0,1.4617,3.6,,,False,155.51358513250554,0.9805084188850688,38.878835673804154,-0.6321266128061462,0.521,0.999999893626751,14.876331295673928,7.816802861174382,2026-03-18 23:28:00.984000
XRPUSDT,1592213787.0,1.4617,11.9,,,False,155.6615234374812,0.9805558274429431,38.89307205650082,-0.6314197951231277,0.521,0.999999893483147,14.909073692816005,7.821769056252898,2026-03-18 23:28:00.984000
XRPUSDT,1592213788.0,1.4617,241.6,,,False,155.80950860382498,0.9806031229720776,38.90730123429891,-0.6307131127949781,1.232,0.9999998933402713,14.941842095469633,7.826741280570469,2026-03-18 23:28:02.216000
XRPUSDT,1592213789.0,1.4617,101.0,,,False,155.95766041633405,0.9806503057308648,38.921525480356195,-0.6305147533176119,0.669,0.9999998931978054,4.204066961433673,7.8317087237604355,2026-03-18 23:28:02.885000
XRPUSDT,1592213790.0,1.4617,10.1,,,False,156.10576413986104,0.9806973759771592,38.93574073940384,-0.6294048153877854,0.229,0.9999998930558679,23.580457235826373,7.836672440403247,2026-03-18 23:28:03.114000
XRPUSDT,1592213791.0,1.4617,4.9,,,False,156.25384063358953,0.9807443339682813,38.94994742601332,-0.6283850508926209,0.229,0.9999998929147549,21.71652727888602,7.84163616043441,2026-03-18 23:28:03.114000
XRPUSDT,1592213792.0,1.4617,8.3,,,False,156.4019639842108,0.980791179961015,38.964146949667274,-0.6276797662556268,0.229,0.9999998927745436,15.055388856935288,7.846599883847572,2026-03-18 23:28:03.114000
XRPUSDT,1592213793.0,1.4617,3.5,,,False,156.55013417689102,0.9808379142116104,38.97833931943688,-0.6269746268405707,0.229,0.9999998926352303,15.08827906882357,7.851563610633922,2026-03-18 23:28:03.114000
XRPUSDT,1592213794.0,1.4617,3.6,,,False,156.6983511967598,0.9808845369757843,38.9925245443816,-0.62626963470136,0.229,0.9999998924968125,15.12119994819127,7.856527340785006,2026-03-18 23:28:03.114000
XRPUSDT,1592213795.0,1.4617,3.6,,,False,156.84661502896108,0.9809310485087204,39.006702633550205,-0.6255647920998106,0.229,0.9999998923592851,15.154146876163653,7.861491074292108,2026-03-18 23:28:03.114000
XRPUSDT,1592213796.0,1.4617,3.6,,,False,156.99492565865302,0.9809774490650713,39.02087359598071,-0.6248601012887569,0.229,0.9999998922226456,15.187119863898822,7.866454811146602,2026-03-18 23:28:03.114000
XRPUSDT,1592213797.0,1.4617,136.8,,,False,157.14328307100809,0.9810237388989582,39.03503744070045,-0.6241555645134675,0.229,0.9999998920868891,15.220118892866386,7.871418551339783,2026-03-18 23:28:03.114000
XRPUSDT,1592213798.0,1.4617,3.6,,,False,157.2916872512129,0.981069918263973,39.049194176726,-0.6234511840102651,0.229,0.999999891952013,15.253143974071664,7.87638229486321,2026-03-18 23:28:03.114000
XRPUSDT,1592213799.0,1.4617,3.6,,,False,157.44013818446837,0.981115987413178,39.06334381306323,-0.6227469620077227,0.229,0.9999998918180131,15.28619509359988,7.881346041708277,2026-03-18 23:28:03.114000
XRPUSDT,1592213800.0,1.4617,21.2,,,True,157.5886358559895,0.9811619465991066,39.077486358707255,-0.6220429007261767,0.517,0.9999998916848856,15.319272248187406,7.886312201685578,2026-03-18 23:28:03.631000
XRPUSDT,1592213801.0,1.4617,23.6,,,True,157.7372283077282,0.9812077960737658,39.091622705182154,-0.6215393586460105,0.08,0.999999891552514,10.982504901279576,7.891274708297621,2026-03-18 23:28:03.711000
XRPUSDT,1592213802.0,1.4618,6.9,,,False,157.9183874028305,0.9812685753597195,39.10634753009664,-0.7559640088181951,0.638,0.9999998914554791,-2211.6852487341807,7.896241879954154,2026-03-18 23:28:04.349000
XRPUSDT,1592213803.0,1.4618,3.5,,,False,158.06710361131383,0.9813141702557359,39.120468864082845,-0.6198974823465777,0.638,0.9999998913247368,2984.2490796041357,7.901209045793319,2026-03-18 23:28:04.349000
XRPUSDT,1592213804.0,1.4618,3.8,,,False,158.21586637878403,0.9813596562757031,39.13458313748289,-0.6191929857258818,0.638,0.9999998911946086,15.488201016563577,7.90617620889992,2026-03-18 23:28:04.349000
XRPUSDT,1592213805.0,1.4618,5.2,,,False,158.3646757301755,0.9814050336693539,39.148690359991306,-0.618488828759677,0.638,0.9999998910650936,15.517792221008074,7.911143369273187,2026-03-18 23:28:04.349000
XRPUSDT,1592213806.0,1.4618,34.2,,,False,158.51353165080636,0.9814503026858978,39.162790540566256,-0.6177848487241399,0.638,0.9999998909361877,15.551034444377958,7.916110526912124,2026-03-18 23:28:04.349000
XRPUSDT,1592213807.0,1.4618,3.6,,,False,158.66243412600878,0.981495463574023,39.17688368815506,-0.6170810477797567,0.638,0.9999998908078918,15.584302559181074,7.921077681816021,2026-03-18 23:28:04.349000
XRPUSDT,1592213808.0,1.4618,3.6,,,False,158.8113831411291,0.9815405165818956,39.1909698116942,-0.6163774280782321,0.638,0.9999998906802028,15.617596576772348,7.926044833983858,2026-03-18 23:28:04.349000
XRPUSDT,1592213809.0,1.4618,3.6,,,False,158.96037868152794,0.9815854619571617,39.205048920109306,-0.6156739917640368,0.638,0.9999998905531182,15.650916474284697,7.9310119834148765,2026-03-18 23:28:04.349000
XRPUSDT,1592213810.0,1.4618,3.6,,,False,159.10942073257993,0.9816302999469484,39.21912102231516,-0.6149707409730275,0.638,0.9999998904266376,15.684262259626077,7.935979130108196,2026-03-18 23:28:04.349000
XRPUSDT,1592213811.0,1.4618,3.5,,,False,159.258509279674,0.9816750307978626,39.233186127215674,-0.614267677833185,0.638,0.9999998903007584,15.717633925444282,7.94094627406303,2026-03-18 23:28:04.349000
XRPUSDT,1592213812.0,1.4618,3.6,,,False,159.40764430821292,0.9817196547559948,39.247244243703925,-0.6135648044641808,0.638,0.9999998901754784,15.751031473313649,7.945913415278642,2026-03-18 23:28:04.349000
XRPUSDT,1592213813.0,1.4618,3.5,,,False,159.55682580361366,0.9817641720669177,39.261295380662155,-0.612862122977957,0.638,0.9999998900507967,15.78445489307608,7.950880553754124,2026-03-18 23:28:04.349000
XRPUSDT,1592213814.0,1.4619,5.0,,,False,159.73876744251115,0.9818231842865422,39.27592123875546,-0.7456640386046522,0.606,0.9999998899615231,-2250.413837533613,7.955847427092591,2026-03-18 23:28:04.955000
XRPUSDT,1592213815.0,1.4619,1.9,,,False,159.88804679257765,0.981867454133328,39.289957140613524,-0.6111211705638027,4.249,0.9999998898380716,3039.153686074944,7.960844238100668,2026-03-18 23:28:09.204000
XRPUSDT,1592213816.0,1.4619,3.5,,,False,160.03797270665672,0.9819116181467762,39.303996708323766,-0.6128645617816948,4.249,0.9999998897139694,-39.47538010640606,7.965840993794381,2026-03-18 23:28:09.204000
XRPUSDT,1592213817.0,1.4619,1.5,,,False,160.18794434258353,0.9819556765702311,39.31802927162037,-0.6121529854378878,4.249,0.9999998895883568,16.150744579762307,7.970837693865592,2026-03-18 23:28:09.204000
XRPUSDT,1592213818.0,1.4618,4.9,,,True,160.30520919564918,0.981985168388863,39.33147803298898,-0.4784588615892562,0.673,0.9999998894263123,4533.261428107532,7.975805046960058,2026-03-18 23:28:09.877000
XRPUSDT,1592213819.0,1.4619,2.3,,,False,160.4874391096009,0.9820434785315608,39.34606313687054,-0.7413955356224661,0.294,0.9999998893338646,-4509.278521159621,7.980769298642606,2026-03-18 23:28:10.171000
XRPUSDT,1592213820.0,1.4619,3.6,,,False,160.63689863020883,0.9820872216377976,39.360063392396505,-0.6073935707086848,0.294,0.9999998892072085,3063.3847580102447,7.985733551237226,2026-03-18 23:28:10.171000
XRPUSDT,1592213821.0,1.4619,3.6,,,False,160.78640454561113,0.9821308601223078,39.374056747100965,-0.6066935934600174,0.294,0.9999998890813575,16.0403656663274,7.990697806145797,2026-03-18 23:28:10.171000
XRPUSDT,1592213822.0,1.4619,220.4,,,False,160.93595685974745,0.982174394225882,39.388043210063046,-0.6059938997161742,0.294,0.9999998889563095,16.072313115381647,7.995662063361603,2026-03-18 23:28:10.171000
XRPUSDT,1592213823.0,1.4619,137.8,,,False,161.08555555816068,0.9822178241888028,39.40202279002776,-0.6052944168257578,0.294,0.99999988883206,16.105997872786794,8.000626322877817,2026-03-18 23:28:10.171000
XRPUSDT,1592213824.0,1.4619,137.8,,,False,161.23520062640736,0.982261150250845,39.415995495729334,-0.6045951468110037,0.294,0.999999888708607,16.139708567833477,8.005590584687251,2026-03-18 23:28:10.171000
XRPUSDT,1592213825.0,1.4619,4.2,,,False,161.3848920500577,0.9823043726512772,39.42996133589126,-0.6038960916859901,0.294,0.9999998885859469,16.173445204880974,8.010554848783379,2026-03-18 23:28:10.171000
XRPUSDT,1592213826.0,1.4619,137.8,,,False,161.5346298146955,0.982347491628862,39.44392031922623,-0.6031972534576946,0.294,0.9999998884640763,16.20720776417216,8.015519115159357,2026-03-18 23:28:10.171000
XRPUSDT,1592213827.0,1.4619,137.8,,,False,161.68441390591826,0.9823905074218571,39.45787245443616,-0.602498634124651,0.294,0.9999998883429925,16.240996257448753,8.020483383808331,2026-03-18 23:28:10.171000
XRPUSDT,1592213828.0,1.4619,3.6,,,False,161.83424430933695,0.9824334202680159,39.47181775021222,-0.6018002356780733,0.294,0.9999998882226919,16.27481067072803,8.025447654723385,2026-03-18 23:28:10.171000
XRPUSDT,1592213829.0,1.4619,11.1,,,False,161.98412101057627,0.98247623040459,39.485756215234765,-0.6011020601009971,0.294,0.9999998881031725,16.308651009995998,8.030411927897958,2026-03-18 23:28:10.171000
XRPUSDT,1592213830.0,1.4619,3.5,,,False,162.13404399527428,0.982518938068327,39.49968785817343,-0.6004041093690624,0.003,0.9999998879844298,16.3425172641637,8.0353738526877,2026-03-18 23:28:10.174000
XRPUSDT,1592213831.0,1.4619,4.9,,,False,162.2839659165847,0.9825615434954739,39.513611879980964,-0.5995177336256247,0.003,0.9999998878665495,20.804291912922437,8.040335783906391,2026-03-18 23:28:10.174000
XRPUSDT,1592213832.0,1.4619,3.6,,,False,162.43393414771222,0.9826040469217772,39.527529101816064,-0.598821013317496,0.003,0.9999998877496026,16.392097501903386,8.045297721541907,2026-03-18 23:28:10.174000
XRPUSDT,1592213833.0,1.4619,3.5,,,False,162.58394867432128,0.9826464485824826,39.54143953229568,-0.598124521921564,0.003,0.9999998876335842,16.426040498041143,8.050259665582749,2026-03-18 23:28:10.174000
XRPUSDT,1592213834.0,1.4619,34.2,,,True,162.7340094820893,0.9826887487123385,39.55534318002605,-0.5974282613817075,2.085,0.9999998875184907,16.46000951366617,8.055238355871198,2026-03-18 23:28:12.259000
XRPUSDT,1592213835.0,1.462,6.9,,,False,162.91737963523863,0.9827448206548157,39.56980203717709,-0.7282803795216088,3.11,0.9999998874390941,-2333.6469606520773,8.060225259458713,2026-03-18 23:28:15.369000
XRPUSDT,1592213836.0,1.462,61.5,,,False,163.0680463231788,0.9827868851983044,39.58369944946903,-0.597714402210824,3.11,0.9999998873238191,3103.94376075924,8.065212110157464,2026-03-18 23:28:15.369000
XRPUSDT,1592213837.0,1.462,327.0,,,False,163.21875846186722,0.9828288489888982,39.59759005310483,-0.5970100787964219,0.085,0.9999998872077471,16.784075137991895,8.070174695493137,2026-03-18 23:28:15.454000
XRPUSDT,1592213838.0,1.462,111.5,,,False,163.36902724182917,0.9828707122591943,39.61146566131669,-0.5943790326828846,0.375,0.9999998870917477,62.84855662083183,8.075139605913531,2026-03-18 23:28:15.829000
XRPUSDT,1592213839.0,1.462,3.5,,,False,163.5193890505296,0.9829124752412951,39.625335314119006,-0.5938683528844333,0.375,0.9999998869765447,12.22804916609762,8.080104517410673,2026-03-18 23:28:15.829000
XRPUSDT,1592213840.0,1.462,3.8,,,False,163.66979698167378,0.98295413816681,39.63919823194847,-0.5931727790465052,0.375,0.9999998868620581,16.695271139314475,8.085069429976832,2026-03-18 23:28:15.829000
XRPUSDT,1592213841.0,1.462,3.6,,,False,163.82025102100386,0.9829957012668551,39.65305442335736,-0.5924774519874971,0.375,0.9999998867482854,16.72943207444847,8.090034343607034,2026-03-18 23:28:15.829000
XRPUSDT,1592213842.0,1.462,3.6,,,False,163.970751154326,0.9830371647720548,39.666903896888044,-0.5917823737885772,0.375,0.9999998866352235,16.763614064262537,8.09499925829641,2026-03-18 23:28:15.829000
XRPUSDT,1592213843.0,1.462,3.8,,,False,164.1212973674595,0.983078528912542,39.680746661072085,-0.5910875463224237,0.375,0.9999998865228701,16.79782192909722,8.099964174039942,2026-03-18 23:28:15.829000
XRPUSDT,1592213844.0,1.462,3.5,,,False,164.2718896462372,0.98311979391796,39.69458272443031,-0.5903929714555765,0.375,0.9999998864112218,16.83205563191398,8.10492909083267,2026-03-18 23:28:15.829000
XRPUSDT,1592213845.0,1.462,3.6,,,False,164.42252797650494,0.9831609600174621,39.708412095472745,-0.5896986510460959,0.375,0.9999998863002767,16.8663151932817,8.109894008669482,2026-03-18 23:28:15.829000
XRPUSDT,1592213846.0,1.462,3.6,,,False,164.57321234412203,0.9832020274397135,39.72223478269863,-0.5890045869450656,0.375,0.9999998861900319,16.9006005972646,8.11485892754581,2026-03-18 23:28:15.829000
XRPUSDT,1592213847.0,1.462,3.5,,,False,164.72394273496084,0.9832429964128915,39.73605079459645,-0.5883107809959722,0.375,0.9999998860804847,16.934911843646088,8.119823847456518,2026-03-18 23:28:15.829000
XRPUSDT,1592213848.0,1.462,3.6,,,False,164.87471913490702,0.9832838671646863,39.74986013964393,-0.5876172350344019,0.375,0.9999998859716328,16.969248939978012,8.124788768396849,2026-03-18 23:28:15.829000
XRPUSDT,1592213849.0,1.462,3.5,,,False,165.0255415298594,0.9833246399223021,39.76366282630801,-0.5869239508890618,0.375,0.9999998858634734,17.003611869288825,8.12975369036183,2026-03-18 23:28:15.829000
XRPUSDT,1592213850.0,1.4621,3.5,,,False,165.2094853879094,0.9833786861747688,39.77799748948394,-0.7140838402463429,0.001,0.9999998857917306,-2352.7975308886944,8.134715663462396,2026-03-18 23:28:15.830000
XRPUSDT,1592213851.0,1.4621,6.9,,,False,165.36035006170758,0.9834192315567701,39.791784786876434,-0.5850007796106453,0.001,0.9999998856850612,3183.668626708479,8.139677642858546,2026-03-18 23:28:15.830000
XRPUSDT,1592213852.0,1.4621,3.5,,,False,165.51126075583215,0.9834596796975227,39.80556545917357,-0.5843094810614945,0.001,0.9999998855792731,17.09098456168995,8.144639628543153,2026-03-18 23:28:15.830000
XRPUSDT,1592213853.0,1.4621,3.8,,,False,165.6622174562773,0.983500030822136,39.81933951477223,-0.583618449873319,0.001,0.9999998854743621,17.12545052455566,8.149601620505033,2026-03-18 23:28:15.830000
XRPUSDT,1592213854.0,1.4621,5.0,,,False,165.81322014898765,0.9835402851552381,39.833106962057585,-0.5829276875947236,0.001,0.9999998853703245,17.159948392239794,8.15456361873272,2026-03-18 23:28:15.830000
XRPUSDT,1592213855.0,1.4621,3.5,,,False,165.9642688199208,0.9835804429209765,39.84686780940415,-0.5822371960085839,0.001,0.9999998852671564,17.19447218846007,8.159525623214446,2026-03-18 23:28:15.830000
XRPUSDT,1592213856.0,1.4621,3.6,,,False,166.11536345504703,0.9836205043430183,39.860622065175775,-0.5815469768904464,0.001,0.999999885164854,17.22902191082657,8.164487633939158,2026-03-18 23:28:15.830000
XRPUSDT,1592213857.0,1.4621,3.6,,,False,166.26650404034976,0.983660469644552,39.874369737725665,-0.5808570320089519,0.001,0.9999998850634125,17.263597546297884,8.169449650895217,2026-03-18 23:28:15.830000
XRPUSDT,1592213858.0,1.4621,3.5,,,False,166.41769056182494,0.9837003390482879,39.88811083539632,-0.580167363124753,0.001,0.9999998849628288,17.298199109453627,8.174411674071454,2026-03-18 23:28:15.830000
XRPUSDT,1592213859.0,1.4621,3.6,,,False,166.5689230054817,0.9837401127764583,39.9018453665196,-0.5794779719922216,0.001,0.9999998848630985,17.33282657278992,8.179373703456292,2026-03-18 23:28:15.830000
XRPUSDT,1592213860.0,1.4621,3.5,,,False,166.72020135734178,0.983779791050819,39.91557333941671,-0.5787888603576952,0.001,0.9999998847642182,17.367479952938606,8.184335739038836,2026-03-18 23:28:15.830000
XRPUSDT,1592213861.0,1.4622,6.9,,,False,166.90470999236743,0.9838323855507622,39.9298206665449,-0.7042137565881444,0.001,0.999999884702128,-2384.7530895030436,8.189297780808856,2026-03-18 23:28:15.831000
XRPUSDT,1592213862.0,1.4622,4.2,,,False,167.05609019144285,0.9838718423475934,39.94353444587768,-0.5771079194147027,0.001,0.9999998846049549,3221.39269736908,8.194259828749255,2026-03-18 23:28:15.831000
XRPUSDT,1592213863.0,1.4622,5.2,,,False,167.2075162537456,0.9839112044254703,39.95724169399237,-0.5764198888558221,0.001,0.9999998845086202,17.479528419006456,8.199221882853555,2026-03-18 23:28:15.831000
XRPUSDT,1592213864.0,1.4622,3.5,,,False,167.35898816541373,0.9839504720040948,39.97094241916534,-0.575732145304301,0.001,0.999999884413119,17.51428470030948,8.20418394311024,2026-03-18 23:28:15.831000
XRPUSDT,1592213865.0,1.4622,3.5,,,False,167.5105059125354,0.9839896453026972,39.98463662966129,-0.5750446902309909,0.001,0.9999998843184482,17.54907291030281,8.209146009508403,2026-03-18 23:28:15.831000
XRPUSDT,1592213866.0,1.4622,3.8,,,False,167.66206948121166,0.9840287245400365,39.99832433373432,-0.5743575253373154,0.001,0.999999884224604,17.583887006496052,8.214108082036818,2026-03-18 23:28:15.831000
XRPUSDT,1592213867.0,1.4622,5.2,,,False,167.81367885755623,0.984067709934401,40.01200553962786,-0.5736706523170584,0.001,0.9999998841315825,17.6187269990502,8.2190701606842,2026-03-18 23:28:15.831000
XRPUSDT,1592213868.0,1.4622,3.5,,,False,167.9653340276954,0.9841066017036093,40.02568025557472,-0.5729840728571733,0.001,0.9999998840393798,17.65359287737543,8.224032245439725,2026-03-18 23:28:15.831000
XRPUSDT,1592213869.0,1.4622,3.6,,,False,168.1170349777681,0.9841454000650116,40.03934848979707,-0.5722977886369811,0.001,0.9999998839479921,17.68848465212474,8.228994336292297,2026-03-18 23:28:15.831000
XRPUSDT,1592213870.0,1.4622,3.6,,,False,168.26878169392586,0.9841841052354893,40.05301025050644,-0.5716118013295275,0.001,0.9999998838574164,17.72340229968919,8.233956433230665,2026-03-18 23:28:15.831000
XRPUSDT,1592213871.0,1.4622,896.8,,,False,168.42057416233288,0.9842227174314573,40.06666554590376,-0.5709261126002847,0.001,0.9999998837676484,17.7583458296656,8.238918536244073,2026-03-18 23:28:15.831000
XRPUSDT,1592213872.0,1.4622,197.1,,,False,168.5724123691659,0.984261236868864,40.080314384179296,-0.5702407241076148,0.001,0.9999998836786846,17.79331524063205,8.24388064532159,2026-03-18 23:28:15.832000
XRPUSDT,1592213873.0,1.4622,3.5,,,False,168.72429630061413,0.984299663763192,40.093956773512744,-0.5695556375027327,0.001,0.999999883590521,17.82831053258548,8.248842760451858,2026-03-18 23:28:15.832000
XRPUSDT,1592213874.0,1.4622,3.6,,,False,168.8762259428795,0.9843379983294593,40.107592722073115,-0.5688708544304049,0.001,0.9999998835031542,17.863331687446596,8.253804881624491,2026-03-18 23:28:15.832000
XRPUSDT,1592213875.0,1.4622,3.5,,,False,169.0282012821763,0.9843762407822202,40.121222238018866,-0.5681863765277192,0.001,0.9999998834165805,17.898378719745143,8.258767008828361,2026-03-18 23:28:15.832000
XRPUSDT,1592213876.0,1.4623,6.9,,,False,169.2135553526892,0.984426931097567,40.13535448733693,-0.6912886044679468,0.113,0.9999998833669904,-2428.515725303633,8.263729997942265,2026-03-18 23:28:15.945000
XRPUSDT,1592213877.0,1.4623,3.5,,,False,169.36564955845458,0.9844649598272162,40.1489703590082,-0.5665833723927475,0.113,0.9999998832819909,3279.237387774018,8.26869299100698,2026-03-18 23:28:15.945000
XRPUSDT,1592213878.0,1.4623,3.8,,,False,169.51778938883047,0.9845028971543239,40.16257982282856,-0.5658997572347624,0.113,0.9999998831977188,18.01959205093882,8.273655988527388,2026-03-18 23:28:15.945000
XRPUSDT,1592213879.0,1.4623,3.6,,,False,169.66997483711464,0.9845407432914459,40.17618288702492,-0.5652164808507607,0.113,0.9999998831141717,18.05405877485692,8.2786189904945,2026-03-18 23:28:15.945000
XRPUSDT,1592213880.0,1.4623,3.6,,,False,169.82220588959456,0.9845784984506782,40.18977955970636,-0.564533518726358,0.113,0.9999998830313466,18.089239677155962,8.283581996899837,2026-03-18 23:28:15.945000
XRPUSDT,1592213881.0,1.4623,5.9,,,False,169.97448253257002,0.9846161628436579,40.20336984897137,-0.5638508724544004,0.113,0.9999998829492398,18.124446405539192,8.288545007734164,2026-03-18 23:28:15.945000
XRPUSDT,1592213882.0,1.4623,3.8,,,False,170.12680475235342,0.9846537366815645,40.216953762907785,-0.563168543620941,0.113,0.9999998828678486,18.159678954159528,8.293508022989673,2026-03-18 23:28:15.945000
XRPUSDT,1592213883.0,1.4623,3.6,,,False,170.27917253526942,0.9846912201751203,40.23053130959285,-0.5624865338051015,0.113,0.9999998827871702,18.194937321518534,8.29847104265691,2026-03-18 23:28:15.945000
XRPUSDT,1592213884.0,1.4623,3.5,,,False,170.43158586765514,0.9847286135345916,40.244102497093216,-0.5618048445789572,0.113,0.9999998827072009,18.23022150945899,8.303434066727192,2026-03-18 23:28:15.945000
XRPUSDT,1592213885.0,1.4623,3.6,,,False,170.58404473585995,0.9847659169697894,40.25766733346493,-0.5611234775076295,0.113,0.9999998826279374,18.265531517796983,8.30839709519238,2026-03-18 23:28:15.945000
XRPUSDT,1592213886.0,1.4623,3.5,,,False,170.7365491262457,0.9848031306900696,40.2712258267534,-0.5604424341500746,0.113,0.9999998825493776,18.300867326000528,8.313360128043467,2026-03-18 23:28:15.945000
XRPUSDT,1592213887.0,1.4624,4.2,,,False,170.92254008109634,0.9848524565277529,40.285275059228894,-0.6818304463974717,0.028,0.9999998825078559,-2460.9417284894907,8.318322524734569,2026-03-18 23:28:15.973000
XRPUSDT,1592213888.0,1.4624,3.8,,,False,171.07513233499066,0.9848894620935135,40.29881964908729,-0.558736233094719,0.028,0.9999998824307169,3326.370257359105,8.323284926829526,2026-03-18 23:28:15.973000
XRPUSDT,1592213889.0,1.4624,3.5,,,False,171.2277700814865,0.9849263786380795,40.312357923106624,-0.5580566086021845,0.028,0.9999998823543105,18.409753689659574,8.32824733444445,2026-03-18 23:28:15.973000
XRPUSDT,1592213890.0,1.4624,3.6,,,False,171.38045330873032,0.9849632063688486,40.325889889307554,-0.5573773201303586,0.028,0.9999998822786348,18.445026550384387,8.333209747568933,2026-03-18 23:28:15.973000
XRPUSDT,1592213891.0,1.4624,3.6,,,False,171.5331820031416,0.9849999454927681,40.33941555567437,-0.5566983628447695,0.028,0.9999998822036857,18.480497441252542,8.338172166193232,2026-03-18 23:28:15.973000
XRPUSDT,1592213892.0,1.4624,62.1,,,False,171.68595615115194,0.9850365962163367,40.352934930180794,-0.5560197382612599,0.028,0.9999998821294602,18.515994158778533,8.343134590307415,2026-03-18 23:28:15.973000
XRPUSDT,1592213893.0,1.4624,667.7,,,False,171.83877573920503,0.9850731587456033,40.36644802079002,-0.5553414478889567,0.107,0.9999998820559534,18.551516700514338,8.348097610686764,2026-03-18 23:28:16.080000
XRPUSDT,1592213894.0,1.4624,3.5,,,False,171.9916528904775,0.98510963328617,40.379955012772406,-0.5547073853057687,0.138,0.9999998819831564,17.383703079940606,8.35306086700723,2026-03-18 23:28:16.218000
XRPUSDT,1592213895.0,1.4624,3.6,,,False,172.14458019798113,0.9851460200431915,40.39345580503142,-0.5540467622067311,0.138,0.999999881911033,18.155591569928102,8.358024127295847,2026-03-18 23:28:16.218000
XRPUSDT,1592213896.0,1.4624,3.6,,,False,172.29755288427427,0.9851823192213767,40.406950335735964,-0.5533692236074834,0.138,0.9999998818395704,18.665397761673084,8.36298739154459,2026-03-18 23:28:16.218000
XRPUSDT,1592213897.0,1.4624,3.5,,,False,172.45057093585626,0.9852185310249884,40.420438612813456,-0.5526920258494219,0.138,0.9999998817687651,18.701022609185685,8.367950659745425,2026-03-18 23:28:16.218000
XRPUSDT,1592213898.0,1.4624,3.6,,,False,172.60363433924027,0.9852546556578458,40.433920644180816,-0.5520151704143391,0.138,0.9999998816986148,18.73667305504686,8.372913931890515,2026-03-18 23:28:16.218000
XRPUSDT,1592213899.0,1.4624,3.5,,,False,172.75674308095165,0.9852906933233239,40.447396437744416,-0.5513386587709159,0.138,0.9999998816291165,18.772349275349132,8.377877207972205,2026-03-18 23:28:16.218000
XRPUSDT,1592213900.0,1.4624,3.6,,,False,172.90989714752777,0.9853266442243547,40.460866001400085,-0.5506624923809166,0.138,0.9999998815602676,18.8080512758171,8.382840487982383,2026-03-18 23:28:16.218000
XRPUSDT,1592213901.0,1.4624,3.5,,,False,173.0630965255181,0.9853625085634283,40.474329343033126,-0.5499866726998779,0.138,0.9999998814920649,18.84377904332102,8.387803771913319,2026-03-18 23:28:16.218000
XRPUSDT,1592213902.0,1.4624,3.6,,,False,173.21634120148423,0.9853982865425936,40.48778647051829,-0.5493112011766845,0.138,0.9999998814245057,18.87953257706969,8.392767059757324,2026-03-18 23:28:16.218000
XRPUSDT,1592213903.0,1.4624,3.5,,,False,173.36963116199965,0.9854339783634589,40.50123739171983,-0.5486360792535313,0.138,0.9999998813575869,18.91531187780248,8.397730351506327,2026-03-18 23:28:16.218000
XRPUSDT,1592213904.0,1.4624,3.5,,,False,173.52296639365005,0.9854695842271929,40.514682114491464,-0.5479613083660035,0.138,0.9999998812913069,18.951116944371314,8.402693647152859,2026-03-18 23:28:16.218000
XRPUSDT,1592213905.0,1.4625,6.9,,,False,173.70996522656827,0.9855167779711038,40.52859877786926,-0.6666179774122762,4.188,0.9999998812621888,-2514.245728633165,8.40768679697421,2026-03-18 23:28:20.406000
XRPUSDT,1592213906.0,1.4625,16.0,,,False,173.86401630009013,0.9855521844030594,40.54203884517379,-0.548504104136019,4.188,0.9999998811968638,3335.943972681714,8.41267987778066,2026-03-18 23:28:20.406000
XRPUSDT,1592213907.0,1.4625,3.5,,,False,174.0181115836832,0.9855875055444511,40.555472682935836,-0.5478203310759903,4.188,0.9999998811303759,19.358747568368987,8.417672907830807,2026-03-18 23:28:20.406000
XRPUSDT,1592213908.0,1.4625,3.8,,,False,174.17225131635723,0.9856227415945533,40.56890030277884,-0.547137835390941,4.188,0.9999998810627293,19.369244937182238,8.422665887191167,2026-03-18 23:28:20.406000
XRPUSDT,1592213909.0,1.4625,3.6,,,False,174.3264354851297,0.9856578927522054,40.58232171273225,-0.5464557227754954,4.188,0.9999998809939278,19.4051252080298,8.427658815927904,2026-03-18 23:28:20.406000
XRPUSDT,1592213910.0,1.4625,3.6,,,False,174.4806640770284,0.9856929592158113,40.595736920814154,-0.5457739945888285,4.188,0.9999998809239753,19.441030447993022,8.432651694106745,2026-03-18 23:28:20.406000
XRPUSDT,1592213911.0,1.4625,4.2,,,False,174.63493707909433,0.9857279411833423,40.609145935031286,-0.5450926521930051,4.188,0.9999998808528768,19.476960385973374,8.437644521793938,2026-03-18 23:28:20.406000
XRPUSDT,1592213912.0,1.4625,5.9,,,False,174.78925447838157,0.9857628388523356,40.622548763379136,-0.5444116969437978,4.188,0.9999998807806352,19.512915012669815,8.442637299054901,2026-03-18 23:28:20.406000
XRPUSDT,1592213913.0,1.4625,114.5,,,False,174.94361626195715,0.985797652419897,40.635945413841846,-0.543731130189782,4.188,0.9999998807072557,19.54889434457559,8.447630025956132,2026-03-18 23:28:20.406000
XRPUSDT,1592213914.0,1.4624,3.6,,,True,175.0643168632752,0.9858209598902796,40.64886687284735,-0.42496602773792164,1.22,0.9999998805961187,5095.580966201857,8.452601082534613,2026-03-18 23:28:21.626000
XRPUSDT,1592213915.0,1.4624,3.6,,,True,175.21831047691734,0.9858556333760093,40.66224598294969,-0.5410974948351494,1.22,0.9999998805207171,-3349.287348911946,8.457572133962136,2026-03-18 23:28:21.626000
XRPUSDT,1592213916.0,1.4624,3.7,,,True,175.37234907406025,0.985890223284633,40.67561897590808,-0.5404248963863876,1.22,0.9999998804455092,19.44493280045327,8.462543174970339,2026-03-18 23:28:21.626000
XRPUSDT,1592213917.0,1.4624,3.7,,,True,175.52643256775568,0.9859247298116767,40.68898585847137,-0.5397524146923225,1.22,0.9999998803704954,19.48853598668399,8.46751420557158,2026-03-18 23:28:21.626000
XRPUSDT,1592213918.0,1.4624,3.7,,,True,175.68056094484984,0.9859591531522375,40.70234663840487,-0.5390803098758126,1.22,0.9999998802956751,19.524683123727524,8.472485225776454,2026-03-18 23:28:21.626000
XRPUSDT,1592213919.0,1.4624,3.7,,,True,175.83473419220138,0.9859934935009855,40.715701323463236,-0.5384085832695229,1.22,0.999999880221049,19.560855692467968,8.477456235597073,2026-03-18 23:28:21.626000
XRPUSDT,1592213920.0,1.4624,3.5,,,True,175.9889522966808,0.9860277510521634,40.7290499213905,-0.5377372361989023,1.22,0.9999998801466171,19.597053716241216,8.482427235044849,2026-03-18 23:28:21.626000
XRPUSDT,1592213921.0,1.4624,32.2,,,True,176.14321524517084,0.9860619259995881,40.74239243992001,-0.5370662699832159,1.22,0.9999998800723803,19.633277188385946,8.487398224131576,2026-03-18 23:28:21.626000
XRPUSDT,1592213922.0,1.4625,6.0,,,False,176.3313099318316,0.9861072229822643,40.75619004034071,-0.6532254145807872,3.567,0.9999998800350617,-2564.390335399266,8.492386140025802,2026-03-18 23:28:25.193000
XRPUSDT,1592213923.0,1.4625,15.1,,,False,176.48602334029624,0.9861412062800912,40.769524220927785,-0.5366498962227306,2.706,0.9999998799610554,3430.3768560629674,8.497367797727529,2026-03-18 23:28:27.899000
XRPUSDT,1592213924.0,1.4625,100.0,,,False,176.64065234519853,0.9861751076163553,40.78285056978364,-0.5355306057108852,0.564,0.999999879886284,33.01611780505896,8.502334017151133,2026-03-18 23:28:28.463000
XRPUSDT,1592213925.0,1.4625,136.7,,,False,176.7950063680656,0.9862089271830379,40.796166526267065,-0.5337570185506704,1.967,0.9999998798112177,52.44263407811032,8.507310314560455,2026-03-18 23:28:30.430000
XRPUSDT,1592213926.0,1.4625,150.0,,,False,176.94961435186835,0.9862426651716986,40.80947927674833,-0.5338090933637685,1.967,0.9999998797365386,-1.5435067461144116,8.512286591861299,2026-03-18 23:28:30.430000
XRPUSDT,1592213927.0,1.4625,3.5,,,False,177.1042669594121,0.986276321773476,40.82278598682648,-0.5331390346576974,1.967,0.9999998796617366,19.908685686738604,8.517262849025439,2026-03-18 23:28:30.430000
XRPUSDT,1592213928.0,1.4625,3.6,,,False,177.25896417664174,0.9863098971790886,40.83608666418281,-0.5324693667673761,1.967,0.9999998795868129,19.94519137159613,8.522239086077825,2026-03-18 23:28:30.430000
XRPUSDT,1592213929.0,1.4625,3.6,,,False,177.4137059906099,0.9863433915788349,40.84938131650271,-0.5318000947307285,1.967,0.9999998795117692,19.98161011144009,8.527215303044064,2026-03-18 23:28:30.430000
XRPUSDT,1592213930.0,1.4625,3.5,,,False,177.56849238838151,0.9863768051625954,40.86266995146084,-0.5311312198040671,1.967,0.9999998794366077,20.018054078106022,8.532191499948388,2026-03-18 23:28:30.430000
XRPUSDT,1592213931.0,1.4625,3.6,,,False,177.72332335703354,0.9864101381198319,40.875952576721176,-0.5304627432365773,1.967,0.9999998793613291,20.05452329796978,8.537167676816503,2026-03-18 23:28:30.430000
XRPUSDT,1592213932.0,1.4626,6.9,,,False,177.91208240855713,0.9864543183108547,40.88968025380107,-0.6450895383064872,0.037,0.9999998793227673,-2594.529186411162,8.542130089430472,2026-03-18 23:28:30.467000
XRPUSDT,1592213933.0,1.4626,4.2,,,False,178.06672669004533,0.9864874642086401,40.90294613101126,-0.5278689475225141,0.037,0.999999879247392,3536.503718893191,8.547092507199947,2026-03-18 23:28:30.467000
XRPUSDT,1592213934.0,1.4626,3.5,,,False,178.22141585892223,0.9865205301076495,40.91620604641519,-0.5272061569778643,0.037,0.999999879172728,20.04453423331842,8.552054930276283,2026-03-18 23:28:30.467000
XRPUSDT,1592213935.0,1.4626,3.8,,,False,178.3761499044285,0.9865535161955447,40.92946000755982,-0.5265437663771657,0.037,0.9999998790987725,20.08090813327526,8.557017358650013,2026-03-18 23:28:30.467000
XRPUSDT,1592213936.0,1.4626,5.2,,,False,178.53092881351728,0.9865864226595742,40.942708021951155,-0.5258817691166066,0.037,0.9999998790255217,20.117544685596076,8.56197979231147,2026-03-18 23:28:30.467000
XRPUSDT,1592213937.0,1.4626,3.8,,,False,178.68575257315297,0.9866192496865732,40.95595009708496,-0.5252201664206733,0.037,0.999999878952973,20.154206957361716,8.566942231251817,2026-03-18 23:28:30.467000
XRPUSDT,1592213938.0,1.4626,3.6,,,False,178.8406211703113,0.9866519974629653,40.96918624044669,-0.5245589595075326,0.037,0.9999998788811232,20.19089495496041,8.571904675461257,2026-03-18 23:28:30.467000
XRPUSDT,1592213939.0,1.4626,3.6,,,False,178.9955345919796,0.9866846661747621,40.982416459511484,-0.5238981495896824,0.037,0.9999998788099692,20.227608666032463,8.576867124930702,2026-03-18 23:28:30.467000
XRPUSDT,1592213940.0,1.4626,150.0,,,False,179.15049282515636,0.9867172560075649,40.99564076174425,-0.5232377378729254,0.037,0.9999998787395078,20.264348109862965,8.581829579650682,2026-03-18 23:28:30.467000
XRPUSDT,1592213941.0,1.4626,3.5,,,False,179.30549585685156,0.9867497671465654,41.00885915459957,-0.5225777255577831,0.037,0.9999998786697356,20.301113262512054,8.586792039612158,2026-03-18 23:28:30.467000
XRPUSDT,1592213942.0,1.4626,3.6,,,False,179.46054367408638,0.9867821997765455,41.02207164552182,-0.5219181138387283,0.037,0.9999998786006506,20.337904124939936,8.591754504805518,2026-03-18 23:28:30.467000
XRPUSDT,1592213943.0,1.4626,3.5,,,False,179.61563626389352,0.9868145540818796,41.03527824194505,-0.5212589039038155,0.037,0.999999878532249,20.374720708900927,8.596716975221643,2026-03-18 23:28:30.467000
XRPUSDT,1592213944.0,1.4627,6.9,,,False,179.8047731151957,0.9868574363757784,41.04891826991256,-0.6340903740920726,0.373,0.9999998785014775,-2631.190170341432,8.601681807216245,2026-03-18 23:28:30.840000
XRPUSDT,1592213945.0,1.4627,3.5,,,False,179.960014188255,0.98688960896504,41.06211279930395,-0.519823209938284,0.373,0.9999998784344329,3551.693126864403,8.606646638489256,2026-03-18 23:28:30.840000
XRPUSDT,1592213946.0,1.4627,3.8,,,False,180.1152999071523,0.9869217038405291,41.07530145412448,-0.5191646736054157,0.373,0.9999998783679255,20.518426160918434,8.611611470623314,2026-03-18 23:28:30.840000
XRPUSDT,1592213947.0,1.4627,34.2,,,False,180.27063028176266,0.9869537211848618,41.08848424207523,-0.5185066219690871,0.373,0.9999998783019527,20.552973709851166,8.616576303614465,2026-03-18 23:28:30.840000
XRPUSDT,1592213948.0,1.4627,3.6,,,False,180.4260052992106,0.9869856611802491,41.10166117055299,-0.5178489801046683,0.373,0.9999998782365132,20.589917326042066,8.621541137460182,2026-03-18 23:28:30.840000
XRPUSDT,1592213949.0,1.4627,3.6,,,False,180.58142494663207,0.9870175240084994,41.11483224694427,-0.5171917491608838,0.373,0.9999998781716044,20.62688655952433,8.626505972156682,2026-03-18 23:28:30.840000
XRPUSDT,1592213950.0,1.4627,3.5,,,False,180.7368892111742,0.9870493098510179,41.12799747862529,-0.5165349302807075,0.373,0.9999998781072253,20.663881405500657,8.631470807701275,2026-03-18 23:28:30.840000
XRPUSDT,1592213951.0,1.4627,3.5,,,False,180.8923980799954,0.9870810188888081,41.14115687296205,-0.5158785246008327,0.373,0.9999998780433731,20.70090187595292,8.636435644090128,2026-03-18 23:28:30.840000
XRPUSDT,1592213952.0,1.4627,342.7,,,False,181.04795154026533,0.9871126513024724,41.154310437310265,-0.5152225332523229,0.373,0.9999998779800453,20.737947962837534,8.641400481320787,2026-03-18 23:28:30.840000
XRPUSDT,1592213953.0,1.4627,3.5,,,False,181.20354957916499,0.9871442072722132,41.16745817901539,-0.5145669573607661,1.533,0.9999998779172415,20.775019653702536,8.646373356918128,2026-03-18 23:28:32.373000
XRPUSDT,1592213954.0,1.4627,3.6,,,False,181.35936030500812,0.9871756869778329,41.18060222500735,-0.5144650376628731,1.533,0.9999998778549418,3.23763186112109,8.65134621850156,2026-03-18 23:28:32.373000
XRPUSDT,1592213955.0,1.4627,3.6,,,False,181.51521536947544,0.9872070905987357,41.19374045006288,-0.5138078613820183,1.533,0.9999998777926992,20.9267677408474,8.656319066056625,2026-03-18 23:28:32.373000
XRPUSDT,1592213956.0,1.4627,3.6,,,False,181.67111475923392,0.9872384183139274,41.2068728615457,-0.51315110839897,1.533,0.9999998777305149,20.963960474873176,8.661291899600434,2026-03-18 23:28:32.373000
XRPUSDT,1592213957.0,1.4627,3.5,,,False,181.82705846162966,0.9872696703020165,41.21999946681755,-0.5124947820073669,1.533,0.9999998776683885,21.001108464930837,8.666264719150718,2026-03-18 23:28:32.373000
XRPUSDT,1592213958.0,1.4627,2.1,,,False,181.98304646402016,0.9873008467412154,41.233120273229744,-0.5118388832953318,1.533,0.999999877606322,21.038281756621643,8.671237524724539,2026-03-18 23:28:32.373000
XRPUSDT,1592213959.0,1.4627,1.4,,,False,182.13907875377447,0.9873319478093403,41.246235288123195,-0.5111834133442971,2.903,0.9999998775443156,21.075480379097208,8.676219736357874,2026-03-18 23:28:35.276000
XRPUSDT,1592213960.0,1.4627,3.6,,,False,182.29535269442613,0.9873629736838129,41.25934697132611,-0.5111718048436411,2.903,0.9999998774823595,0.37415547033884056,8.681201916591379,2026-03-18 23:28:35.276000
XRPUSDT,1592213961.0,1.4627,3.5,,,False,182.45167064396438,0.9873939245416602,41.27245286262852,-0.5105143499369799,2.903,0.999999877419923,21.24189610202088,8.686184065396773,2026-03-18 23:28:35.276000
XRPUSDT,1592213962.0,1.4627,3.6,,,False,182.60803258846627,0.9874248005595164,41.28555296938876,-0.5098573301154212,2.903,0.9999998773570096,21.279292706007936,8.691166182815634,2026-03-18 23:28:35.276000
XRPUSDT,1592213963.0,1.4627,637.8,,,False,182.7644385154961,0.9874556019136225,41.298647298972924,-0.5092007512444293,2.903,0.999999877293622,21.316558639965997,8.696148268889553,2026-03-18 23:28:35.276000
XRPUSDT,1592213964.0,1.4626,27.9,,,True,182.8866951117815,0.9874762243699681,41.311314930099186,-0.3978336518263599,0.123,0.9999998771926384,5400.2829513488505,8.701111331033992,2026-03-18 23:28:35.399000
XRPUSDT,1592213965.0,1.4627,500.0,,,False,183.07698591765208,0.9875169819716157,41.32481379061288,-0.6173662427885659,1.86,0.9999998771654548,-5386.298066797812,8.706086256707474,2026-03-18 23:28:37.259000
XRPUSDT,1592213966.0,1.4627,5.0,,,False,183.23337456497498,0.9875475603864607,41.33788901807644,-0.5067540228419107,0.996,0.9999998771017625,3617.330084223114,8.711055269200042,2026-03-18 23:28:38.255000
XRPUSDT,1592213967.0,1.4627,584.2,,,False,183.38968362865856,0.9875780648386124,41.35095699765245,-0.5057024829583169,3.206,0.9999998770380175,34.471685587559,8.716039314809032,2026-03-18 23:28:41.461000
XRPUSDT,1592213968.0,1.4627,8.1,,,False,183.54635279655398,0.9876084955023601,41.3640231060494,-0.5060687452192555,1.409,0.9999998769745512,-12.035960305566366,8.72101111180391,2026-03-18 23:28:42.870000
XRPUSDT,1592213969.0,1.4626,5.0,,,True,183.66856715374465,0.987628869757148,41.37666390907591,-0.39458794016954946,1.106,0.9999998768733395,5471.65067924814,8.725980838423173,2026-03-18 23:28:43.976000
XRPUSDT,1592213970.0,1.4627,6.9,,,False,183.8592688344927,0.9876691367902054,41.3901314038614,-0.613856186761268,5.376,0.9999998768465928,-5445.353927102174,8.73097952749484,2026-03-18 23:28:49.352000
XRPUSDT,1592213971.0,1.4627,5.9,,,False,184.01637914101772,0.9876993471290737,41.403184086761826,-0.5051012963595789,5.668,0.9999998767829189,3599.9228898361166,8.73598010915583,2026-03-18 23:28:55.020000
XRPUSDT,1592213972.0,1.4627,3.5,,,False,184.17357409939288,0.9877294843728247,41.41623152960891,-0.5045755979635751,0.27,0.9999998767178224,17.44347958118344,8.74094412538488,2026-03-18 23:28:55.290000
XRPUSDT,1592213973.0,1.4627,2.0,,,False,184.33004490516615,0.9877595486938142,41.42926399882776,-0.5014665694676069,0.27,0.9999998766512025,103.41256325240353,8.745908143821081,2026-03-18 23:28:55.290000
XRPUSDT,1592213974.0,1.4627,1.6,,,False,184.48656004259018,0.9877895402640141,41.442290798839544,-0.5008202237751999,3.542,0.9999998765851595,21.55091207626558,8.750894231257972,2026-03-18 23:28:58.832000
XRPUSDT,1592213975.0,1.4627,3.6,,,False,184.64358377493454,0.9878194592550122,41.45531749934368,-0.5016524990383824,3.542,0.9999998765196988,-27.817624706475463,8.755880279937653,2026-03-18 23:28:58.832000
XRPUSDT,1592213976.0,1.4627,6.1,,,False,184.80065121461362,0.9878493058380139,41.468338510713956,-0.5010004566639312,3.542,0.9999998764535472,21.846466458662118,8.760866289714984,2026-03-18 23:28:58.832000
XRPUSDT,1592213977.0,1.4627,637.7,,,False,184.9577623452596,0.987879080183842,41.481353840148806,-0.500348859692574,3.542,0.9999998763867082,21.88451007856829,8.765852260642665,2026-03-18 23:28:58.832000
XRPUSDT,1592213978.0,1.4626,551.0,,,True,185.0805873531115,0.9878990149914311,41.493955012356984,-0.39097208061081823,5.244,0.9999998762819321,5486.723591028215,8.770849605276839,2026-03-18 23:29:04.076000
XRPUSDT,1592213979.0,1.4627,6.5,,,False,185.2723581906092,0.9879384134621115,41.50737036014529,-0.6085859518436094,0.316,0.9999998762509853,-5523.409093660652,8.775813877853567,2026-03-18 23:29:04.392000
XRPUSDT,1592213980.0,1.4626,40.0,,,True,185.39479558712745,0.9879582518760441,41.51995655701051,-0.38851228752730393,2.109,0.9999998761441644,11093.309428059261,8.780790146401879,2026-03-18 23:29:06.501000
XRPUSDT,1592213981.0,1.4627,2340.7,,,False,185.58623066686934,0.9879974598260776,41.53335360817721,-0.6056078742331543,0.413,0.9999998761124717,-5537.029773828206,8.78575506422618,2026-03-18 23:29:06.914000
XRPUSDT,1592213982.0,1.4627,3.5,,,False,185.74311937376513,0.9880268755320888,41.54633545720314,-0.4957121989865489,0.413,0.9999998760433746,3735.9523244032807,8.790719980842034,2026-03-18 23:29:06.914000
XRPUSDT,1592213983.0,1.4627,437.6,,,False,185.90005224932966,0.9880562200178881,41.559311699201274,-0.4950694986780065,0.413,0.9999998759748093,21.901910735074395,8.795684897951483,2026-03-18 23:29:06.914000
XRPUSDT,1592213984.0,1.4627,5.0,,,False,186.05702930622732,0.9880854934516448,41.57228234149992,-0.4944273253372805,4.64,0.9999998759067725,21.937069155036657,8.800677954814999,2026-03-18 23:29:11.554000
XRPUSDT,1592213985.0,1.4627,160.9,,,False,186.2146441311133,0.9881146960011515,41.58525433245323,-0.4956458554128088,0.018,0.9999998758393043,-41.72683879006591,8.805640230934447,2026-03-18 23:29:11.572000
XRPUSDT,1592213986.0,1.4627,957.9,,,False,186.3716539325842,0.9881438278338253,41.59821313121976,-0.4929674711336213,1.629,0.9999998757707094,91.94012299828172,8.810613208966869,2026-03-18 23:29:13.201000
XRPUSDT,1592213987.0,1.4626,5.0,,,True,186.4945164543504,0.9881633324383644,41.61076830941454,-0.38557050814172383,5.273,0.9999998756654673,5506.236374921557,8.815610329564807,2026-03-18 23:29:18.474000
XRPUSDT,1592213988.0,1.4627,346.9,,,False,186.6867696231741,0.9882018806199074,41.62412519625151,-0.6014944417968828,0.152,0.9999998756350292,-5601.403879820654,8.82057348424686,2026-03-18 23:29:18.626000
XRPUSDT,1592213989.0,1.4627,3.6,,,False,186.84393051469368,0.9882308013013811,41.63706747889204,-0.4911014569851242,1.92,0.9999998755658703,3817.094867296447,8.825548335071757,2026-03-18 23:29:20.546000
XRPUSDT,1592213990.0,1.4627,3.6,,,False,187.00138254767631,0.9882596519319544,41.6500070598325,-0.49123042159332836,1.92,0.999999875497366,-4.470079358450247,8.830523167840973,2026-03-18 23:29:20.546000
XRPUSDT,1592213991.0,1.4627,7.1,,,False,187.15887840102724,0.9882884326771785,41.66294107517043,-0.4905884923390377,1.92,0.9999998754288254,22.30412205428774,8.835497982522687,2026-03-18 23:29:20.546000
XRPUSDT,1592213992.0,1.4627,3.5,,,False,187.3164180613441,0.988317143702233,41.67586953191051,-0.48994702284076247,1.92,0.999999875360249,22.34227085438126,8.840472779140372,2026-03-18 23:29:20.546000
XRPUSDT,1592213993.0,1.4627,3.6,,,False,187.47400151641847,0.988345785171928,41.6887924370609,-0.48930601767408066,1.92,0.9999998752916386,22.380316845085925,8.845447557718161,2026-03-18 23:29:20.546000
XRPUSDT,1592213994.0,1.4627,8.4,,,False,187.6316287540529,0.988374357250703,41.70170979761961,-0.4886654777251334,1.92,0.9999998752229953,22.418388035058417,8.850422318279781,2026-03-18 23:29:20.546000
XRPUSDT,1592213995.0,1.4627,3.6,,,False,187.78929976206092,0.9884028601026298,41.714621620574476,-0.4880254038750624,4.985,0.9999998751543202,22.456484414788072,8.85541717337232,2026-03-18 23:29:25.531000
XRPUSDT,1592213996.0,1.4627,2.3,,,False,187.9474400861184,0.988431293891411,41.72753275795446,-0.4886963325098167,4.985,0.9999998750856723,-23.596174252957276,8.860411972871836,2026-03-18 23:29:25.531000
XRPUSDT,1592213997.0,1.4627,1.2,,,False,188.10562359795895,0.9884596587803824,41.74043834175371,-0.4880512935317647,0.318,0.9999998750158473,22.740754554069056,8.865376172245028,2026-03-18 23:29:25.849000
XRPUSDT,1592213998.0,1.4627,3.6,,,False,188.26320363621468,0.9884879549325133,41.75333105266662,-0.4854216869409991,0.318,0.9999998749447666,92.9315964448388,8.870340373330196,2026-03-18 23:29:25.849000
XRPUSDT,1592213999.0,1.4627,3.5,,,False,188.42082768759136,0.9885161825104062,41.766218269391885,-0.48478655561470585,0.318,0.99999987487426,22.50038344427556,8.875304576147652,2026-03-18 23:29:25.849000
XRPUSDT,1592214000.0,1.4627,3.5,,,False,188.5784957402787,0.9885443416762993,41.779099998802714,-0.484151887484195,0.318,0.9999998748043257,22.538598370379646,8.88026878069305,2026-03-18 23:29:25.849000
XRPUSDT,1592214001.0,1.4627,8.4,,,False,188.73620778196803,0.988572432592066,41.79197624775669,-0.4835176818491353,0.318,0.9999998747349635,22.576894264642387,8.885232986962533,2026-03-18 23:29:25.849000
XRPUSDT,1592214002.0,1.4627,26.8,,,False,188.89396380036166,0.9886004554192154,41.80484702310157,-0.4828839395684418,0.318,0.999999874666168,22.61521570662124,8.890197194952268,2026-03-18 23:29:25.849000
XRPUSDT,1592214003.0,1.4626,367.7,,,True,189.0171915707659,0.9886192174769145,41.81732519988685,-0.37701577911327366,3.367,0.9999998745604293,5642.673215959903,8.895181199028132,2026-03-18 23:29:29.216000
XRPUSDT,1592214004.0,1.4627,4.1,,,False,189.21002966861928,0.9886562980323497,41.83057689185321,-0.5881797619613767,0.247,0.9999998745303645,-5694.736240327396,8.900144939971698,2026-03-18 23:29:29.463000
XRPUSDT,1592214005.0,1.4627,189.0,,,False,189.36790767323993,0.988684117557672,41.843431165984036,-0.4809534823643973,0.452,0.9999998744621434,3854.353313164347,8.90511001014045,2026-03-18 23:29:29.915000
XRPUSDT,1592214006.0,1.4627,10.7,,,False,189.52585777145623,0.9887118696367959,41.856280307339425,-0.480407069775166,0.728,0.9999998743945181,19.689068584463975,8.910076865514048,2026-03-18 23:29:30.643000
XRPUSDT,1592214007.0,1.4626,192.0,,,True,189.64927880481264,0.9887304504126109,41.86874061084949,-0.375207557292763,8.41,0.9999998742898668,5661.739505931403,8.915093327967716,2026-03-18 23:29:39.053000
XRPUSDT,1592214008.0,1.4627,3.6,,,False,189.84302068654554,0.9887671726697482,41.881974781905335,-0.587171551681226,2.609,0.99999987426098,-5772.085130705134,8.920072293542294,2026-03-18 23:29:41.662000
XRPUSDT,1592214009.0,1.4627,3.5,,,False,190.00139770272622,0.9887947233656552,41.89481084830785,-0.4793987161744812,2.609,0.9999998741919693,3911.800844181834,8.925051222463845,2026-03-18 23:29:41.662000
XRPUSDT,1592214010.0,1.4627,0.2,,,False,190.15981802213872,0.9888222072520194,41.907641472499265,-0.4787639632602601,2.609,0.9999998741226958,23.095456945562933,8.930030125393253,2026-03-18 23:29:41.662000
XRPUSDT,1592214011.0,1.4627,3.4,,,False,190.3182817932458,0.9888496244871091,41.92046666310866,-0.47813017817124265,6.461,0.9999998740531603,23.116302097711053,8.935033751942727,2026-03-18 23:29:48.123000
XRPUSDT,1592214012.0,1.4627,1.6,,,False,190.4773149478882,0.9888769752288356,41.93329218643758,-0.4790757103496082,6.461,0.9999998739834908,-34.57062290385852,8.940037306057507,2026-03-18 23:29:48.123000
XRPUSDT,1592214013.0,1.4626,141.4,,,True,190.6017221311653,0.9888952872857372,41.94573338554686,-0.37458595079958745,1.161,0.9999998738745494,5706.06350293758,8.945006823422183,2026-03-18 23:29:49.284000
XRPUSDT,1592214014.0,1.4626,24.7,,,True,190.76010893758033,0.9889225272759807,41.95854094948818,-0.47590011520598463,0.96,0.9999998738013887,-3719.3172060818592,8.949975050077056,2026-03-18 23:29:50.244000
XRPUSDT,1592214015.0,1.4626,346.5,,,True,190.91851211595167,0.9889497011928818,41.97134282193058,-0.47518909017657485,0.89,0.9999998737285001,26.16571736778029,8.95494282324044,2026-03-18 23:29:51.134000
XRPUSDT,1592214016.0,1.4626,5.0,,,True,191.0769494679648,0.9889768091930492,41.98413920512113,-0.4745321027577235,2.641,0.999999873655959,24.235923520551808,8.959921772085824,2026-03-18 23:29:53.775000
XRPUSDT,1592214017.0,1.4627,1.9,,,False,191.27037781822443,0.9890127376014769,41.99730842844138,-0.5778394891622843,1.304,0.9999998736215124,-2875.367736159338,8.964892170466245,2026-03-18 23:29:55.079000
XRPUSDT,1592214018.0,1.4627,3.5,,,False,191.42896832217886,0.9890396926779216,42.010093853304156,-0.47317880971207715,1.304,0.9999998735491163,3882.781770810637,8.96986255366424,2026-03-18 23:29:55.079000
XRPUSDT,1592214019.0,1.4627,0.5,,,False,191.58760234102215,0.9890665823564625,42.02287391008888,-0.47255108132836227,1.304,0.9999998734769475,23.344584903074445,8.974832926859888,2026-03-18 23:29:55.079000
XRPUSDT,1592214020.0,1.4626,24.0,,,True,191.71154385514168,0.9890845857049946,42.035275406326654,-0.36903092815354693,2.938,0.9999998733673182,5750.04994156223,8.979813660575326,2026-03-18 23:29:58.017000
XRPUSDT,1592214021.0,1.4627,3.1,,,False,191.90522423732492,0.9891201666968057,42.048420339262734,-0.574894480598235,1.486,0.9999998733333584,-5785.773301023955,8.98478516784786,2026-03-18 23:29:59.503000
XRPUSDT,1592214022.0,1.4627,4.9,,,False,192.0640135678185,0.9891468611093884,42.06118459172349,-0.47074311225030085,1.486,0.9999998732612949,3901.6167905967673,8.989756657123976,2026-03-18 23:29:59.503000
XRPUSDT,1592214023.0,1.4627,16.0,,,False,192.22284632183988,0.9891734907423091,42.07394350117699,-0.47011696286411603,1.486,0.9999998731893954,23.513256380602584,8.994728134284212,2026-03-18 23:29:59.503000
XRPUSDT,1592214024.0,1.4627,239.3,,,False,192.38172257606087,0.989200055749256,42.0866970752518,-0.46949156275471426,1.475,0.9999998731176609,23.542252808465644,8.999699529879384,2026-03-18 23:30:00.978000
XRPUSDT,1592214025.0,1.4627,514.1,,,False,192.54064083715917,0.9892265562835689,42.09944530490019,-0.4688622952258271,7.979,0.9999998730460907,23.745465712335587,9.00471193197949,2026-03-18 23:30:08.957000
XRPUSDT,1592214026.0,1.4626,183.2,,,True,192.6656838246373,0.9892442990780004,42.11182907842434,-0.3687345541936041,7.585,0.9999998729372195,5643.290374526821,9.009721754778575,2026-03-18 23:30:16.542000
XRPUSDT,1592214027.0,1.4627,3.5,,,False,192.86030566081735,0.9892793650948472,42.12494373118439,-0.5721367573944927,2.405,0.9999998729016956,-5800.5505469777845,9.014698929524267,2026-03-18 23:30:18.947000
XRPUSDT,1592214028.0,1.4627,3.5,,,False,193.01947882176697,0.9893056731265052,42.137677282561846,-0.4673467772550125,2.405,0.9999998728262103,3983.1934787662235,9.01967607179803,2026-03-18 23:30:18.947000
XRPUSDT,1592214029.0,1.4627,3.6,,,False,193.1786951126964,0.989331917295434,42.15040552234487,-0.4667217661330052,2.405,0.9999998727505788,23.81523772775491,9.024653191195846,2026-03-18 23:30:18.947000
XRPUSDT,1592214030.0,1.4627,3.6,,,False,193.3379546676698,0.989358097753248,42.163128458729716,-0.46609767860605666,2.405,0.9999998726748037,23.837914958649332,9.029630287749288,2026-03-18 23:30:18.947000
XRPUSDT,1592214031.0,1.4627,20.0,,,False,193.49725747494446,0.9893842146512173,42.17584609836322,-0.4654740880622247,2.405,0.9999998725988862,23.876899337953734,9.034607361490634,2026-03-18 23:30:18.947000
XRPUSDT,1592214032.0,1.4627,33.8,,,False,193.65660352278684,0.9894102681402702,42.18855844788236,-0.46485099519184736,0.669,0.9999998725228291,23.91590888695658,9.039573566363725,2026-03-18 23:30:19.616000
XRPUSDT,1592214033.0,1.4627,14.1,,,False,193.81576100503176,0.9894362583709931,42.20126310217315,-0.4635556795202897,0.054,0.9999998724465552,49.83855993304193,9.044535931745173,2026-03-18 23:30:19.670000
XRPUSDT,1592214034.0,1.4627,121.9,,,False,193.9748799864617,0.9894621854936309,42.21396164313966,-0.4626989700268743,1.48,0.9999998723707234,33.04298380450351,9.049507187570605,2026-03-18 23:30:21.150000
XRPUSDT,1592214035.0,1.4627,5.0,,,False,194.13423259125597,0.9894880496580891,42.22665690128478,-0.46263116656958947,0.204,0.999999872295646,2.6215212710334512,9.054470491434094,2026-03-18 23:30:21.354000
XRPUSDT,1592214036.0,1.4627,4.1,,,False,194.29345872489793,0.9895138510139323,42.23934514945597,-0.46152118334952946,0.881,0.9999998722206908,43.02034462089698,9.05943800564237,2026-03-18 23:30:22.235000
XRPUSDT,1592214037.0,1.4626,11.6,,,True,194.41791925492208,0.9895311256696571,42.251669341461316,-0.36058049218706417,0.118,0.9999998721085154,5843.282365260873,9.064400779750526,2026-03-18 23:30:22.353000
XRPUSDT,1592214038.0,1.4627,39.2,,,False,194.6121224772616,0.98956526643078,42.26470676745935,-0.5608880971867278,1.209,0.9999998720724619,-5867.11011738297,9.069370324614606,2026-03-18 23:30:23.562000
XRPUSDT,1592214039.0,1.4627,758.0,,,False,194.77161267608463,0.9895908802534832,42.277380685638576,-0.46005543178234576,1.209,0.999999871999236,3936.6504005639667,9.074339856272138,2026-03-18 23:30:23.562000
XRPUSDT,1592214040.0,1.4627,3.5,,,False,194.93114616497917,0.9896164318624512,42.290049375715824,-0.4594382171460917,1.209,0.9999998719262863,24.155607462022022,9.079309379371802,2026-03-18 23:30:23.562000
XRPUSDT,1592214041.0,1.4627,3.6,,,False,195.09072300261636,0.9896419214055606,42.30271284491832,-0.4588217028719324,1.209,0.9999998718536136,24.1869488014101,9.084278893924651,2026-03-18 23:30:23.562000
XRPUSDT,1592214042.0,1.4627,3.6,,,False,195.25034317721384,0.989667349030352,42.31537109973943,-0.4582056867550496,1.209,0.9999998717812166,24.226254789279245,9.089248399941441,2026-03-18 23:30:23.562000
XRPUSDT,1592214043.0,1.4627,5.1,,,False,195.41000667699896,0.9896927148840317,42.3280241466629,-0.4575901694474826,1.209,0.9999998717090969,24.26558614352329,9.094217897433904,2026-03-18 23:30:23.562000
XRPUSDT,1592214044.0,1.4627,44.0,,,False,195.56971349020932,0.9897180191134715,42.34067199216291,-0.4569751515975294,1.209,0.9999998716372519,24.30494283243315,9.099187386412689,2026-03-18 23:30:23.562000
XRPUSDT,1592214045.0,1.4627,3.6,,,False,195.72946360509226,0.9897432618652097,42.35331464270407,-0.4563606338493459,0.002,0.9999998715656825,24.3443248405183,9.104149456196561,2026-03-18 23:30:23.564000
XRPUSDT,1592214046.0,1.4627,3.5,,,False,195.8890980809768,0.9897684432854517,42.36595050260764,-0.45529494314070185,0.002,0.9999998714943109,42.32051641260768,9.109111531498995,2026-03-18 23:30:23.564000
XRPUSDT,1592214047.0,1.4627,3.6,,,False,196.04877604907367,0.9897935635200703,42.3785811903944,-0.45468349667308433,0.002,0.9999998714236215,24.340794459125892,9.11407361231087,2026-03-18 23:30:23.564000
XRPUSDT,1592214048.0,1.4627,33.3,,,False,196.20849749750872,0.9898186227146071,42.39120671245528,-0.4540725460506028,0.002,0.9999998713536111,24.380297682156456,9.11903569862323,2026-03-18 23:30:23.564000
XRPUSDT,1592214049.0,1.4627,3.6,,,False,196.36826241441673,0.9898436210142731,42.40382707517183,-0.45346209190822795,0.002,0.9999998712842761,24.419826569384032,9.123997790427405,2026-03-18 23:30:23.564000
XRPUSDT,1592214050.0,1.4627,3.6,,,False,196.52807078794234,0.9898685585639485,42.41644228491624,-0.45285213487854603,0.002,0.9999998712156142,24.459381038727834,9.128959887713771,2026-03-18 23:30:23.564000
XRPUSDT,1592214051.0,1.4628,5.9,,,False,196.72295554576345,0.9899016096123145,42.429401103621714,-0.5508127848753335,2.032,0.9999998711856402,-2963.91959830973,9.133934356139937,2026-03-18 23:30:25.596000
XRPUSDT,1592214052.0,1.4628,1.0,,,False,196.88312595584287,0.9899264062282264,42.44200791114299,-0.45212661785864205,0.828,0.9999998711184767,3979.823995647294,9.13890147928383,2026-03-18 23:30:26.424000
XRPUSDT,1592214053.0,1.4628,3.5,,,False,197.04318200487376,0.9899511425741011,42.45460801100446,-0.4510729189238585,0.828,0.9999998710512138,42.59719443280649,9.14386859837239,2026-03-18 23:30:26.424000
XRPUSDT,1592214054.0,1.4628,3.8,,,False,197.20328131456387,0.9899758187933971,42.46720297819366,-0.45046383258022815,0.828,0.999999870984344,24.683130601307006,9.14883571342417,2026-03-18 23:30:26.424000
XRPUSDT,1592214055.0,1.4628,3.6,,,False,197.3634238735168,0.9900004350292473,42.47979281906654,-0.4498552514914919,0.828,0.9999998709178645,24.722751782235946,9.153802824444249,2026-03-18 23:30:26.424000
XRPUSDT,1592214056.0,1.4628,3.6,,,False,197.52360967004253,0.9900249914244573,42.4923775399666,-0.44924717540156667,0.828,0.9999998708517746,24.762432951747954,9.158769931437654,2026-03-18 23:30:26.424000
XRPUSDT,1592214057.0,1.4628,1025.6,,,False,197.68383869246085,0.990049488121509,42.50495714722796,-0.4486396049036629,0.828,0.9999998707860732,24.802139513886285,9.163737034408962,2026-03-18 23:30:26.424000
XRPUSDT,1592214058.0,1.4628,653.9,,,False,197.84411092910125,0.9900739252625586,42.51753164717537,-0.4480325405860187,0.828,0.9999998707207601,24.841871494374303,9.168704133363192,2026-03-18 23:30:26.424000
XRPUSDT,1592214059.0,1.4628,653.9,,,False,198.00442636830311,0.9900983029894387,42.53010104612418,-0.4474259830332857,0.828,0.9999998706558336,24.881628862098456,9.17367122830487,2026-03-18 23:30:26.424000
XRPUSDT,1592214060.0,1.4628,653.9,,,False,198.16478499841548,0.9901226214436586,42.542665350380396,-0.44681993282500504,0.828,0.9999998705912923,24.92141164895781,9.178638319239246,2026-03-18 23:30:26.424000
XRPUSDT,1592214061.0,1.4628,653.9,,,False,198.32518680779697,0.9901468807664054,42.55522456624065,-0.44621439053654965,0.828,0.9999998705271361,24.961219848310495,9.183605406170708,2026-03-18 23:30:26.424000
XRPUSDT,1592214062.0,1.4628,3.6,,,False,198.48563178481618,0.9901710810985438,42.56777869999224,-0.44560935673983815,0.828,0.9999998704633632,25.001053425742107,9.188572489104743,2026-03-18 23:30:26.424000
XRPUSDT,1592214063.0,1.4628,3.5,,,False,198.64611991785117,0.9901952225806173,42.580327757913125,-0.4450048320013604,0.003,0.9999998703999731,25.040912427689143,9.19353462667473,2026-03-18 23:30:26.427000
XRPUSDT,1592214064.0,1.4628,3.6,,,False,198.80654468721187,0.9902193053528485,42.5928707194204,-0.44410701586281365,0.003,0.9999998703368912,37.280431419079626,9.198496769631443,2026-03-18 23:30:26.427000
XRPUSDT,1592214065.0,1.4628,3.6,,,False,198.96701273408814,0.990243329555141,42.605408624012476,-0.44350486613128426,0.003,0.9999998702744527,25.06429658714135,9.203458917966104,2026-03-18 23:30:26.427000
XRPUSDT,1592214066.0,1.4628,1025.6,,,False,199.12752404678096,0.9902672953270782,42.61794147791032,-0.44290322304495505,0.003,0.999999870212656,25.104264861814887,9.208421071670367,2026-03-18 23:30:26.427000
XRPUSDT,1592214067.0,1.4628,3.5,,,False,199.2880786136002,0.9902912028079257,42.63046928732572,-0.4423020871596844,0.003,0.9999998701514988,25.144258782684126,9.213383230735053,2026-03-18 23:30:26.427000
XRPUSDT,1592214068.0,1.4628,3.6,,,False,199.44867642286505,0.9903150521366303,42.642992058461274,-0.44170145902845825,0.003,0.999999870090977,25.18427829420179,9.218345395152175,2026-03-18 23:30:26.427000
XRPUSDT,1592214069.0,1.4629,6.9,,,False,199.6445193917007,0.9903466603320585,42.6558449442034,-0.5372315893762598,0.007,0.9999998700692407,-3022.3215546951074,9.223307588683346,2026-03-18 23:30:26.434000
XRPUSDT,1592214070.0,1.4629,3.5,,,False,199.80521365115752,0.9903703747559497,42.668356937759754,-0.4402538252939119,0.007,0.9999998700099908,4089.399958753763,9.228269787478581,2026-03-18 23:30:26.434000
XRPUSDT,1592214071.0,1.4629,3.8,,,False,199.96595111441792,0.9903940314879832,42.68086391303272,-0.4396549827472201,0.007,0.9999998699513667,25.31383226741002,9.233231991554936,2026-03-18 23:30:26.434000
XRPUSDT,1592214072.0,1.4629,5.2,,,False,200.126731770245,0.9904176306657375,42.69336587618961,-0.43905665125792265,0.007,0.9999998698933661,25.353912561148842,9.238194200903909,2026-03-18 23:30:26.434000
XRPUSDT,1592214073.0,1.4629,277.7,,,False,200.28755560700785,0.9904411724264762,42.7058628333848,-0.43845883025450755,0.007,0.9999998698359862,25.39406504255623,9.243156415516934,2026-03-18 23:30:26.434000
XRPUSDT,1592214074.0,1.4629,3.6,,,False,200.4484226130851,0.9904646569071494,42.718354790763534,-0.4378615202643748,0.007,0.9999998697792256,25.434243083610106,9.24811863538551,2026-03-18 23:30:26.434000
XRPUSDT,1592214075.0,1.4629,3.6,,,False,200.60933277686476,0.9904880842443935,42.73084175446197,-0.43726472181056486,0.007,0.9999998697230801,25.47444669407223,9.253080860501822,2026-03-18 23:30:26.434000
XRPUSDT,1592214076.0,1.4629,150.0,,,False,200.77028608674428,0.9905114545745333,42.743323730607166,-0.4366684354119628,0.007,0.9999998696675471,25.514675874744576,9.25804309085654,2026-03-18 23:30:26.434000
XRPUSDT,1592214077.0,1.4629,3.8,,,False,200.9312825311303,0.9905347680335809,42.755800725317094,-0.4360726615833492,0.007,0.9999998696126251,25.55493062600298,9.263005326441686,2026-03-18 23:30:26.434000
XRPUSDT,1592214078.0,1.4629,3.6,,,False,201.09232209843913,0.9905580247572378,42.76827274470066,-0.43547740083591613,0.007,0.99999986955831,25.595210925458826,9.267967567248649,2026-03-18 23:30:26.434000
XRPUSDT,1592214079.0,1.4629,391.2,,,False,201.25340477709614,0.990581224880894,42.78073979485769,-0.4348826536761054,0.007,0.9999998695046014,25.635516802594864,9.272929813269151,2026-03-18 23:30:26.434000
XRPUSDT,1592214080.0,1.4629,3.5,,,False,201.41453055553632,0.9906043685396303,42.793201881879,-0.43428842060660394,0.007,0.9999998694514938,25.67584824296742,9.277892064494656,2026-03-18 23:30:26.434000
XRPUSDT,1592214081.0,1.4629,3.6,,,False,201.57569942220363,0.9906274558682183,42.80565901184631,-0.4336947021260747,0.007,0.9999998693989868,25.716205245038818,9.282854320917298,2026-03-18 23:30:26.434000
XRPUSDT,1592214082.0,1.4629,3.5,,,False,201.7369113655517,0.9906504870011205,42.81811119083235,-0.43310149872911496,0.007,0.9999998693470771,25.75658781008551,9.2878165825281,2026-03-18 23:30:26.434000
XRPUSDT,1592214083.0,1.463,6.9,,,False,201.933498653561,0.9906810102814005,42.83088328130066,-0.5267555981632136,0.067,0.9999998693339776,-3068.2842268173395,9.292779198934397,2026-03-18 23:30:26.501000
XRPUSDT,1592214084.0,1.463,5.2,,,False,202.09481374408577,0.9907039110500884,42.84332494255568,-0.4316914085849325,0.067,0.9999998692832658,4151.13531227486,9.297741819602312,2026-03-18 23:30:26.501000
XRPUSDT,1592214085.0,1.463,3.5,,,False,202.25617185996802,0.9907267560685106,42.855761671964835,-0.4310999158857876,0.067,0.9999998692331258,25.89153960016254,9.302704444769947,2026-03-18 23:30:26.501000
XRPUSDT,1592214086.0,1.463,3.8,,,False,202.41757299353443,0.9907495454698013,42.86819347559935,-0.43050895070787704,0.067,0.9999998691835549,25.93157978882697,9.307667074429343,2026-03-18 23:30:26.501000
XRPUSDT,1592214087.0,1.463,5.2,,,False,202.57901713329477,0.9907722793867895,42.88062035948625,-0.4299185033046755,0.067,0.9999998691345505,25.972092865004953,9.312629708573713,2026-03-18 23:30:26.501000
XRPUSDT,1592214088.0,1.463,3.6,,,False,202.74050426776813,0.9907949579519988,42.89304232964363,-0.42932857414532605,0.067,0.9999998690861106,26.012631482831978,9.31759234719524,2026-03-18 23:30:26.501000
XRPUSDT,1592214089.0,1.463,3.6,,,False,202.9020343854829,0.9908175812976499,42.90545939208057,-0.4287391636949341,0.067,0.9999998690382325,26.053195645015975,9.322554990287133,2026-03-18 23:30:26.501000
XRPUSDT,1592214090.0,1.463,173.1,,,False,203.06360747497655,0.9908401495556592,42.91787155279726,-0.4281502724145922,0.067,0.9999998689909133,26.09378535537914,9.327517637841927,2026-03-18 23:30:26.501000
XRPUSDT,1592214091.0,1.463,3.6,,,False,203.225223524796,0.9908626628576412,42.93027881778486,-0.4275619007615438,0.067,0.9999998689441518,26.13440060986495,9.332480289852539,2026-03-18 23:30:26.501000
XRPUSDT,1592214092.0,1.463,108.2,,,False,203.38688252349715,0.9908851213349081,42.942681193025656,-0.42697404918897724,0.067,0.9999998688979449,26.17504141445447,9.337442946311711,2026-03-18 23:30:26.501000
XRPUSDT,1592214093.0,1.463,108.2,,,False,203.5485844596451,0.9909075251184702,42.955078684492975,-0.426386718146342,0.067,0.9999998688522896,26.215707762353667,9.342405607212111,2026-03-18 23:30:26.501000
XRPUSDT,1592214094.0,1.463,3.6,,,False,203.7103293218142,0.990929874339038,42.96747129815123,-0.4257999080791654,0.067,0.999999868807185,26.256399653731524,9.34736827254702,2026-03-18 23:30:26.501000
XRPUSDT,1592214095.0,1.463,3.5,,,False,203.87211709858803,0.9909521691270206,42.979859039955954,-0.42521361942928526,0.067,0.9999998687626285,26.297117081316067,9.352330942308809,2026-03-18 23:30:26.501000
XRPUSDT,1592214096.0,1.463,3.6,,,False,204.03394777855914,0.9909744096125285,42.99224191585373,-0.42462785263420727,0.067,0.999999868718617,26.337860064675233,9.357293616490571,2026-03-18 23:30:26.501000
XRPUSDT,1592214097.0,1.463,3.5,,,False,204.19582135032923,0.9909965959253726,43.004619931782294,-0.4240426081278496,0.067,0.9999998686751489,26.378628592753888,9.362256295085253,2026-03-18 23:30:26.501000
XRPUSDT,1592214098.0,1.4631,6.9,,,False,204.3932093357766,0.9910259990422531,43.0173072757091,-0.5157178969755587,0.171,0.9999998686704671,-3117.876557792516,9.367219571491614,2026-03-18 23:30:26.672000
XRPUSDT,1592214099.0,1.4631,3.5,,,False,204.55519098446078,0.9910480596857889,43.02967502196872,-0.4226659503736527,0.171,0.9999998686280945,4218.006897704097,9.372182850550635,2026-03-18 23:30:26.672000
XRPUSDT,1592214100.0,1.4631,3.8,,,False,204.7172154607974,0.9910700665866639,43.04203792662088,-0.4220823596204646,0.171,0.9999998685862275,26.51853418635627,9.377146132870163,2026-03-18 23:30:26.672000
XRPUSDT,1592214101.0,1.4631,5.2,,,False,204.87928276311112,0.9910920198734021,43.05439599565416,-0.4214993185014255,0.171,0.9999998685448653,26.55826100165938,9.3821094184451,2026-03-18 23:30:26.672000
XRPUSDT,1592214102.0,1.4631,3.6,,,False,205.0413928800654,0.991113919674233,43.066749234962714,-0.42091680224358463,0.171,0.9999998685040051,26.59915778864764,9.387072707270027,2026-03-18 23:30:26.672000
XRPUSDT,1592214103.0,1.4631,3.6,,,False,205.20354580033262,0.9911357661170904,43.07909765043181,-0.4203348112558652,0.171,0.9999998684636452,26.640080104484852,9.392035999339432,2026-03-18 23:30:26.672000
XRPUSDT,1592214104.0,1.4631,110.3,,,False,205.36574151259418,0.9911575593296139,43.09144124793794,-0.4197533459435172,0.171,0.9999998684237836,26.681027944880572,9.39699929464794,2026-03-18 23:30:26.672000
XRPUSDT,1592214105.0,1.4631,269.3,,,False,205.52798000554066,0.9911792994391495,43.10378003334874,-0.4191724067083467,0.001,0.9999998683844185,26.72200129531655,9.401961633261193,2026-03-18 23:30:26.673000
XRPUSDT,1592214106.0,1.4631,379.6,,,False,205.69024033388234,0.9912009865727498,43.11611383075831,-0.4185381872318421,0.001,0.9999998683455223,29.24404341273231,9.406923976939096,2026-03-18 23:30:26.673000
XRPUSDT,1592214107.0,1.4631,759.1,,,False,205.85254344934543,0.9912226208571757,43.12844282891861,-0.4179585534187292,0.001,0.9999998683071654,26.79237277746426,9.411886325673914,2026-03-18 23:30:26.673000
XRPUSDT,1592214108.0,1.4631,3.6,,,False,206.01488934062442,0.9912442024188951,43.14076703366569,-0.41737944608162475,0.001,0.9999998682693457,26.833430528997866,9.416848679457694,2026-03-18 23:30:26.673000
XRPUSDT,1592214109.0,1.4631,379.6,,,False,206.1772779964228,0.9912657313840856,43.153086450826855,-0.4168008656089721,0.001,0.9999998682320604,26.87451382515068,9.42181103828223,2026-03-18 23:30:26.673000
XRPUSDT,1592214110.0,1.4631,379.6,,,False,206.3397094054528,0.9912872078786341,43.165401086220655,-0.4162228123851074,0.001,0.9999998681953072,26.915622684997206,9.426773402139661,2026-03-18 23:30:26.673000
XRPUSDT,1592214111.0,1.4631,3.5,,,False,206.50218355643588,0.9913086320281365,43.17771094565691,-0.41564528679141993,0.001,0.9999998681590837,26.95675707566299,9.431735771022309,2026-03-18 23:30:26.673000
XRPUSDT,1592214112.0,1.4631,3.6,,,False,206.66470043810222,0.9913300039579002,43.19001603493671,-0.4150682892046299,0.001,0.9999998681233883,26.997917042099765,9.436698144921847,2026-03-18 23:30:26.673000
XRPUSDT,1592214113.0,1.4631,3.5,,,False,206.82726003919103,0.9913513237929438,43.20231635985245,-0.41449181999881946,0.001,0.999999868088219,27.039102536735744,9.441660523830725,2026-03-18 23:30:26.673000
XRPUSDT,1592214114.0,1.4632,6.9,,,False,207.02548193052615,0.991379578082492,43.21491510666051,-0.5040916332805288,0.048,0.9999998680918124,-3171.1932847853586,9.446623169882614,2026-03-18 23:30:26.721000
XRPUSDT,1592214115.0,1.4632,3.8,,,False,207.18814203931007,0.9914007770704159,43.227205309958975,-0.41311805616862624,0.048,0.9999998680576927,4291.411337120282,9.45158582025694,2026-03-18 23:30:26.721000
XRPUSDT,1592214116.0,1.4632,3.5,,,False,207.3508448206596,0.9914219243777365,43.23949076724875,-0.4125433650577043,0.048,0.999999868024079,27.17561636614586,9.456548475115753,2026-03-18 23:30:26.721000
XRPUSDT,1592214117.0,1.4632,5.2,,,False,207.51359026604482,0.9914430201282289,43.251771484309224,-0.41196921077025545,0.048,0.9999998679909686,27.216585048904015,9.46151113445122,2026-03-18 23:30:26.721000
XRPUSDT,1592214118.0,1.4632,3.6,,,False,207.67637836425786,0.9914640644453827,43.26404746688826,-0.4113955868495995,0.048,0.99999986795836,27.257901335758525,9.466473798257052,2026-03-18 23:30:26.721000
XRPUSDT,1592214119.0,1.4632,3.6,,,False,207.83920910409967,0.9914850574524028,43.27631872072505,-0.41082249364599566,0.048,0.99999986792625,27.299243174442246,9.471436466525837,2026-03-18 23:30:26.721000
XRPUSDT,1592214120.0,1.4632,3.6,,,False,208.00208247438007,0.9915059992722093,43.28858525155016,-0.41024993150656547,0.048,0.9999998678946368,27.340610544865644,9.476399139250336,2026-03-18 23:30:26.721000
XRPUSDT,1592214121.0,1.4632,3.8,,,False,208.1649984639177,0.9915268900274389,43.30084706508552,-0.4096779007745614,0.048,0.9999998678635191,27.382003461208157,9.481361816423776,2026-03-18 23:30:26.721000
XRPUSDT,1592214122.0,1.4632,3.6,,,False,208.32795706154,0.9915477298404451,43.31310416704444,-0.4091064017900367,0.048,0.9999998678328936,27.42342190655904,9.486324498039206,2026-03-18 23:30:26.721000
XRPUSDT,1592214123.0,1.4632,3.5,,,False,208.49095825608336,0.9915685188332989,43.325356563131585,-0.4085354348895093,0.048,0.999999867802759,27.464865880926368,9.491287184089414,2026-03-18 23:30:26.721000
XRPUSDT,1592214124.0,1.4632,3.6,,,False,208.65400203639282,0.9915892571277892,43.33760425904306,-0.4079650004053469,0.048,0.9999998677731128,27.50633541384346,9.496249874567148,2026-03-18 23:30:26.721000
XRPUSDT,1592214125.0,1.4632,3.5,,,False,208.81708839132236,0.9916099448454235,43.34984726046635,-0.40739509866728413,0.048,0.9999998677439527,27.547830463315368,9.501212569466064,2026-03-18 23:30:26.721000
XRPUSDT,1592214126.0,1.4633,6.9,,,False,209.0159469358537,0.9916373609461472,43.36238067984222,-0.49544384835015465,0.204,0.9999998677534847,-3211.5708419069283,9.50617612406239,2026-03-18 23:30:26.925000
XRPUSDT,1592214127.0,1.4633,5.8,,,False,209.17914650667083,0.9916579313392916,43.37461382157868,-0.4060697968490179,0.204,0.9999998677253151,4344.790635440654,9.511139680716939,2026-03-18 23:30:26.925000
XRPUSDT,1592214128.0,1.4633,3.5,,,False,209.34238857869332,0.9916784515580609,43.38684228610267,-0.405501512816583,0.204,0.9999998676975854,27.693858375671894,9.51610324013183,2026-03-18 23:30:26.925000
XRPUSDT,1592214129.0,1.4633,3.8,,,False,209.50567315215383,0.9916989217227515,43.3990660791629,-0.40493379156644865,0.204,0.9999998676702927,27.73408317490405,9.52106680230244,2026-03-18 23:30:26.925000
XRPUSDT,1592214130.0,1.4633,5.2,,,False,209.66900021597365,0.9917193419533814,43.41128520640605,-0.4043666052948984,0.204,0.9999998676434363,27.775703508491837,9.526030367224227,2026-03-18 23:30:26.925000
XRPUSDT,1592214131.0,1.4633,10.2,,,False,209.83236975908306,0.9917397123696923,43.42349967347022,-0.4037999543080907,0.204,0.9999998676170145,27.817349344275172,9.530993934893493,2026-03-18 23:30:26.925000
XRPUSDT,1592214132.0,1.4633,3.6,,,False,209.99578177042073,0.9917600330911477,43.435709485985015,-0.40323383890842945,0.204,0.9999998675910242,27.859020699799572,9.535957505304824,2026-03-18 23:30:26.925000
XRPUSDT,1592214133.0,1.4633,3.6,,,False,210.15923623893445,0.9917803042369351,43.4479146495715,-0.40266825939533996,0.204,0.9999998675654646,27.90071755298087,9.54092107845437,2026-03-18 23:30:26.925000
XRPUSDT,1592214134.0,1.4633,3.6,,,False,210.3227331535802,0.9918005259259662,43.46011516984224,-0.40210321606469257,0.204,0.9999998675403348,27.94243991077657,9.545884654338215,2026-03-18 23:30:26.925000
XRPUSDT,1592214135.0,1.4633,3.6,,,False,210.48627250332325,0.9918206982768777,43.47231105240127,-0.4015387092090644,0.204,0.9999998675156313,27.984187768004883,9.55084823295078,2026-03-18 23:30:26.925000
XRPUSDT,1592214136.0,1.4633,3.6,,,False,210.64985427713708,0.9918408214080312,43.48450230284415,-0.4009747391173682,0.204,0.9999998674913538,28.025961138642472,9.555811814288134,2026-03-18 23:30:26.925000
XRPUSDT,1592214137.0,1.4633,3.5,,,False,210.81347846400405,0.9918608954375144,43.49668892675796,-0.4004113060752514,0.204,0.9999998674674989,28.06776001736483,9.560775398346442,2026-03-18 23:30:26.925000
XRPUSDT,1592214138.0,1.4633,3.6,,,False,210.97714505291518,0.9918809204831421,43.508870929721304,-0.39984841036539065,0.204,0.9999998674440661,28.109584383768706,9.565738985120651,2026-03-18 23:30:26.925000
XRPUSDT,1592214139.0,1.4633,3.5,,,False,211.14085403286995,0.9919008966624554,43.52104831730431,-0.3992860522664379,0.204,0.9999998674210545,28.151434272488085,9.570702574606809,2026-03-18 23:30:26.925000
XRPUSDT,1592214140.0,1.4633,5.0,,,True,211.3046053928768,0.9919208240927236,43.5332210950687,-0.39872423205435603,0.149,0.99999986739846,28.193309650027718,9.575665871332776,2026-03-18 23:30:27.074000
XRPUSDT,1592214141.0,1.4634,6.9,,,False,211.5042598519911,0.9919472321729292,43.545674579030546,-0.4848590647889593,0.022,0.999999867414416,-3261.684759513314,9.58062849005072,2026-03-18 23:30:27.096000
XRPUSDT,1592214142.0,1.4634,7.9,,,False,211.66808374665385,0.9919670465203237,43.55783736122156,-0.3973207454663039,0.022,0.9999998673926307,4417.925939206783,9.585591113273942,2026-03-18 23:30:27.096000
XRPUSDT,1592214143.0,1.4634,3.5,,,False,211.83195001514918,0.9919868125071064,43.56999555258103,-0.3967610484414634,0.022,0.9999998673713023,28.316169134114606,9.590553741070309,2026-03-18 23:30:27.096000
XRPUSDT,1592214144.0,1.4634,3.8,,,False,211.99585864770566,0.9920065302493746,43.58214915863918,-0.3962018924503034,0.022,0.9999998673504309,28.358012979141584,9.595516373432442,2026-03-18 23:30:27.096000
XRPUSDT,1592214145.0,1.4634,5.2,,,False,212.1598096333505,0.9920261998629559,43.59429818490827,-0.3956432748243901,0.022,0.999999867330013,28.400030514219104,9.600479010353041,2026-03-18 23:30:27.096000
XRPUSDT,1592214146.0,1.4634,3.6,,,False,212.32380296111972,0.9920458214634099,43.606442636892154,-0.39508519582090673,0.022,0.9999998673100472,28.442073560309343,9.60544165182575,2026-03-18 23:30:27.096000
XRPUSDT,1592214147.0,1.4634,3.6,,,False,212.4878386200578,0.9920653951660287,43.61858252008636,-0.3945276556930547,0.022,0.9999998672905323,28.484142152969724,9.610404297843386,2026-03-18 23:30:27.096000
XRPUSDT,1592214148.0,1.4634,4.4,,,False,212.65191659921769,0.9920849210858352,43.63071783997807,-0.3939706546910484,0.022,0.9999998672714643,28.52623628098971,9.61536694839832,2026-03-18 23:30:27.096000
XRPUSDT,1592214149.0,1.4634,3.6,,,False,212.8160368876609,0.9921043993375872,43.642848602046115,-0.39341419306171743,0.022,0.9999998672528434,28.568355949845948,9.620329603483974,2026-03-18 23:30:27.096000
XRPUSDT,1592214150.0,1.4634,7.1,,,False,212.98019947445763,0.9921238300357746,43.65497481176101,-0.3928582710492283,0.022,0.9999998672346657,28.610501132093983,9.625292263092891,2026-03-18 23:30:27.096000
XRPUSDT,1592214151.0,1.4634,3.5,,,False,213.14440434868618,0.9921432132946228,43.66709647458496,-0.3923028888935032,0.022,0.9999998672169309,28.65267187909384,9.630254927218648,2026-03-18 23:30:27.096000
XRPUSDT,1592214152.0,1.4634,3.6,,,False,213.3086514994337,0.9921625492280917,43.679213595971866,-0.3917480468322423,0.022,0.999999867199636,28.69486814049273,9.635217595853995,2026-03-18 23:30:27.096000
XRPUSDT,1592214153.0,1.4634,3.5,,,False,213.47294091579548,0.9921818379498758,43.69132618136733,-0.3911937450993563,0.022,0.9999998671827793,28.737089947651064,9.640180268992118,2026-03-18 23:30:27.096000
XRPUSDT,1592214154.0,1.4635,3.5,,,False,213.67325832496854,0.9922073991671786,43.703711371443,-0.4757154346619466,0.116,0.9999998672044218,-3306.6378866608625,9.645143441584787,2026-03-18 23:30:27.212000
XRPUSDT,1592214155.0,1.4635,3.5,,,False,213.83765245098255,0.9922265783737481,43.71581438021863,-0.38988667015406425,0.116,0.999999867188448,4475.094639448416,9.650106617322432,2026-03-18 23:30:27.212000
XRPUSDT,1592214156.0,1.4634,3.6,,,True,213.96608678171486,0.9922394223762815,43.72763696095251,-0.30443634086753235,3.07,0.9999998671348372,6652.936190578116,9.65508529368924,2026-03-18 23:30:30.282000
XRPUSDT,1592214157.0,1.4634,3.5,,,True,214.13089874098003,0.9922585233820354,43.73973416049455,-0.389815215447944,3.07,0.9999998671202598,-4469.862774798845,9.660063953865276,2026-03-18 23:30:30.282000
XRPUSDT,1592214158.0,1.4634,3.7,,,True,214.29575257592057,0.9922775777406343,43.75182683536397,-0.3892600304227273,3.07,0.9999998671053923,29.13690441657911,9.665042587541382,2026-03-18 23:30:30.282000
XRPUSDT,1592214159.0,1.4634,3.7,,,True,214.4606481071683,0.9922965855641966,43.76391498974091,-0.3887050010459568,3.07,0.999999867090236,29.200048861460562,9.670021194758199,2026-03-18 23:30:30.282000
XRPUSDT,1592214160.0,1.4634,3.7,,,True,214.625585324322,0.9923155469645818,43.775998629092335,-0.3881505263864088,3.07,0.9999998670747929,29.242284234562383,9.674999775555529,2026-03-18 23:30:30.282000
XRPUSDT,1592214161.0,1.4634,3.6,,,True,214.79056421699002,0.9923344620533886,43.788077758876675,-0.3875966066266968,3.07,0.9999998670590645,29.284544490890095,9.679978329973666,2026-03-18 23:30:30.282000
XRPUSDT,1592214162.0,1.4634,28.4,,,True,214.9555847747893,0.9923533309419558,43.80015238454389,-0.38704324194413553,3.07,0.9999998670430531,29.326829748949823,9.6849568580529,2026-03-18 23:30:30.282000
XRPUSDT,1592214163.0,1.4635,0.3,,,False,215.15671610092642,0.9923783357757696,43.81249423232364,-0.47048210696040926,1.43,0.9999998670647691,-3336.9094006963333,9.689926837421908,2026-03-18 23:30:31.712000
XRPUSDT,1592214164.0,1.4635,3.6,,,False,215.32164044788252,0.9923970974956408,43.82455785232558,-0.3852746875642364,1.43,0.9999998670478762,4541.556956472733,9.694896802344593,2026-03-18 23:30:31.712000
XRPUSDT,1592214165.0,1.4635,3.6,,,False,215.48660661923577,0.9924158133840547,43.83661699414459,-0.3847251818212236,1.43,0.9999998670310895,29.360387861845485,9.699866757594945,2026-03-18 23:30:31.712000
XRPUSDT,1592214166.0,1.4635,6.9,,,False,215.65161468226106,0.9924344835512333,43.84867166373876,-0.38417640645135104,1.43,0.9999998670144089,29.393168503681782,9.704836703187262,2026-03-18 23:30:31.712000
XRPUSDT,1592214167.0,1.4635,192.5,,,False,215.81666462637742,0.9924531081071425,43.860721866471565,-0.3836281800720364,1.43,0.9999998669978359,29.43567524445282,9.709806639136342,2026-03-18 23:30:31.712000
XRPUSDT,1592214168.0,1.4635,280.3,,,False,215.9817564410117,0.9924716871614918,43.872767607698194,-0.38308050285596323,0.136,0.999999866981369,29.4782073283072,9.714769891085254,2026-03-18 23:30:31.848000
XRPUSDT,1592214169.0,1.4635,552.3,,,False,216.14674207279205,0.9924902208237356,43.88480779420673,-0.3821916461349999,0.001,0.9999998669647578,47.959043888401474,9.719732451036636,2026-03-18 23:30:31.849000
XRPUSDT,1592214170.0,1.4635,353.7,,,False,216.31175433890198,0.9925087092030731,43.89684342263701,-0.3816111562237461,0.001,0.9999998669485245,31.39755522414817,9.724695015661581,2026-03-18 23:30:31.849000
XRPUSDT,1592214171.0,1.4635,780.8,,,False,216.47680867749082,0.9925271524084497,43.90887461320424,-0.3810669312548752,0.001,0.9999998669327251,29.5081553210854,9.72965758495288,2026-03-18 23:30:31.849000
XRPUSDT,1592214172.0,1.4635,1134.5,,,False,216.64190507781092,0.9925455505485562,43.92090137119509,-0.38052325025940203,0.001,0.9999998669173582,29.550867224926087,9.734620158903203,2026-03-18 23:30:31.849000
XRPUSDT,1592214173.0,1.4635,1134.5,,,False,216.80704352912272,0.9925639037318311,43.932923701888186,-0.3799801134089613,0.001,0.9999998669024215,29.593604679078936,9.739582737505883,2026-03-18 23:30:31.849000
XRPUSDT,1592214174.0,1.4635,1134.5,,,False,216.97222402069517,0.9925822120664598,43.94494161055408,-0.37943752087261173,0.001,0.9999998668879129,29.636367662823762,9.74454532075351,2026-03-18 23:30:31.849000
XRPUSDT,1592214175.0,1.4635,3.8,,,False,217.13744654180522,0.9926004756603749,43.95695510245525,-0.37889547281647207,0.001,0.9999998668738305,29.679156175907266,9.749507908638583,2026-03-18 23:30:31.849000
XRPUSDT,1592214176.0,1.4635,3.5,,,False,217.3027110817382,0.9926186946212585,43.968964182846136,-0.37835396940332877,0.001,0.9999998668601728,29.721970237636505,9.75447050115462,2026-03-18 23:30:31.849000
XRPUSDT,1592214177.0,1.4635,46.4,,,False,217.46801762978748,0.9926368690565411,43.98096885697316,-0.3778130107932257,0.001,0.9999998668469381,29.76480983814762,9.759433098294181,2026-03-18 23:30:31.849000
XRPUSDT,1592214178.0,1.4635,49.6,,,False,217.6333661752548,0.9926549990734024,43.99296913007469,-0.37727259714368616,0.001,0.9999998668341241,29.807674955609365,9.764395700050795,2026-03-18 23:30:31.849000
XRPUSDT,1592214179.0,1.4635,1536.2,,,False,217.79875670745005,0.9926730847787734,44.00496500738112,-0.376732728608587,0.001,0.9999998668217285,29.8505656276644,9.769358306416542,2026-03-18 23:30:31.849000
XRPUSDT,1592214180.0,1.4635,3.5,,,False,217.9641892156912,0.9926911262793345,44.01695649411477,-0.3761934053393793,0.001,0.9999998668097506,29.893481829797924,9.774320917385264,2026-03-18 23:30:31.849000
XRPUSDT,1592214181.0,1.4635,136.6,,,False,218.1296636893045,0.9927091236815176,44.028943595490034,-0.3756546274842892,0.001,0.9999998667981875,29.93642357982462,9.779283532949224,2026-03-18 23:30:31.849000
XRPUSDT,1592214182.0,1.4635,3.6,,,False,218.29518011762426,0.9927270770915065,44.040926316713296,-0.37511639518930884,0.001,0.9999998667870375,29.97939084070276,9.784246153101916,2026-03-18 23:30:31.849000
XRPUSDT,1592214183.0,1.4635,3.6,,,False,218.46073848999305,0.9927449866152365,44.05290466298294,-0.3745787085966776,0.001,0.9999998667762997,30.022383662423202,9.789208777836471,2026-03-18 23:30:31.849000
XRPUSDT,1592214184.0,1.4635,3.5,,,False,218.62633879576154,0.9927628523583966,44.06487863948944,-0.37404156784655695,0.001,0.999999866765971,30.065401999083317,9.794171407145246,2026-03-18 23:30:31.849000
XRPUSDT,1592214185.0,1.4635,3.5,,,False,218.79198102428845,0.9927806744264283,44.07684825141527,-0.3735049730753931,0.001,0.9999998667560502,30.10844590031065,9.799134041021828,2026-03-18 23:30:31.849000
XRPUSDT,1592214186.0,1.4635,3.6,,,False,218.9576651649406,0.9927984529245274,44.08881350393499,-0.37296892441779805,0.001,0.9999998667465356,30.1515153083114,9.804096679459443,2026-03-18 23:30:31.849000
XRPUSDT,1592214187.0,1.4636,6.9,,,False,219.1596794220947,0.9928220123563264,44.101031983181805,-0.4535360872787686,0.101,0.9999998667752615,-3419.7413396200154,9.809059824478549,2026-03-18 23:30:31.950000
XRPUSDT,1592214188.0,1.4636,3.5,,,False,219.32546773916866,0.992839689788788,44.112988047442876,-0.37170629685124446,0.101,0.9999998667665666,4629.05405551438,9.814022972745716,2026-03-18 23:30:31.950000
XRPUSDT,1592214189.0,1.4636,3.8,,,False,219.49129791273268,0.9928573239997412,44.12493976841494,-0.37117201495261465,0.101,0.9999998667582505,30.298032616624468,9.818986124579258,2026-03-18 23:30:31.950000
XRPUSDT,1592214190.0,1.4636,3.6,,,False,219.65716993756132,0.9928749150933223,44.136887151279,-0.37063829196059883,0.101,0.9999998667503118,30.3405237177422,9.823949279973991,2026-03-18 23:30:31.950000
XRPUSDT,1592214191.0,1.4636,3.6,,,False,219.82308380307833,0.9928924631734234,44.14883020117011,-0.3701051160002184,0.101,0.9999998667427493,30.38372045875364,9.828912438924219,2026-03-18 23:30:31.950000
XRPUSDT,1592214192.0,1.4636,3.5,,,False,219.98903949871553,0.9929099683436954,44.160768923215464,-0.36957248718707875,0.101,0.99999986673556,30.426942718280536,9.83387560142491,2026-03-18 23:30:31.950000
XRPUSDT,1592214193.0,1.4636,3.5,,,False,220.15503701391256,0.9929274307075454,44.172703322534375,-0.3690404056340434,0.101,0.9999998667287436,30.47019049683038,9.838838767470751,2026-03-18 23:30:31.950000
XRPUSDT,1592214194.0,1.4636,0.4,,,False,220.32107633811742,0.9929448503681398,44.18463340423829,-0.3685088714513065,0.101,0.9999998667222982,30.51346378739495,9.843801937056108,2026-03-18 23:30:31.950000
XRPUSDT,1592214195.0,1.4636,3.1,,,False,220.4871574607859,0.9929622274284039,44.19655917343081,-0.36797788474600124,0.002,0.9999998667162221,30.556762607515573,9.848764619178917,2026-03-18 23:30:31.952000
XRPUSDT,1592214196.0,1.4636,3.5,,,False,220.65326940442787,0.9929795619910219,44.20848055908792,-0.36742327337978953,0.002,0.9999998667104925,31.994540527731665,9.853727305785998,2026-03-18 23:30:31.952000
XRPUSDT,1592214197.0,1.4636,3.5,,,False,220.8194231413059,0.9929968541584375,44.220397642899194,-0.3668934987301745,0.002,0.9999998667051501,30.636682891231114,9.85868999687112,2026-03-18 23:30:31.952000
XRPUSDT,1592214198.0,1.4636,102.5,,,True,220.98561866088556,0.9930141040328553,44.23231042994245,-0.3663642714798934,4.724,0.9999998667001927,30.680063950859665,9.863676010264845,2026-03-18 23:30:36.676000
XRPUSDT,1592214199.0,1.4637,6.9,,,False,221.1887732720548,0.9930369625654081,44.244473183947434,-0.4466341283175846,1.007,0.9999998667343444,-3511.5927346735702,9.868643655028194,2026-03-18 23:30:37.683000
XRPUSDT,1592214200.0,1.4637,61.4,,,False,221.35517218008292,0.9930541143374172,44.256377594384965,-0.3653337516146624,1.007,0.9999998667293717,4740.056984182757,9.873611291385455,2026-03-18 23:30:37.683000
XRPUSDT,1592214201.0,1.4637,14.7,,,False,221.52161262286677,0.9930712241549398,44.2682777192281,-0.3648051387216346,1.007,0.9999998667245733,30.895296944614174,9.878578922564298,2026-03-18 23:30:37.683000
XRPUSDT,1592214202.0,1.4637,3.8,,,False,221.68809464379913,0.9930882921191486,44.28017356391381,-0.36427719513739804,1.007,0.9999998667199491,30.931842706963685,9.883546548572816,2026-03-18 23:30:37.683000
XRPUSDT,1592214203.0,1.4637,3.6,,,False,221.8546182325357,0.9931053183309807,44.29206513350121,-0.3637498031561913,1.007,0.9999998667154991,30.975297759008,9.888514169418864,2026-03-18 23:30:37.683000
XRPUSDT,1592214204.0,1.4637,3.6,,,False,222.0211833787399,0.9931223028911357,44.30395243304159,-0.36322296285149247,1.007,0.9999998667112222,31.01877822514658,9.893481785111325,2026-03-18 23:30:37.683000
XRPUSDT,1592214205.0,1.4637,3.5,,,False,222.18779007208298,0.9931392459000777,44.31583546757837,-0.3626966742946398,1.007,0.9999998667071177,31.06228407553728,9.898449395656895,2026-03-18 23:30:37.683000
XRPUSDT,1592214206.0,1.4637,960.7,,,False,222.3544383022443,0.9931561474580365,44.327714242147195,-0.36217093755480123,1.007,0.9999998667031872,31.10581528174762,9.903417001064684,2026-03-18 23:30:37.683000
XRPUSDT,1592214207.0,1.4637,480.4,,,False,222.5211280589111,0.9931730076650049,44.3395887617759,-0.3616457526977285,1.007,0.9999998666994286,31.14937189416041,9.9083846013425,2026-03-18 23:30:37.683000
XRPUSDT,1592214208.0,1.4637,480.4,,,False,222.68785933177858,0.9931898266207437,44.35145903148451,-0.361121119787093,1.007,0.9999998666958422,31.192953877947158,9.913352196498447,2026-03-18 23:30:37.683000
XRPUSDT,1592214209.0,1.4637,480.4,,,False,222.8546321105499,0.9932066044247788,44.36332505628528,-0.3605970388838049,1.007,0.9999998666924271,31.236561244378965,9.918319786540277,2026-03-18 23:30:37.683000
XRPUSDT,1592214210.0,1.4637,3.5,,,False,223.02144638493593,0.9932233411764028,44.37518684118266,-0.3600735100462301,1.007,0.9999998666891837,31.280193990912643,9.923287371476567,2026-03-18 23:30:37.683000
XRPUSDT,1592214211.0,1.4637,480.4,,,False,223.18830214465575,0.9932400369746769,44.38704439117338,-0.3595505333300642,1.007,0.9999998666861108,31.323852120112967,9.928254951315177,2026-03-18 23:30:37.683000
XRPUSDT,1592214212.0,1.4637,136.6,,,False,223.35519937943604,0.9932566919184282,44.39889771124637,-0.3590281087883828,1.007,0.9999998666832086,31.36753563870416,9.933222526063998,2026-03-18 23:30:37.683000
XRPUSDT,1592214213.0,1.4637,3.5,,,False,223.52213807901154,0.9932733061062536,44.410746806382896,-0.35850623647180346,1.007,0.9999998666804764,31.411244537740824,9.93819009573118,2026-03-18 23:30:37.683000
XRPUSDT,1592214214.0,1.4637,3.5,,,False,223.68911823312476,0.9932898796365179,44.422591681556376,-0.3579849164283806,1.007,0.9999998666779144,31.454978819202843,9.943157660324905,2026-03-18 23:30:37.683000
XRPUSDT,1592214215.0,1.4637,3.8,,,False,223.85613983152612,0.9933064126073557,44.43443234173261,-0.35746414870360793,1.007,0.9999998666755219,31.498738483322995,9.948125219853198,2026-03-18 23:30:37.683000
XRPUSDT,1592214216.0,1.4637,3.6,,,False,224.02320286397386,0.9933229051166715,44.446268791869635,-0.35694393334025853,1.007,0.9999998666732984,31.5425235413579,9.953092774323437,2026-03-18 23:30:37.683000
XRPUSDT,1592214217.0,1.4637,3.5,,,False,224.1903073202341,0.9933393572621396,44.45810103691783,-0.35642427037889557,1.007,0.9999998666712431,31.586333975172607,9.958060323744839,2026-03-18 23:30:37.683000
XRPUSDT,1592214218.0,1.4638,3.5,,,False,224.3940207476576,0.9933611583086683,44.47016928090097,-0.43334077840487817,0.001,0.9999998667068805,-3528.1108145280523,9.963023044953394,2026-03-18 23:30:37.684000
XRPUSDT,1592214219.0,1.4638,3.5,,,False,224.56110877597803,0.9933775168279063,44.481991892567905,-0.3549481581876528,0.001,0.9999998667049325,4792.1586958322605,9.967985770557815,2026-03-18 23:30:37.684000
XRPUSDT,1592214220.0,1.4638,3.8,,,False,224.72823835327665,0.9933938353067978,44.49381031957251,-0.35443152669889966,0.001,0.9999998667033504,31.659292032563894,9.972948500554587,2026-03-18 23:30:37.684000
XRPUSDT,1592214221.0,1.4638,3.5,,,False,224.89540946925462,0.9934101138420298,44.50562456681147,-0.353915444011005,0.001,0.9999998667021327,31.703263256755577,9.977911234936998,2026-03-18 23:30:37.684000
XRPUSDT,1592214222.0,1.4638,3.8,,,False,225.0626221135687,0.9934263525300614,44.51743463917356,-0.35339991004985694,0.001,0.9999998667012786,31.74726678322474,9.98287397369884,2026-03-18 23:30:37.684000
XRPUSDT,1592214223.0,1.4638,3.6,,,False,225.22987627588344,0.9934425514671248,44.52924054154003,-0.35288492484925627,0.001,0.9999998667007851,31.791295847702134,9.987836716832955,2026-03-18 23:30:37.684000
XRPUSDT,1592214224.0,1.4638,3.6,,,False,225.39717194587112,0.9934587107492275,44.54104227878458,-0.35237048844048546,0.001,0.9999998667006516,31.835350450586755,9.99279946433314,2026-03-18 23:30:37.684000
XRPUSDT,1592214225.0,1.4638,150.0,,,False,225.5645091132119,0.9934748304721506,44.552839855773385,-0.35185660085231174,0.001,0.9999998667008757,31.879430597367904,9.997762216192967,2026-03-18 23:30:37.684000
XRPUSDT,1592214226.0,1.4638,6.9,,,False,225.7318877675933,0.9934909107314505,44.56463327736511,-0.3513432621110316,0.001,0.9999998667014568,31.92353628797974,10.002724972406247,2026-03-18 23:30:37.684000
XRPUSDT,1592214227.0,1.4638,3.5,,,False,225.89930789871087,0.9935069516224593,44.57642254841092,-0.35083047224066377,0.001,0.9999998667023924,31.96766751210894,10.007687732966122,2026-03-18 23:30:37.684000
XRPUSDT,1592214228.0,1.4638,3.6,,,False,226.0667694962677,0.9935229532402851,44.588207673754475,-0.35031823126255424,0.001,0.9999998667036814,32.01182428468741,10.012650497866092,2026-03-18 23:30:37.684000
XRPUSDT,1592214229.0,1.4638,3.5,,,False,226.23427254997458,0.9935389156798121,44.59998865823195,-0.3498065391956664,0.001,0.9999998667053215,32.05600660352326,10.017613267099893,2026-03-18 23:30:37.684000
XRPUSDT,1592214230.0,1.4639,2.3,,,False,226.43849160662577,0.993560067452682,44.611999243337095,-0.42533427942906893,0.006,0.9999998667446963,-3570.752234247325,10.022576064209707,2026-03-18 23:30:37.690000
XRPUSDT,1592214231.0,1.4639,1.5,,,False,226.60608716729402,0.9935759390170382,44.62377144989715,-0.3485801870871082,0.006,0.9999998667470258,4835.950043691651,10.02753886557628,2026-03-18 23:30:37.690000
XRPUSDT,1592214232.0,1.4639,5.5,,,False,226.77372414995202,0.9935917717173511,44.63553953111462,-0.3480703905722671,0.001,0.9999998667497013,32.1989619436782,10.032501647747168,2026-03-18 23:30:37.691000
XRPUSDT,1592214233.0,1.4639,3.5,,,False,226.9414020154629,0.9936075656475433,44.647303488449204,-0.3475600505276696,0.001,0.9999998667527193,32.31241612374188,10.03746443422588,2026-03-18 23:30:37.691000
XRPUSDT,1592214234.0,1.4639,3.8,,,False,227.10912128354212,0.9936233209013169,44.6590633300657,-0.3470513577012052,0.001,0.9999998667560818,32.28718710428702,10.04242722500689,2026-03-18 23:30:37.691000
XRPUSDT,1592214235.0,1.4639,34.1,,,False,227.27688194394807,0.993639037572153,44.670819060753516,-0.3465432137179417,0.001,0.9999998667597861,32.33152800375927,10.047390020082773,2026-03-18 23:30:37.691000
XRPUSDT,1592214236.0,1.4639,153.1,,,False,227.44468398644673,0.9936547157533135,44.682570685294635,-0.34603561857971665,0.001,0.9999998667638311,32.37589443744276,10.05235281944774,2026-03-18 23:30:37.691000
XRPUSDT,1592214237.0,1.4639,400.0,,,False,227.6125274008116,0.9936703555378403,44.69431820846363,-0.3455285722858449,0.002,0.9999998667682152,32.42028641783888,10.057315627754235,2026-03-18 23:30:37.693000
XRPUSDT,1592214238.0,1.4639,3.6,,,False,227.78041228201747,0.9936859570185571,44.70606163568486,-0.345022290254823,0.003,0.9999998667729371,32.450896181763234,10.062278444979007,2026-03-18 23:30:37.696000
XRPUSDT,1592214239.0,1.4639,3.6,,,False,227.94833861957005,0.993701520288068,44.71780097171157,-0.3445165553737975,0.003,0.9999998667779951,32.495413683544555,10.067241266455936,2026-03-18 23:30:37.696000
XRPUSDT,1592214240.0,1.4639,3.5,,,False,228.11630629804657,0.9937170454387602,44.7295362206373,-0.3440111534833642,0.003,0.9999998667833866,32.55375103631795,10.072204092178191,2026-03-18 23:30:37.696000
XRPUSDT,1592214241.0,1.4639,3.5,,,False,228.28431530725106,0.9937325325628029,44.741267387207195,-0.3435063004183555,0.003,0.9999998667891115,32.598245072157816,10.077166922139398,2026-03-18 23:30:37.696000
XRPUSDT,1592214242.0,1.4639,3.6,,,False,228.4523656369954,0.9937479817521483,44.75299447615905,-0.3430019961665576,0.003,0.9999998667951668,32.642764647644825,10.082129756333966,2026-03-18 23:30:37.696000
XRPUSDT,1592214243.0,1.4639,3.5,,,False,228.62045727709892,0.9937633930985332,44.764717492223326,-0.34249824071345053,0.003,0.999999866801553,32.687309760247146,10.08709259475495,2026-03-18 23:30:37.696000
XRPUSDT,1592214244.0,1.464,3.5,,,False,228.82538956780436,0.9937838142740316,44.77666288099047,-0.4164368640406911,0.003,0.9999998668454726,-3620.6839970149263,10.092055437398688,2026-03-18 23:30:37.696000
XRPUSDT,1592214245.0,1.464,3.8,,,False,228.99357286092894,0.9937991378437089,44.78837726680664,-0.34129033517153595,0.003,0.999999866852501,4903.9832396667425,10.097018284247737,2026-03-18 23:30:37.696000
XRPUSDT,1592214246.0,1.464,6.9,,,False,229.1617974315332,0.9938144238742479,44.800087594934915,-0.3407884784502644,0.003,0.9999998668598535,32.83106886320354,10.101981135304625,2026-03-18 23:30:37.696000
XRPUSDT,1592214247.0,1.464,500.0,,,False,229.33006326962013,0.9938296724564527,44.811793870075356,-0.34028717061558234,0.003,0.9999998668675302,32.875701356943075,10.10694399056346,2026-03-18 23:30:37.696000
XRPUSDT,1592214248.0,1.464,3.5,,,False,229.49837036504826,0.9938448836809136,44.82349609691986,-0.33978641133314613,0.003,0.9999998668755293,32.920379534407914,10.111906850017974,2026-03-18 23:30:37.696000
XRPUSDT,1592214249.0,1.464,15.0,,,False,229.66671870768369,0.9938600576380076,44.83519428015302,-0.3392862005739846,0.003,0.9999998668838485,32.96508327160821,10.116869713662126,2026-03-18 23:30:37.696000
XRPUSDT,1592214250.0,1.464,5.2,,,False,229.83510828739986,0.9938751944178984,44.846888424452175,-0.3387865383073644,0.003,0.9999998668924868,33.009812537634474,10.121832581489098,2026-03-18 23:30:37.696000
XRPUSDT,1592214251.0,1.464,3.5,,,False,230.0035390940779,0.9938902941105373,44.858578534487414,-0.33828742449998117,0.003,0.9999998669014433,33.05456735570154,10.126795453493635,2026-03-18 23:30:37.696000
XRPUSDT,1592214252.0,1.464,3.5,,,False,230.17201111760627,0.9939053568056638,44.87026461492157,-0.33778885911637657,0.003,0.9999998669107159,33.09934772076326,10.131758329669347,2026-03-18 23:30:37.696000
XRPUSDT,1592214253.0,1.464,233.8,,,False,230.3405243478808,0.9939203825928054,44.881946670410265,-0.3372908421186487,0.003,0.9999998669203038,33.14415364980975,10.13672121000952,2026-03-18 23:30:37.696000
XRPUSDT,1592214254.0,1.464,200.0,,,False,230.509078774805,0.9939353715612793,44.8936247056019,-0.3367933734673577,0.003,0.9999998669302042,33.18898509628372,10.14168409450882,2026-03-18 23:30:37.696000
XRPUSDT,1592214255.0,1.464,3.6,,,False,230.6776743882896,0.9939503238001902,44.905298725137655,-0.33629645312008055,1.315,0.9999998669404172,33.23384211810549,10.146652932365694,2026-03-18 23:30:39.011000
XRPUSDT,1592214256.0,1.464,3.6,,,False,230.84644612894544,0.9939652393984348,44.91696953966152,-0.33606785596656497,1.315,0.9999998669512455,15.32604658334557,10.151621762673123,2026-03-18 23:30:39.011000
XRPUSDT,1592214257.0,1.464,3.5,,,False,231.01525883642032,0.9939801184446988,44.9286363426495,-0.33557071386494314,1.315,0.9999998669621547,33.41222903688354,10.156590585428882,2026-03-18 23:30:39.011000
XRPUSDT,1592214258.0,1.464,7.5,,,False,231.1841125005251,0.9939949610274591,44.940299138743555,-0.33507412377181955,1.315,0.9999998669731431,33.45712138805465,10.161559400645476,2026-03-18 23:30:39.011000
XRPUSDT,1592214259.0,1.4639,3.5,,,True,231.3160743898801,0.9940049023307191,44.951738878031506,-0.2617103880541256,0.505,0.9999998669471992,7379.6899459425285,10.166524556754233,2026-03-18 23:30:39.516000
XRPUSDT,1592214260.0,1.4639,3.6,,,True,231.48491799654695,0.9940196841741358,44.96339366713492,-0.3341175305980093,0.505,0.9999998669581721,-4898.383814728145,10.171489714012335,2026-03-18 23:30:39.516000
XRPUSDT,1592214261.0,1.4639,3.6,,,True,231.6538026806956,0.9940344297893623,44.97504446548784,-0.3336232025593346,0.505,0.9999998669693668,33.52373102654274,10.176454870949527,2026-03-18 23:30:39.516000
XRPUSDT,1592214262.0,1.4639,3.7,,,True,231.8227284072049,0.9940491392641115,44.98669127754311,-0.3331293746145971,0.505,0.9999998669807793,33.57209915078546,10.181420027567027,2026-03-18 23:30:39.516000
XRPUSDT,1592214263.0,1.4639,3.7,,,True,231.99169516611857,0.9940638126858886,44.99833410789564,-0.3326360963942851,0.505,0.9999998669924114,33.61712270021012,10.186385183865466,2026-03-18 23:30:39.516000
XRPUSDT,1592214264.0,1.4639,3.7,,,True,232.1607029474878,0.9940784501419934,45.009972961133215,-0.33214336783307663,0.505,0.9999998670042608,33.66217173820263,10.191350339845934,2026-03-18 23:30:39.516000
XRPUSDT,1592214265.0,1.4639,3.7,,,True,232.32975174137107,0.9940930517195183,45.021607841836456,-0.3316511888636051,0.505,0.9999998670163269,33.70724626360854,10.196315495509415,2026-03-18 23:30:39.516000
XRPUSDT,1592214266.0,1.4639,225.0,,,True,232.49884153783427,0.9941076175053507,45.03323875457885,-0.3311595594167716,0.505,0.9999998670286092,33.75234625110953,10.20128065085638,2026-03-18 23:30:39.516000
XRPUSDT,1592214267.0,1.4639,513.0,,,True,232.66797232695055,0.9941221475861729,45.04486570392675,-0.33066847942083716,0.505,0.9999998670411071,33.79747173768786,10.206245805888445,2026-03-18 23:30:39.516000
XRPUSDT,1592214268.0,1.4639,786.9,,,True,232.83714409880042,0.9941366420484622,45.05648869443942,-0.3301779488020964,0.505,0.999999867053819,33.84262271689031,10.21121096060648,2026-03-18 23:30:39.516000
XRPUSDT,1592214269.0,1.4639,3629.6,,,True,233.00635684347165,0.9941511009784915,45.06810773066897,-0.3296879674850875,0.505,0.999999867066745,33.88779916750197,10.216176115011306,2026-03-18 23:30:39.516000
XRPUSDT,1592214270.0,1.4639,701.9,,,True,233.17561055105944,0.9941655244623304,45.07972281716044,-0.3291985353920313,0.505,0.9999998670798834,33.93300110576209,10.22114126910349,2026-03-18 23:30:39.516000
XRPUSDT,1592214271.0,1.4639,3.5,,,True,233.34490521166612,0.9941799125858441,45.09133395845178,-0.3287096524430859,0.505,0.9999998670932344,33.978228535418985,10.226106422884468,2026-03-18 23:30:39.516000
XRPUSDT,1592214272.0,1.4639,3.6,,,True,233.51424081540142,0.9941942654346959,45.102941159073865,-0.3282213185565052,0.505,0.9999998671067959,34.0234814442959,10.231071576355152,2026-03-18 23:30:39.516000
XRPUSDT,1592214273.0,1.4639,3.7,,,True,233.6836173523823,0.9942085830943461,45.1145444235505,-0.32773353364816094,0.505,0.9999998671205684,34.068759857491834,10.23603672951685,2026-03-18 23:30:39.516000
XRPUSDT,1592214274.0,1.4639,3.5,,,True,233.85303481273297,0.9942228656500527,45.126143756398434,-0.3272462976324598,0.505,0.9999998671345504,34.1140637369986,10.241001882369725,2026-03-18 23:30:39.516000
XRPUSDT,1592214275.0,1.4638,3.7,,,True,233.98541392046994,0.994232431551574,45.13752753377617,-0.2555498381776196,0.102,0.9999998671119315,7495.00288026658,10.245965260047749,2026-03-18 23:30:39.618000
XRPUSDT,1592214276.0,1.4638,180.2,,,True,234.1548637540602,0.9942466556335393,45.149119254010664,-0.32639026994307585,0.102,0.9999998671262497,-4980.316616453533,10.250928641212301,2026-03-18 23:30:39.618000
XRPUSDT,1592214277.0,1.4638,3.5,,,True,234.32435454892385,0.9942608448383109,45.16070705663208,-0.32590482537030313,0.102,0.9999998671408412,34.212246604884726,10.255892025567254,2026-03-18 23:30:39.618000
XRPUSDT,1592214278.0,1.4638,6.9,,,True,234.4938862901328,0.99427499925041,45.17229094609537,-0.32541991851475743,0.102,0.9999998671557055,34.25835366046112,10.260855413108022,2026-03-18 23:30:39.618000
XRPUSDT,1592214279.0,1.4638,3.6,,,True,234.66345896778506,0.9942891189541572,45.1838709268772,-0.3249355589343967,0.102,0.9999998671708408,34.30380615858066,10.265818803829731,2026-03-18 23:30:39.618000
XRPUSDT,1592214280.0,1.4638,3.6,,,True,234.83307257198575,0.9943032040336733,45.19544700344721,-0.32445174653509296,0.102,0.9999998671862463,34.34928420165145,10.270782197728415,2026-03-18 23:30:39.618000
XRPUSDT,1592214281.0,1.4638,3.7,,,True,235.00272709284727,0.9943172545728814,45.20701918026812,-0.32396848122062016,0.102,0.9999998672019206,34.39478779532107,10.275745594799632,2026-03-18 23:30:39.618000
XRPUSDT,1592214282.0,1.4638,3.7,,,True,235.17242252048942,0.9943312706555046,45.21858746179568,-0.3234857628931544,0.102,0.999999867217862,34.44031691615759,10.2807089950387,2026-03-18 23:30:39.618000
XRPUSDT,1592214283.0,1.4638,3.7,,,True,235.3421588450389,0.9943452523650688,45.23015185247872,-0.32300359145250745,0.102,0.9999998672340699,34.48587159070218,10.285672398440758,2026-03-18 23:30:39.618000
XRPUSDT,1592214284.0,1.4638,3.5,,,True,235.5119360566297,0.9943591997849014,45.241712356759116,-0.3225219667966575,0.102,0.9999998672505441,34.5314518118453,10.290635805002317,2026-03-18 23:30:39.618000
XRPUSDT,1592214285.0,1.4638,3.5,,,True,235.68175414540306,0.9943731129981337,45.253268979071855,-0.32204088882154736,0.102,0.999999867267281,34.57705758389535,10.29559921471773,2026-03-18 23:30:39.618000
XRPUSDT,1592214286.0,1.4638,3.5,,,True,235.85161310150718,0.9943869920876995,45.26482172384498,-0.3215603574214283,0.102,0.9999998672842818,34.62268889030368,10.300562627583302,2026-03-18 23:30:39.618000
XRPUSDT,1592214287.0,1.4638,3.6,,,True,236.0215129150977,0.9944008371363355,45.276370595499664,-0.3210803724884337,0.102,0.9999998673015437,34.668345746845375,10.305526043594678,2026-03-18 23:30:39.618000
XRPUSDT,1592214288.0,1.4638,3.7,,,True,236.1914535763372,0.9944146482265844,45.28791559845018,-0.320600933912763,0.102,0.9999998673190655,34.71402814915824,10.310489462746895,2026-03-18 23:30:39.618000
XRPUSDT,1592214289.0,1.4638,3.5,,,True,236.36143507539538,0.9944284254407916,45.29945673710393,-0.32012204158253166,0.102,0.9999998673368473,34.75973611435945,10.315452885035919,2026-03-18 23:30:39.618000
XRPUSDT,1592214290.0,1.4637,3.7,,,True,236.4942410943045,0.9944376525904369,45.31078911574696,-0.2499586786910276,0.851,0.9999998673182805,7604.012678698229,10.320419536993084,2026-03-18 23:30:40.469000
XRPUSDT,1592214291.0,1.4637,3.5,,,True,236.66436906396393,0.9944513733771131,45.32232339745494,-0.31949476881779393,0.851,0.9999998673367707,-5067.937558388559,10.325386188082799,2026-03-18 23:30:40.469000
XRPUSDT,1592214292.0,1.4637,6.9,,,True,236.83453777500586,0.9944650605067489,45.333853824715035,-0.3190166594809406,0.851,0.9999998673553997,34.93130770116009,10.330352835920458,2026-03-18 23:30:40.469000
XRPUSDT,1592214293.0,1.4637,5.2,,,True,237.00474717624965,0.9944787140609767,45.345380401692935,-0.3185390206748385,0.851,0.9999998673741666,34.98274501523975,10.335319480511707,2026-03-18 23:30:40.469000
XRPUSDT,1592214294.0,1.4637,3.6,,,True,237.17499725801255,0.9944923341212354,45.356903132775976,-0.31806193005175243,0.851,0.9999998673930706,35.02852513300317,10.340286121862038,2026-03-18 23:30:40.469000
XRPUSDT,1592214295.0,1.4637,3.6,,,True,237.3452880106187,0.9945059207687711,45.36842202234462,-0.3175853874829154,0.851,0.9999998674121114,35.07433070481824,10.345252759977276,2026-03-18 23:30:40.469000
XRPUSDT,1592214296.0,1.4637,2.6,,,True,237.51561942439938,0.9945194740846371,45.379937074772464,-0.3171093928376905,0.851,0.9999998674312894,35.120161732308034,10.350219394863469,2026-03-18 23:30:40.469000
XRPUSDT,1592214297.0,1.4638,3.6,,,False,237.7232728483599,0.9945374337151511,45.39165005394921,-0.38554062907610454,0.464,0.9999998674871053,-3810.2808509965002,10.355184376018572,2026-03-18 23:30:40.933000
XRPUSDT,1592214298.0,1.4638,3.6,,,False,237.89365670117044,0.9945509097178391,45.40315679452043,-0.31590003493108654,0.464,0.9999998675064469,5167.748608952814,10.360149355936535,2026-03-18 23:30:40.933000
XRPUSDT,1592214299.0,1.4638,3.5,,,False,238.06408121842384,0.9945643526572947,45.41465971316962,-0.3154262351782734,0.464,0.9999998675259836,35.24524932795129,10.36511433590807,2026-03-18 23:30:40.933000
XRPUSDT,1592214300.0,1.4638,116.9,,,False,238.23454641287802,0.9945777626137428,45.4261588143564,-0.31495302299728944,0.464,0.9999998675457149,35.28812213649689,10.370079315933026,2026-03-18 23:30:40.933000
XRPUSDT,1592214301.0,1.4638,3.5,,,False,238.40505227484235,0.994591139667218,45.43765410241217,-0.31448035669134883,0.464,0.9999998675656391,35.33411201612913,10.375044296012652,2026-03-18 23:30:40.933000
XRPUSDT,1592214302.0,1.4638,9.7,,,False,238.57559879463332,0.9946044838975653,45.44914558166148,-0.3140082361217288,0.464,0.9999998675857562,35.38012739091499,10.38000927614727,2026-03-18 23:30:40.933000
XRPUSDT,1592214303.0,1.4638,3.6,,,False,238.7461859625743,0.9946177953844398,45.460633256422184,-0.31353666114761236,0.912,0.9999998676060647,35.42616828310846,10.384976149273928,2026-03-18 23:30:41.845000
XRPUSDT,1592214304.0,1.4638,3.5,,,False,238.9168571923631,0.994631074207308,45.47211736190624,-0.3131450237329009,0.912,0.9999998676266717,29.49338345722816,10.389943018707424,2026-03-18 23:30:41.845000
XRPUSDT,1592214305.0,1.4638,3.6,,,False,239.0875689856278,0.9946443204454478,45.483597670036914,-0.3126741434949724,0.912,0.9999998676474016,35.54822380199848,10.394909884450389,2026-03-18 23:30:41.845000
XRPUSDT,1592214306.0,1.4638,3.5,,,False,239.25832133271373,0.9946575341779489,45.49507418511851,-0.31220380967221706,0.912,0.9999998676682545,35.5943199786439,10.399876746510003,2026-03-18 23:30:41.845000
XRPUSDT,1592214307.0,1.4638,3.5,,,False,239.4291142240404,0.9946707154837142,45.506546911448915,-0.31173402223620794,0.912,0.9999998676892289,35.640432319288514,10.404843604892562,2026-03-18 23:30:41.845000
XRPUSDT,1592214308.0,1.4638,3.5,,,False,239.59994765003398,0.994683864441458,45.518015853319305,-0.31126478103351685,0.912,0.9999998677103242,35.6865701324985,10.40981045960446,2026-03-18 23:30:41.845000
XRPUSDT,1592214309.0,1.4638,3.5,,,False,239.7708216011279,0.9946969811297082,45.52948101501406,-0.3107960859090858,0.912,0.9999998677315419,35.7327334072595,10.414777310651838,2026-03-18 23:30:41.845000
XRPUSDT,1592214310.0,1.4638,3.5,,,False,239.94173606776243,0.9947100656268067,45.54094240081094,-0.3103279367062979,0.912,0.9999998677528795,35.77892212905107,10.419744158041752,2026-03-18 23:30:41.845000
XRPUSDT,1592214311.0,1.4638,3.6,,,False,240.1126910403848,0.9947231180109093,45.552400014980876,-0.3098603332667058,0.912,0.9999998677743388,35.825136306020774,10.424711001780684,2026-03-18 23:30:41.845000
XRPUSDT,1592214312.0,1.4638,3.5,,,False,240.2836865094491,0.9947361383599859,45.563853861788196,-0.309393275429728,0.912,0.9999998677959182,35.87137596933373,10.4296778418745,2026-03-18 23:30:41.845000
XRPUSDT,1592214313.0,1.4638,3.5,,,False,240.45472246541635,0.9947491267518213,45.575303945490504,-0.3089267630336118,0.912,0.9999998678176173,35.91764107740692,10.43464467832997,2026-03-18 23:30:41.845000
XRPUSDT,1592214314.0,1.4639,3.5,,,False,240.66322971192787,0.9947663375040576,45.586944396098104,-0.3755801660964469,0.023,0.9999998678756551,-3872.776863405577,10.439607816649259,2026-03-18 23:30:41.868000
XRPUSDT,1592214315.0,1.4639,150.0,,,False,240.83427055224612,0.9947792517716606,45.598386096520144,-0.3076581527617694,0.023,0.9999998678973648,5259.455311198232,10.44457095861341,2026-03-18 23:30:41.868000
XRPUSDT,1592214316.0,1.4639,6.9,,,False,241.00535197608437,0.9947921343396312,45.60982405030451,-0.3071942781561337,0.023,0.9999998679193238,36.007929994553166,10.449534104280165,2026-03-18 23:30:41.868000
XRPUSDT,1592214317.0,1.4639,3.6,,,False,241.1764739748953,0.994804985284957,45.62125826167259,-0.3067309474671978,0.023,0.9999998679415302,36.054210580660275,10.45449725364365,2026-03-18 23:30:41.868000
XRPUSDT,1592214318.0,1.4639,3.6,,,False,241.34763653904102,0.9948178046844443,45.63268873483344,-0.3062681585606558,0.023,0.9999998679639844,36.10066969216637,10.45946040669866,2026-03-18 23:30:41.868000
XRPUSDT,1592214319.0,1.4639,3.5,,,False,241.51883965889095,0.9948305926147147,45.644115473989565,-0.30580591127127144,0.023,0.9999998679866834,36.147154356262696,10.464423563440397,2026-03-18 23:30:41.868000
XRPUSDT,1592214320.0,1.4639,3.5,,,False,241.69008332482102,0.9948433491522096,45.65553848333697,-0.3053442054316907,0.023,0.999999868009627,36.19366460262925,10.469386723863193,2026-03-18 23:30:41.868000
XRPUSDT,1592214321.0,1.4639,3.5,,,False,241.86136752721404,0.9948560743731878,45.666957767065,-0.30488304087299334,0.023,0.9999998680328146,36.24020042468829,10.474349887962653,2026-03-18 23:30:41.868000
XRPUSDT,1592214322.0,1.4639,3.6,,,False,242.03269225646,0.994868768353727,45.67837332935653,-0.3044224174248275,0.023,0.9999998680562446,36.286761803747574,10.479313055732336,2026-03-18 23:30:41.868000
XRPUSDT,1592214323.0,1.4639,3.5,,,False,242.20405750295544,0.9948814311697244,45.68978517438791,-0.3039623349146592,0.023,0.999999868079914,36.333348779733974,10.484276227168001,2026-03-18 23:30:41.868000
XRPUSDT,1592214324.0,1.4639,111.0,,,True,242.37546325710375,0.9948940628968965,45.70119330632891,-0.3035027931688671,0.731,0.9999998681038255,36.37996130929835,10.48924229899211,2026-03-18 23:30:42.599000
XRPUSDT,1592214325.0,1.464,506.7,,,False,242.58450264391578,0.9949108007616313,45.71278734660593,-0.369127877483347,7.967,0.9999998681641691,-3920.756043519981,10.494237934492835,2026-03-18 23:30:50.566000
XRPUSDT,1592214326.0,1.464,1024.8,,,False,242.75674683063906,0.9949233603796613,45.724191409221675,-0.30371836285177173,7.967,0.9999998681903415,5207.922285147034,10.499233487882599,2026-03-18 23:30:50.566000
XRPUSDT,1592214327.0,1.464,944.9,,,False,242.92902998428605,0.9949358891596211,45.735591745997844,-0.3032534112918952,7.967,0.9999998682156185,37.11068127713627,10.504228980157013,2026-03-18 23:30:50.566000
XRPUSDT,1592214328.0,1.464,217.2,,,False,243.1013524625449,0.9949483871764497,45.74698836303837,-0.3027896672689093,0.001,0.9999998682400043,37.105408749475096,10.509192033133672,2026-03-18 23:30:50.567000
XRPUSDT,1592214329.0,1.464,822.1,,,False,243.2729668824441,0.9949608545049096,45.75837753345967,-0.3010202045599462,0.001,0.9999998682616174,141.9279771656157,10.514155089967476,2026-03-18 23:30:50.567000
XRPUSDT,1592214330.0,1.464,3.5,,,False,243.44462175397706,0.9949732912195846,45.769763016715444,-0.30056417606282043,0.003,0.9999998682834794,36.667923084448645,10.519118158757596,2026-03-18 23:30:50.570000
XRPUSDT,1592214331.0,1.464,6.9,,,False,243.61631725475203,0.9949856973948807,45.78114481785761,-0.30010901278739666,0.003,0.9999998683055886,36.68844462996386,10.524081231378052,2026-03-18 23:30:50.570000
XRPUSDT,1592214332.0,1.464,3.8,,,False,243.78805318778222,0.9949980731050274,45.792522940066014,-0.29965406094558583,0.003,0.9999998683279441,36.76167560640108,10.529044307822833,2026-03-18 23:30:50.570000
XRPUSDT,1592214333.0,1.464,3.6,,,False,243.9598295435305,0.9950104184240779,45.80389738744995,-0.29919964797244547,0.003,0.9999998683505448,36.80852404724105,10.53400738808751,2026-03-18 23:30:50.570000
XRPUSDT,1592214334.0,1.464,3.6,,,False,244.1316463124663,0.9950227334259082,45.81526816411225,-0.29874577367773736,0.003,0.9999998683733886,36.85539807159777,10.538970472165929,2026-03-18 23:30:50.570000
XRPUSDT,1592214335.0,1.464,3.5,,,False,244.3035034850658,0.9950350181842186,45.826635274149275,-0.2982924378694438,0.003,0.9999998683964758,36.90229769601583,10.543933560053151,2026-03-18 23:30:50.570000
XRPUSDT,1592214336.0,1.464,3.5,,,False,244.47540105181196,0.9950472727725342,45.83799872165111,-0.29783964035441873,0.003,0.9999998684198044,36.949222883835006,10.548896651743647,2026-03-18 23:30:50.570000
XRPUSDT,1592214337.0,1.464,3.6,,,False,244.6473390031945,0.9950594972642054,45.84935851070137,-0.2973873809374353,0.003,0.9999998684433724,36.996173677362265,10.553859747231982,2026-03-18 23:30:50.570000
XRPUSDT,1592214338.0,1.4641,6.9,,,False,244.85695666217947,0.9950756952465559,45.860898370333366,-0.3615658642422729,0.135,0.9999998685029765,-3962.1282401717376,10.558823375023037,2026-03-18 23:30:50.705000
XRPUSDT,1592214339.0,1.4641,3.8,,,False,245.02899644174408,0.9950878499312181,45.87225050646043,-0.2963266311935667,0.135,0.999999868527037,5367.414693330736,10.563787005196248,2026-03-18 23:30:50.705000
XRPUSDT,1592214340.0,1.4641,3.5,,,False,245.20107655049026,0.9950999747621502,45.88359899680889,-0.2958761060975124,0.135,0.9999998685513162,37.15722706396749,10.568750638101545,2026-03-18 23:30:50.705000
XRPUSDT,1592214341.0,1.4641,5.2,,,False,245.37319698522646,0.995112069811949,45.894943845467566,-0.29542612927810274,0.135,0.9999998685758136,37.20338707935827,10.573714273735252,2026-03-18 23:30:50.705000
XRPUSDT,1592214342.0,1.4641,3.6,,,False,245.54535773649724,0.9951241351530385,45.90628505648835,-0.2949766897500779,0.135,0.9999998686005273,37.2504618550793,10.578677912093823,2026-03-18 23:30:50.705000
XRPUSDT,1592214343.0,1.4641,3.6,,,False,245.71755879485394,0.9951361708576697,45.91762263391679,-0.29452778730811174,0.135,0.9999998686254573,37.29756218877662,10.583641553173765,2026-03-18 23:30:50.705000
XRPUSDT,1592214344.0,1.4641,3.5,,,False,245.88980015085463,0.9951481769979222,45.92895658179212,-0.2940794217449082,0.135,0.9999998686506022,37.34468811562197,10.58860519697152,2026-03-18 23:30:50.705000
XRPUSDT,1592214345.0,1.4641,3.5,,,False,246.06208179506393,0.995160153645703,45.94028690414725,-0.29363159285207596,0.135,0.9999998686759604,37.391839605762314,10.593568843483322,2026-03-18 23:30:50.705000
XRPUSDT,1592214346.0,1.4641,3.5,,,False,246.2344037180532,0.9951721008727481,45.95161360500876,-0.29318430041965815,0.135,0.9999998687015322,37.43901666291874,10.598532492705019,2026-03-18 23:30:50.705000
XRPUSDT,1592214347.0,1.4641,3.6,,,False,246.4067659104005,0.9951840187506229,45.96293668839696,-0.29273754423585097,0.135,0.9999998687273154,37.48621931693114,10.603496144634233,2026-03-18 23:30:50.705000
XRPUSDT,1592214348.0,1.4641,3.5,,,False,246.57916836269035,0.9951959073507216,45.974256158325865,-0.2922913240878021,0.135,0.9999998687533104,37.53344753326561,10.608459799266452,2026-03-18 23:30:50.705000
XRPUSDT,1592214349.0,1.4642,3.5,,,False,246.7893453499988,0.9952116600035009,45.9857511493166,-0.355356855983358,0.135,0.9999998688151119,-4003.486446320052,10.613423456679303,2026-03-18 23:30:50.705000
XRPUSDT,1592214350.0,1.4641,3.6,,,True,246.92409639907063,0.9952195972481097,45.996884285150976,-0.22776251074571374,2.111,0.99999986880593,16075.395370368717,10.61839487435357,2026-03-18 23:30:52.816000
XRPUSDT,1592214351.0,1.4641,3.6,,,True,247.09679961078746,0.995231398440943,46.00819378950757,-0.2912584203333529,2.111,0.999999868833021,-5380.465388936105,10.623366284680868,2026-03-18 23:30:52.816000
XRPUSDT,1592214352.0,1.4641,2.0,,,True,247.2695428664114,0.9952431706398812,46.01949969137387,-0.2908129763695699,2.111,0.9999998688600596,37.83863712469567,10.6283376822166,2026-03-18 23:30:52.816000
XRPUSDT,1592214353.0,1.4642,3.4,,,False,247.480095675583,0.995258769054338,46.030979536061125,-0.35349175811849065,1.84,0.9999998689225745,-4018.2790323146173,10.633308008284766,2026-03-18 23:30:54.656000
XRPUSDT,1592214354.0,1.4642,1.6,,,False,247.65290304155545,0.9952704740048197,46.04227773359688,-0.28970692558652944,1.84,0.9999998689494265,5449.38935294189,10.638278319004295,2026-03-18 23:30:54.656000
XRPUSDT,1592214355.0,1.4642,5.8,,,False,247.82575027818768,0.9952821501955945,46.05357234138954,-0.289263241111287,1.437,0.9999998689762625,37.99907725043343,10.643247048727272,2026-03-18 23:30:56.093000
XRPUSDT,1592214356.0,1.4642,11.7,,,False,247.99860097382614,0.995293797696651,46.06486319363832,-0.2887594978680096,1.826,0.9999998690029879,43.24904035916341,10.648217284517251,2026-03-18 23:30:57.919000
XRPUSDT,1592214357.0,1.4642,3.5,,,False,248.17152683570723,0.9953054165778108,46.07615062925348,-0.2883757882239022,1.826,0.9999998690298417,33.02466380641885,10.653187509851776,2026-03-18 23:30:57.919000
XRPUSDT,1592214358.0,1.4642,3.8,,,False,248.344492627309,0.9953170069087287,46.087434487494164,-0.2879338709097651,1.826,0.9999998690566831,38.12810154145354,10.658157724743992,2026-03-18 23:30:57.919000
XRPUSDT,1592214359.0,1.4642,3.6,,,False,248.51749833944555,0.9953285687588936,46.09871477232558,-0.2874924913991509,1.826,0.9999998690835116,38.175508618242695,10.663127929212129,2026-03-18 23:30:57.919000
XRPUSDT,1592214360.0,1.4642,3.6,,,False,248.69054396303858,0.9953401021976288,46.10999148770713,-0.2870516496171603,1.826,0.9999998691103271,38.22292658011964,10.668098123273076,2026-03-18 23:30:57.919000
XRPUSDT,1592214361.0,1.4642,3.5,,,False,248.86362948901623,0.9953516072940912,46.12126463759196,-0.2866113453191512,1.826,0.9999998691371308,38.27036995712322,10.673068306945137,2026-03-18 23:30:57.919000
XRPUSDT,1592214362.0,1.4642,3.5,,,False,249.03675490831316,0.995363084117274,46.132534225927,-0.2861715782591817,1.826,0.9999998691639231,38.317838740270425,10.678038480245363,2026-03-18 23:30:57.919000
XRPUSDT,1592214363.0,1.4642,3.6,,,False,249.2099202118705,0.9953745327360044,46.14380025665294,-0.28573234818999305,1.826,0.9999998691907035,38.36533293082096,10.68300864319201,2026-03-18 23:30:57.919000
XRPUSDT,1592214364.0,1.4642,3.5,,,False,249.3831253906357,0.9953859532189456,46.15506273370422,-0.2852936548626256,1.826,0.9999998692174725,38.41285255843415,10.687978795802454,2026-03-18 23:30:57.919000
XRPUSDT,1592214365.0,1.4643,6.9,,,False,249.5942434531694,0.995401085353217,46.16649436645614,-0.3467843669152618,0.058,0.9999998692795393,-4063.584881668171,10.692942153634606,2026-03-18 23:30:57.977000
XRPUSDT,1592214366.0,1.4643,3.5,,,False,249.7673791615183,0.9954124405787304,46.1777486448196,-0.28398720162434354,0.058,0.9999998693058558,5530.243782234918,10.697905514593879,2026-03-18 23:30:57.977000
XRPUSDT,1592214367.0,1.4643,3.8,,,False,249.94055495639566,0.9954237678958421,46.18899938672788,-0.28355165572963603,0.058,0.9999998693323859,38.45093153227228,10.70286887882323,2026-03-18 23:30:57.977000
XRPUSDT,1592214368.0,1.4643,5.2,,,False,250.11377083114567,0.9954350673725089,46.20024659607873,-0.28311664502586,0.058,0.9999998693591297,38.49830541753287,10.707832246317853,2026-03-18 23:30:57.977000
XRPUSDT,1592214369.0,1.4643,5.0,,,False,250.2870267764815,0.9954463390765245,46.21149027675175,-0.28268216495183035,0.058,0.9999998693860858,38.54608614883763,10.712795617073368,2026-03-18 23:30:57.977000
XRPUSDT,1592214370.0,1.4643,150.0,,,False,250.4603227831229,0.9954575830755212,46.22273043262056,-0.28224821526356936,0.058,0.9999998694132523,38.593892474173664,10.71775899108565,2026-03-18 23:30:57.977000
XRPUSDT,1592214371.0,1.4643,3.6,,,False,250.63365884179586,0.9954687994369695,46.23396706755259,-0.2818147957155079,0.058,0.9999998694406298,38.64172441833261,10.722722368349897,2026-03-18 23:30:57.977000
XRPUSDT,1592214372.0,1.4643,3.6,,,False,250.80703494323313,0.9954799882281788,46.245200185409345,-0.2813819060612831,0.058,0.9999998694682163,38.68958193306537,10.727685748861827,2026-03-18 23:30:57.977000
XRPUSDT,1592214373.0,1.4643,3.5,,,False,250.98045107817362,0.995491149516297,46.25642979004618,-0.2809495460525397,0.058,0.9999998694960114,38.737465081584624,10.732649132617285,2026-03-18 23:30:57.977000
XRPUSDT,1592214374.0,1.4643,3.5,,,False,251.15390723736297,0.9955022833683126,46.267655885312514,-0.28051771544029125,0.058,0.9999998695240137,38.785373799177364,10.737612519611254,2026-03-18 23:30:57.977000
XRPUSDT,1592214375.0,1.4643,3.6,,,False,251.32740341155292,0.9955133898510528,46.27887847505169,-0.280086413973545,0.058,0.9999998695522215,38.83330815313312,10.742575909839905,2026-03-18 23:30:57.977000
XRPUSDT,1592214376.0,1.4643,3.5,,,False,251.50093959150198,0.9955244690311857,46.29009756310103,-0.2796556414007095,0.058,0.9999998695806354,38.88126807802949,10.747539303299016,2026-03-18 23:30:57.977000
XRPUSDT,1592214377.0,1.4644,6.9,,,False,251.71249187920293,0.9955391486982412,46.301481156859644,-0.33997968545920443,0.539,0.9999998696443405,-4109.360507325665,10.752504511393965,2026-03-18 23:30:58.516000
XRPUSDT,1592214378.0,1.4644,0.1,,,False,251.88615912742912,0.9955501645541162,46.312693065655814,-0.27869394705786826,0.539,0.9999998696732575,5563.411422331074,10.757469717750677,2026-03-18 23:30:58.516000
XRPUSDT,1592214379.0,1.4644,3.4,,,False,252.05986626241258,0.9955611533281609,46.32390148373301,-0.27826460744489423,0.042,0.9999998697023184,39.07074722141946,10.762433059066494,2026-03-18 23:30:58.558000
XRPUSDT,1592214380.0,1.4644,3.8,,,False,252.23356972243994,0.9955721150863561,46.335106223729916,-0.27776639881202414,0.042,0.9999998697314062,45.44970104207419,10.767396403716385,2026-03-18 23:30:58.558000
XRPUSDT,1592214381.0,1.4644,3.5,,,False,252.4073131422664,0.9955830498945253,46.34630748197837,-0.27733850841282975,0.042,0.9999998697606968,39.13103847593411,10.772359751696218,2026-03-18 23:30:58.558000
XRPUSDT,1592214382.0,1.4644,3.5,,,False,252.58109651269058,0.9955939578183337,46.357505262278,-0.27691114514075876,0.042,0.9999998697901888,39.179158158492186,10.777323103001873,2026-03-18 23:30:58.558000
XRPUSDT,1592214383.0,1.4644,3.5,,,False,252.7549198245146,0.9956048389232893,46.368699568422514,-0.27648430873046903,0.042,0.9999998698198823,39.22730384742386,10.782286457628189,2026-03-18 23:30:58.558000
XRPUSDT,1592214384.0,1.4644,3.5,,,False,252.92878306854698,0.9956156932747443,46.37989040419962,-0.2760579989195665,0.042,0.9999998698497758,39.27547515580966,10.78724981557153,2026-03-18 23:30:58.558000
XRPUSDT,1592214385.0,1.4644,5.0,,,True,253.1026862356025,0.9956265209378939,46.39107777339119,-0.2756322154445167,1.818,0.9999998698798679,39.32367207637514,10.792219778577993,2026-03-18 23:31:00.376000
XRPUSDT,1592214386.0,1.4645,6.9,,,False,253.3148364403052,0.9956408671179086,46.402426870087375,-0.3353243236731106,0.223,0.9999998699454878,-4160.836415533101,10.797183812005514,2026-03-18 23:31:00.599000
XRPUSDT,1592214387.0,1.4645,3.5,,,False,253.48884387658998,0.9956516328822357,46.41360701696078,-0.2746392549760518,0.223,0.9999998699757886,5636.856506709652,10.802147846845005,2026-03-18 23:31:00.599000
XRPUSDT,1592214388.0,1.4645,3.8,,,False,253.6628911721589,0.9956623721741554,46.4247837088729,-0.2742151364830743,0.223,0.9999998700062663,39.49222128859625,10.807111883642893,2026-03-18 23:31:00.599000
XRPUSDT,1592214389.0,1.4645,3.6,,,False,253.83697832779725,0.9956730850581902,46.43595694962531,-0.2737915591417155,0.223,0.9999998700369183,39.539057828356924,10.812075922395808,2026-03-18 23:31:00.599000
XRPUSDT,1592214390.0,1.4645,3.6,,,False,254.01110533438018,0.9956837715987084,46.447126742970816,-0.27336850705700455,0.223,0.9999998700677433,39.58737479090882,10.817039963102209,2026-03-18 23:31:00.599000
XRPUSDT,1592214391.0,1.4645,3.5,,,False,254.18527218278894,0.9956944318599243,46.458293092656355,-0.27294597995626835,0.223,0.9999998700987421,39.63571737833867,10.822004005759878,2026-03-18 23:31:00.599000
XRPUSDT,1592214392.0,1.4645,12.6,,,False,254.35947886391133,0.9957050659058981,46.46945600242298,-0.2725239775660597,0.223,0.9999998701299136,39.68408555396055,10.8269680503661,2026-03-18 23:31:00.599000
XRPUSDT,1592214393.0,1.4645,4.0,,,False,254.53372536864123,0.9957156738005372,46.480615476005944,-0.27210249961148913,0.223,0.9999998701612558,39.73247933855029,10.831932096919326,2026-03-18 23:31:00.599000
XRPUSDT,1592214394.0,1.4645,9.5,,,False,254.70801168787884,0.995726255607595,46.491771517134566,-0.2716815458167427,0.223,0.9999998701927696,39.78089871099959,10.836896145416418,2026-03-18 23:31:00.599000
XRPUSDT,1592214395.0,1.4645,3.5,,,False,254.88233781253072,0.9957368113906734,46.502924129532396,-0.2712611159044981,0.223,0.9999998702244535,39.82934369926598,10.841860195855046,2026-03-18 23:31:00.599000
XRPUSDT,1592214396.0,1.4645,3.6,,,False,255.05670373350978,0.9957473412132212,46.51407331691713,-0.27084120959667524,0.223,0.9999998702563058,39.87781426677679,10.846824248234146,2026-03-18 23:31:00.599000
XRPUSDT,1592214397.0,1.4645,3.5,,,False,255.23110944173482,0.9957578451385356,46.52521908300061,-0.2704218266133468,0.223,0.9999998702883272,39.92631047673736,10.851788302550355,2026-03-18 23:31:00.599000
XRPUSDT,1592214398.0,1.4646,6.9,,,False,255.4437101168206,0.9957717621520721,46.5365214672616,-0.3287336693558792,0.223,0.9999998703551974,-4189.968098377124,10.856752358923154,2026-03-18 23:31:00.599000
XRPUSDT,1592214399.0,1.4646,5.2,,,False,255.61820410932185,0.9957822060139815,46.547660045023974,-0.2694202284037957,0.223,0.9999998703875351,5679.263232949939,10.861716416693708,2026-03-18 23:31:00.599000
XRPUSDT,1592214400.0,1.4646,3.5,,,False,255.79273785012484,0.9957926241882663,46.55879521331581,-0.2690026245612088,0.223,0.9999998704200385,40.08416745295977,10.866680476395654,2026-03-18 23:31:00.599000
XRPUSDT,1592214401.0,1.4646,3.5,,,False,255.96731133992208,0.9958030167375697,46.56992697586509,-0.2685855577416326,0.223,0.9999998704527078,40.13132941709842,10.87164453802738,2026-03-18 23:31:00.599000
XRPUSDT,1592214402.0,1.4646,3.8,,,False,256.1419245696654,0.9958133837243844,46.58105533635314,-0.2681690126363922,0.223,0.9999998704855415,40.17995900665569,10.876608601585298,2026-03-18 23:31:00.599000
XRPUSDT,1592214403.0,1.4646,5.2,,,False,256.3165775303124,0.9958237252110548,46.592180298455546,-0.26775298895871225,0.223,0.9999998705185386,40.22861421589776,10.881572667068825,2026-03-18 23:31:00.599000
XRPUSDT,1592214404.0,1.4646,3.5,,,False,256.4912702128272,0.9958340412597741,46.6033018658421,-0.2673374864208409,0.223,0.9999998705516997,40.277295035560996,10.886536734475058,2026-03-18 23:31:00.599000
XRPUSDT,1592214405.0,1.4646,3.6,,,False,256.6660026081802,0.9958443319325876,46.614420042176874,-0.2669225047339573,0.223,0.9999998705850225,40.326001458486346,10.89150080380158,2026-03-18 23:31:00.599000
XRPUSDT,1592214406.0,1.4646,3.6,,,False,256.8407747073478,0.995854597291391,46.625534831118216,-0.2665080436080518,0.223,0.9999998706185067,40.37473349363763,10.896464875046068,2026-03-18 23:31:00.599000
XRPUSDT,1592214407.0,1.4646,3.5,,,False,257.0155865013126,0.9958648373979322,46.63664623631872,-0.26609410275205075,0.223,0.999999870652152,40.42349113627281,10.901428948207068,2026-03-18 23:31:00.599000
XRPUSDT,1592214408.0,1.4646,3.6,,,False,257.19043798106344,0.9958750523138111,46.647754261425256,-0.26568068187357546,0.223,0.9999998706859581,40.47227440489964,10.906393023281876,2026-03-18 23:31:00.599000
XRPUSDT,1592214409.0,1.4646,3.5,,,False,257.3653291375953,0.9958852421004795,46.65885891007903,-0.26526778067944484,0.223,0.9999998707199228,40.52108327387332,10.911357100268377,2026-03-18 23:31:00.599000
XRPUSDT,1592214410.0,1.4647,3.5,,,False,257.57851740912525,0.9958987426800135,46.67011585413382,-0.32246066466057544,0.002,0.9999998707884908,-4236.328065526879,10.916320389720907,2026-03-18 23:31:00.601000
XRPUSDT,1592214411.0,1.4647,6.9,,,False,257.7534780167432,0.9959088741851937,46.68121333797887,-0.2642539574097602,0.002,0.9999998708227025,5745.119428541451,10.921283682663773,2026-03-18 23:31:00.601000
XRPUSDT,1592214412.0,1.4647,3.5,,,False,257.9284783010557,0.9959189807646601,46.69230745749963,-0.26384298001408113,0.002,0.9999998708570953,40.664341189244276,10.926246979095952,2026-03-18 23:31:00.601000
XRPUSDT,1592214413.0,1.4647,3.8,,,False,258.10351825313705,0.9959290624792292,46.70339821631104,-0.26343252053187016,0.002,0.9999998708916683,40.713261558743554,10.931210279013701,2026-03-18 23:31:00.601000
XRPUSDT,1592214414.0,1.4647,5.2,,,False,258.27859786398136,0.9959391193895721,46.714485618021946,-0.26302257853559585,0.002,0.9999998709264212,40.76222043301371,10.936173582412058,2026-03-18 23:31:00.601000
XRPUSDT,1592214415.0,1.4647,3.5,,,False,258.4537171245892,0.9959491515562134,46.72556966623561,-0.2626131537268314,0.002,0.9999998709613529,40.8112049373989,10.941136889285985,2026-03-18 23:31:00.601000
XRPUSDT,1592214416.0,1.4647,138.4,,,False,258.628876025967,0.9959591590395334,46.73665036454964,-0.2622042458057966,0.002,0.9999998709964624,40.86021509733186,10.946100199631054,2026-03-18 23:31:00.601000
XRPUSDT,1592214417.0,1.4647,68.2,,,False,258.8040745591274,0.9959691418997667,46.74772771655602,-0.2617958544719566,0.002,0.9999998710317485,40.90925088540831,10.951063513442271,2026-03-18 23:31:00.601000
XRPUSDT,1592214418.0,1.4647,3.6,,,False,258.979312715089,0.9959791001970041,46.758801725841124,-0.2613879794235527,0.002,0.9999998710672112,40.95831231798906,10.95602683071537,2026-03-18 23:31:00.601000
XRPUSDT,1592214419.0,1.4647,3.6,,,False,259.1545904848769,0.995989033991192,46.76987239598571,-0.26098062035803615,0.002,0.999999871102849,41.00739936939071,10.960990151445039,2026-03-18 23:31:00.601000
XRPUSDT,1592214420.0,1.4647,150.0,,,False,259.3299078595218,0.9959989433421328,46.780939730564974,-0.2605737769712981,0.002,0.9999998711386611,41.05651209330978,10.96595347562714,2026-03-18 23:31:00.601000
XRPUSDT,1592214421.0,1.4647,1429.1,,,False,259.505264830061,0.9960088283094853,46.792003733148455,-0.26016744895867994,0.002,0.9999998711746471,41.10565044136901,10.97091680325681,2026-03-18 23:31:00.601000
XRPUSDT,1592214422.0,1.4647,2049.5,,,False,259.6806613875375,0.9960186889527654,46.80306440730017,-0.2597616360143221,0.002,0.9999998712108044,41.15481443085769,10.975880134329008,2026-03-18 23:31:00.601000
XRPUSDT,1592214423.0,1.4647,1871.1,,,False,259.85609752300076,0.9960285253313457,46.81412175657853,-0.2593563378313554,0.002,0.9999998712471346,41.20400406076579,10.980843468839652,2026-03-18 23:31:00.601000
XRPUSDT,1592214424.0,1.4647,152.9,,,False,260.0315732275059,0.9960383375044563,46.82517578453642,-0.258951554101805,0.002,0.9999998712836351,41.25321934179974,10.985806806783724,2026-03-18 23:31:00.601000
XRPUSDT,1592214425.0,1.4647,1390.3,,,False,260.20708849211434,0.9960481255311854,46.83622649472113,-0.25854728451670206,0.001,0.9999998713203061,41.3024602701384,10.990770144669346,2026-03-18 23:31:00.602000
XRPUSDT,1592214426.0,1.4647,3.5,,,False,260.38264322549594,0.9960578894704789,46.84727389035225,-0.25814340803125446,0.001,0.999999871357146,41.364092228155535,10.995733485985712,2026-03-18 23:31:00.602000
XRPUSDT,1592214427.0,1.4647,3.6,,,False,260.5582375012508,0.9960676293811419,46.85831797529027,-0.2577401664249165,0.001,0.9999998713941541,41.4009553362634,11.000696830728756,2026-03-18 23:31:00.602000
XRPUSDT,1592214428.0,1.4647,3.5,,,False,260.73387131045854,0.9960773453218374,46.86935875306589,-0.25733743802811543,0.001,0.9999998714313302,41.450273259264655,11.005660178894008,2026-03-18 23:31:00.602000
XRPUSDT,1592214429.0,1.4648,3.8,,,False,260.9479648085359,0.9960902178813648,46.880545292734354,-0.3128187051372074,0.017,0.9999998715027401,-4310.041603721673,11.010623585940877,2026-03-18 23:31:00.619000
XRPUSDT,1592214430.0,1.4648,6.9,,,False,261.1236876411739,0.996099878229845,46.89157913878949,-0.2563781448233291,0.017,0.9999998715402336,5842.497341495265,11.015586996249366,2026-03-18 23:31:00.619000
XRPUSDT,1592214431.0,1.4648,3.5,,,False,261.29944997581,0.9961095148026168,46.9026096889272,-0.25597716270175386,0.017,0.9999998715778902,41.61044917863046,11.020550409854668,2026-03-18 23:31:00.619000
XRPUSDT,1592214432.0,1.4648,3.5,,,False,261.4752518042703,0.9961191276577362,46.913636946657626,-0.2555766934141012,0.017,0.9999998716157091,41.65976524930981,11.025513826752077,2026-03-18 23:31:00.619000
XRPUSDT,1592214433.0,1.4648,15.0,,,False,261.6510931176681,0.9961287168531198,46.92466091548261,-0.2551767355963021,0.017,0.9999998716536902,41.70921561224139,11.030477246936822,2026-03-18 23:31:00.619000
XRPUSDT,1592214434.0,1.4648,5.2,,,False,261.8269739071228,0.9961382824465439,46.9356815988986,-0.25477728893021223,0.017,0.999999871691832,41.75869163351028,11.035440670405272,2026-03-18 23:31:00.619000
XRPUSDT,1592214435.0,1.4648,3.5,,,False,262.0028941637598,0.996147824495648,46.94669900039645,-0.25437835309686774,0.017,0.9999998717301345,41.808193291919146,11.040404097152951,2026-03-18 23:31:00.619000
XRPUSDT,1592214436.0,1.4648,400.0,,,False,262.17885387871013,0.9961573430579311,46.957713123461716,-0.25397992777600936,0.017,0.999999871768596,41.85772063115582,11.045367527175381,2026-03-18 23:31:00.619000
XRPUSDT,1592214437.0,1.4648,3.6,,,False,262.35485304311135,0.9961668381907551,46.96872397157439,-0.25358201264696983,0.017,0.9999998718072163,41.90727359113408,11.050330960467885,2026-03-18 23:31:00.619000
XRPUSDT,1592214438.0,1.4648,3.6,,,False,262.53089164810655,0.9961763099513435,46.97973154820908,-0.2531846073876708,0.017,0.9999998718459941,41.9568522229519,11.055294397026081,2026-03-18 23:31:00.619000
XRPUSDT,1592214439.0,1.4648,136.5,,,False,262.70696968484515,0.9961857583967827,46.99073585683494,-0.25278771167538633,0.017,0.9999998718849296,42.00645649492585,11.060257836845743,2026-03-18 23:31:00.619000
XRPUSDT,1592214440.0,1.4648,3.5,,,False,262.88308714448226,0.9961951835840213,47.001736900915716,-0.252391325186181,0.017,0.9999998719240212,42.056086438623375,11.065221279922774,2026-03-18 23:31:00.619000
XRPUSDT,1592214441.0,1.4648,3.6,,,False,263.059244018179,0.9962045855698716,47.01273468390977,-0.25199544759535,0.017,0.9999998719632679,42.10574203512289,11.070184726252524,2026-03-18 23:31:00.619000
XRPUSDT,1592214442.0,1.4648,3.5,,,False,263.23544029710274,0.9962139644110085,47.02372920927,-0.2516000785775295,0.017,0.9999998720026698,42.15542326046949,11.075148175830801,2026-03-18 23:31:00.619000
XRPUSDT,1592214443.0,1.4649,6.9,,,False,263.45021492628587,0.9962263901465691,47.03486482237007,-0.3058367064390689,0.017,0.9999998720760022,-4364.862554578805,11.080111628661777,2026-03-18 23:31:00.619000
XRPUSDT,1592214444.0,1.4649,11.4,,,False,263.626498633318,0.9962357153100567,47.04585252000624,-0.25065673281771655,0.017,0.9999998721156906,5917.319701110621,11.08507508469423,2026-03-18 23:31:00.619000
XRPUSDT,1592214445.0,1.4649,3.9,,,False,263.8028217164688,0.9962450175165052,47.05683697103301,-0.25026310300509713,0.017,0.9999998721555317,42.31574678550194,11.090038543961954,2026-03-18 23:31:00.619000
XRPUSDT,1592214446.0,1.4649,5.6,,,False,263.9791841676383,0.9962542968220026,47.06781817888299,-0.24986998125589752,0.017,0.9999998721955247,42.36542802781222,11.095002006461499,2026-03-18 23:31:00.619000
XRPUSDT,1592214447.0,1.4649,3.5,,,False,264.1555859780249,0.9962635532825014,47.07879614698081,-0.249477366234919,0.017,0.9999998722356672,42.41524295717197,11.099965472187693,2026-03-18 23:31:00.619000
XRPUSDT,1592214448.0,1.4649,3.5,,,False,264.3320271388323,0.9962727869538198,47.0897708787457,-0.2490852576106497,0.017,0.9999998722759612,42.46508357798441,11.104928941136428,2026-03-18 23:31:00.619000
XRPUSDT,1592214449.0,1.4649,3.8,,,False,264.50850764127074,0.996281997891642,47.10074237759163,-0.2486936550510821,0.017,0.9999998723164035,42.51494984870454,11.10989241330386,2026-03-18 23:31:00.619000
XRPUSDT,1592214450.0,1.4649,5.2,,,False,264.68502747655594,0.9962911861515172,47.111710646927136,-0.24830255822339933,0.017,0.9999998723569943,42.564841764533895,11.114855888685444,2026-03-18 23:31:00.619000
XRPUSDT,1592214451.0,1.4649,3.5,,,False,264.8615866359097,0.996300351788863,47.122675690155546,-0.24791196679344632,0.017,0.9999998723977325,42.6147593689696,11.119819367276369,2026-03-18 23:31:00.619000
XRPUSDT,1592214452.0,1.4649,157.5,,,False,265.03818511055965,0.9963094948589615,47.13363751067474,-0.2475218804266207,0.017,0.9999998724386187,42.664702624429054,11.124782849072933,2026-03-18 23:31:00.619000
XRPUSDT,1592214453.0,1.4649,3.6,,,False,265.21482289173935,0.9963186154169631,47.14459611187745,-0.24713229878721282,0.091,0.99999987247965,42.71467155175755,11.12974658080478,2026-03-18 23:31:00.710000
XRPUSDT,1592214454.0,1.4649,3.6,,,False,265.3915058379387,0.9963277135178845,47.15555151852984,-0.24675138686781983,0.091,0.9999998725208447,41.86718994247109,11.134710315234862,2026-03-18 23:31:00.710000
XRPUSDT,1592214455.0,1.4649,3.5,,,False,265.5682280638951,0.9963367892166107,47.16650371249624,-0.24636277144077484,0.091,0.9999998725621764,42.81933973001614,11.139674052359656,2026-03-18 23:31:00.710000
XRPUSDT,1592214456.0,1.4649,2.1,,,False,265.7449895608698,0.9963458425678945,47.17745269715409,-0.24597465988341083,0.091,0.9999998726036449,42.869380100181324,11.144637792175892,2026-03-18 23:31:00.710000
XRPUSDT,1592214457.0,1.4649,5.8,,,False,265.9217903201307,0.9963548736263563,47.188398475875566,-0.24558705185743246,0.093,0.99999987264525,42.91944600029022,11.149601541307218,2026-03-18 23:31:00.803000
XRPUSDT,1592214458.0,1.4649,3.5,,,False,266.09863049066735,0.996363882446486,47.199341052596644,-0.2452001649389518,0.093,0.9999998726869911,42.94534832666375,11.154565293109586,2026-03-18 23:31:00.803000
XRPUSDT,1592214459.0,1.4649,394.0,,,False,266.27550990579425,0.9963728690826414,47.21028043010625,-0.2448135618254049,0.093,0.999999872728867,43.019780356016575,11.159529047579836,2026-03-18 23:31:00.803000
XRPUSDT,1592214460.0,1.4649,15.9,,,False,266.4524285567969,0.99638183358905,47.22121661176081,-0.24442746122371672,0.089,0.9999998727708777,43.069923104850446,11.16449279152421,2026-03-18 23:31:00.892000
XRPUSDT,1592214461.0,1.4648,4.8,,,True,266.59069431854874,0.9963878394725803,47.23201097104695,-0.19089600916438926,0.1,0.9999998727796082,8913.168527067824,11.169456574324865,2026-03-18 23:31:00.992000
XRPUSDT,1592214462.0,1.4648,68.2,,,True,266.7676833544311,0.9963967671132575,47.24294108340151,-0.24380778239453657,2.478,0.9999998728219063,-5926.7364293454775,11.174428180979772,2026-03-18 23:31:03.470000
XRPUSDT,1592214463.0,1.4649,955.6,,,False,266.98360939535536,0.996408595054831,47.254006690633005,-0.2966161487951332,1.877,0.9999998728982435,-4464.713160139914,11.179397801798492,2026-03-18 23:31:05.347000
XRPUSDT,1592214464.0,1.4649,918.7,,,False,267.16082447822305,0.9964174715814627,47.26493061686211,-0.243078383234526,1.877,0.9999998729409635,6031.386800542639,11.184367409299291,2026-03-18 23:31:05.347000
XRPUSDT,1592214465.0,1.4649,105.4,,,False,267.3380784557327,0.9964263262475322,47.27585136044313,-0.242693696515416,0.001,0.9999998729836496,43.444520220936994,11.189330870044097,2026-03-18 23:31:05.348000
XRPUSDT,1592214466.0,1.4649,1365.5,,,False,267.51522506011065,0.9964351591064878,47.2867684073171,-0.24211031991690585,0.001,0.9999998730258826,66.04618068095856,11.194294334049797,2026-03-18 23:31:05.348000
XRPUSDT,1592214467.0,1.4649,4.7,,,False,267.69241085095587,0.9964439702116495,47.297682281861995,-0.24172778040271292,0.001,0.9999998730682546,43.415611001364915,11.199257801313427,2026-03-18 23:31:05.348000
XRPUSDT,1592214468.0,1.4649,3.6,,,False,267.869635819587,0.9964527596162084,47.30859298739169,-0.24134574044341162,0.001,0.9999998731107653,43.46596595295754,11.204221271829345,2026-03-18 23:31:05.348000
XRPUSDT,1592214469.0,1.4649,3.5,,,False,268.0468999573282,0.9964615273732272,47.31950052721496,-0.24096419968994948,0.001,0.9999998731534151,43.51634661425338,11.209184745594365,2026-03-18 23:31:05.348000
XRPUSDT,1592214470.0,1.4649,3.5,,,False,268.22420325550996,0.9964702735356409,47.3304049046354,-0.24058315779292994,0.001,0.9999998731962014,43.566752936716846,11.214148222603358,2026-03-18 23:31:05.348000
XRPUSDT,1592214471.0,1.4649,1365.5,,,False,268.40154570546775,0.9964789981562575,47.341306122951416,-0.24020261440173968,0.001,0.9999998732391252,43.617184965606526,11.219111702852326,2026-03-18 23:31:05.348000
XRPUSDT,1592214472.0,1.4649,3.6,,,False,268.57892729854353,0.996487701287757,47.35220418545633,-0.23982256916550107,0.001,0.999999873282184,43.66764264810383,11.224075186337117,2026-03-18 23:31:05.348000
XRPUSDT,1592214473.0,1.4649,1365.5,,,False,268.75634802608425,0.9964963829826928,47.363099095438294,-0.23944302173203016,0.001,0.9999998733253785,43.71812604287484,11.229038673053024,2026-03-18 23:31:05.348000
XRPUSDT,1592214474.0,1.4649,12.7,,,False,268.9338078794433,0.9965050432934914,47.37399085618031,-0.23906397174889998,0.001,0.9999998733687078,43.7686350923268,11.234002162995985,2026-03-18 23:31:05.348000
XRPUSDT,1592214475.0,1.4649,136.5,,,False,269.1113068499795,0.9965136822724532,47.38487947096032,-0.23868541886249398,0.001,0.9999998734121703,43.819169844269844,11.238965656162147,2026-03-18 23:31:05.348000
XRPUSDT,1592214476.0,1.4649,5.1,,,False,269.2888449290573,0.9965222999717525,47.3957649430511,-0.23830736271879494,0.001,0.9999998734557674,43.869730257460155,11.243929152546691,2026-03-18 23:31:05.348000
XRPUSDT,1592214477.0,1.4649,3.5,,,False,269.4664221080472,0.9965308964434373,47.40664727572038,-0.23792980296258187,0.001,0.9999998734994953,43.92031638740215,11.248892652145463,2026-03-18 23:31:05.348000
XRPUSDT,1592214478.0,1.4649,3.5,,,False,269.644038378325,0.996539471739431,47.41752647223076,-0.237552739238307,0.001,0.9999998735433558,43.97092818138558,11.253856154954308,2026-03-18 23:31:05.348000
XRPUSDT,1592214479.0,1.4649,3.5,,,False,269.82169373127266,0.9965480259115312,47.428402535839716,-0.2371761711895703,0.001,0.9999998735873472,44.02156565533138,11.25881966096878,2026-03-18 23:31:05.348000
XRPUSDT,1592214480.0,1.4649,3.6,,,False,269.99938815827755,0.9965565590114104,47.43927546979976,-0.23680009845894806,0.001,0.9999998736314686,44.07222884401954,11.26378317018513,2026-03-18 23:31:05.348000
XRPUSDT,1592214481.0,1.4649,3.5,,,False,270.17712165073283,0.9965650710906171,47.450145277358196,-0.23642452068867365,0.001,0.9999998736757202,44.122917697737876,11.268746682598534,2026-03-18 23:31:05.348000
XRPUSDT,1592214482.0,1.465,9.7,,,False,270.3937663846937,0.9965763482811816,47.46114410390914,-0.2873815728711191,0.008,0.9999998737530671,-4518.59458178565,11.273710220501188,2026-03-18 23:31:05.356000
XRPUSDT,1592214483.0,1.465,145.0,,,False,270.57158708459286,0.9965848116095709,47.47200737394294,-0.23552980561156828,0.008,0.9999998737975557,6126.64012008834,11.278673761530388,2026-03-18 23:31:05.356000
XRPUSDT,1592214484.0,1.465,6.9,,,False,270.74944682110043,0.99659325408798,47.482867527919794,-0.23515591482356057,0.008,0.999999873842172,44.28685154856737,11.28363730569921,2026-03-18 23:31:05.356000
XRPUSDT,1592214485.0,1.465,12.4,,,False,270.92734558595413,0.9966016757674208,47.49372456906666,-0.23478251778566545,0.008,0.999999873886915,44.33759804372228,11.28860085300347,2026-03-18 23:31:05.356000
XRPUSDT,1592214486.0,1.465,67.1,,,False,271.10528337057764,0.9966100766987825,47.50457850060446,-0.234409613714014,0.008,0.999999873931783,44.38842023489751,11.293564403439143,2026-03-18 23:31:05.356000
XRPUSDT,1592214487.0,1.465,3.5,,,False,271.2832601664005,0.9966184569328316,47.51542932574901,-0.23403720224617025,0.008,0.9999998739767761,44.43926812363325,11.298527957001756,2026-03-18 23:31:05.356000
XRPUSDT,1592214488.0,1.465,3.8,,,False,271.4612759648578,0.9966268165202118,47.5262770477112,-0.2336652830190008,0.008,0.9999998740218939,44.490141708400415,11.303491513687694,2026-03-18 23:31:05.356000
XRPUSDT,1592214489.0,1.465,3.6,,,False,271.63933075739044,0.9966351555114449,47.53712166969682,-0.2332938556686945,0.008,0.9999998740671355,44.54104098734738,11.308455073492834,2026-03-18 23:31:05.356000
XRPUSDT,1592214490.0,1.465,3.6,,,False,271.8174245354449,0.9966434739569302,47.54796319490677,-0.23292291983081054,0.008,0.9999998741124989,44.591965955474954,11.313418636412997,2026-03-18 23:31:05.356000
XRPUSDT,1592214491.0,1.465,103.0,,,False,271.9955572904731,0.9966517719069463,47.55880162653692,-0.2325524751400903,0.008,0.9999998741579854,44.64291662410015,11.318382202443633,2026-03-18 23:31:05.356000
XRPUSDT,1592214492.0,1.465,5.2,,,False,272.17372901393287,0.9966600494116498,47.56963696777814,-0.2321825212306504,0.008,0.9999998742035933,44.693892989981975,11.323345771580938,2026-03-18 23:31:05.356000
XRPUSDT,1592214493.0,1.465,4.6,,,False,272.3519396972875,0.9966683065210761,47.58046922181634,-0.23181305773587393,0.008,0.9999998742493228,44.74489505965493,11.328309343821777,2026-03-18 23:31:05.356000
XRPUSDT,1592214494.0,1.465,3.5,,,False,272.53018933200593,0.9966765432851405,47.591298391832524,-0.23144408428861823,0.008,0.9999998742951725,44.79592281235262,11.333272919160637,2026-03-18 23:31:05.356000
XRPUSDT,1592214495.0,1.465,62.4,,,False,272.70847790956293,0.9966847597536372,47.60212448100268,-0.23107560052088477,0.008,0.999999874341141,44.84697627476472,11.338236497594252,2026-03-18 23:31:05.356000
XRPUSDT,1592214496.0,1.465,3.5,,,False,272.8868054214385,0.9966929559762407,47.612947492497895,-0.23070760606407026,0.008,0.9999998743872294,44.89805543556777,11.343200079118475,2026-03-18 23:31:05.356000
XRPUSDT,1592214497.0,1.465,3.6,,,False,273.06517185911844,0.996701132002505,47.6237674294843,-0.23034010054884568,0.008,0.9999998744334357,44.94916030688207,11.348163663729297,2026-03-18 23:31:05.356000
XRPUSDT,1592214498.0,1.465,3.5,,,False,273.24357721409416,0.9967092878818644,47.634584295123084,-0.22997308360545876,0.008,0.9999998744797599,45.0002908592126,11.353127251422514,2026-03-18 23:31:05.356000
XRPUSDT,1592214499.0,1.4651,6.9,,,False,273.4610366083694,0.9967200929848938,47.645525174190844,-0.27953282934667834,0.105,0.9999998745587951,-4586.698119053059,11.358091142737049,2026-03-18 23:31:05.461000
XRPUSDT,1592214500.0,1.4651,133.1,,,False,273.6395355288704,0.9967282021403931,47.65633564483943,-0.22910760573044203,0.105,0.9999998746053532,6218.307642577822,11.363055036298292,2026-03-18 23:31:05.461000
XRPUSDT,1592214501.0,1.4651,11.7,,,False,273.81807332366697,0.9967362913126795,47.667143054051024,-0.22874220350872249,0.105,0.9999998746520188,45.17176897524586,11.368018932320563,2026-03-18 23:31:05.461000
XRPUSDT,1592214502.0,1.4651,3.5,,,False,273.996649988398,0.9967443605506728,47.67794740498006,-0.2283772936107801,0.105,0.9999998746987917,45.2223491540666,11.372982830800748,2026-03-18 23:31:05.461000
XRPUSDT,1592214503.0,1.4651,3.8,,,False,274.175265514598,0.9967524099031749,47.68874870076269,-0.22801287039640578,0.105,0.9999998747456709,45.2736060794414,11.37794673173626,2026-03-18 23:31:05.461000
XRPUSDT,1592214504.0,1.4651,40.9,,,False,274.35391989380673,0.9967604394188697,47.699546944530134,-0.2276489334911573,0.105,0.999999874792657,45.32488870839753,11.382910635123928,2026-03-18 23:31:05.461000
XRPUSDT,1592214505.0,1.4651,5.2,,,False,274.5326131175698,0.9967684491463236,47.71034213940881,-0.227285482519918,0.105,0.9999998748397484,45.37619704707693,11.387874540960366,2026-03-18 23:31:05.461000
XRPUSDT,1592214506.0,1.4651,3.6,,,False,274.71134517743826,0.9967764391339856,47.72113428852022,-0.22692251710714817,0.105,0.9999998748869448,45.427531070397826,11.392838449243218,2026-03-18 23:31:05.461000
XRPUSDT,1592214507.0,1.4651,3.6,,,False,274.8901160649687,0.9967844094301876,47.73192339498105,-0.2265600368763781,0.105,0.9999998749342451,45.47889081935164,11.397802359969152,2026-03-18 23:31:05.461000
XRPUSDT,1592214508.0,1.4651,4.5,,,False,275.0689257717231,0.9967923600831449,47.742709461903104,-0.22619804145082087,0.105,0.9999998749816496,45.53027625591223,11.402766273135455,2026-03-18 23:31:05.461000
XRPUSDT,1592214509.0,1.4651,3.5,,,False,275.2477742892693,0.9968002911409559,47.753492492393356,-0.22583653045287447,0.105,0.9999998750291578,45.58168740652856,11.407730188739302,2026-03-18 23:31:05.461000
XRPUSDT,1592214510.0,1.4651,203.9,,,False,275.4266616091801,0.9968082026516036,47.76427248955397,-0.22547550350436854,0.105,0.9999998750767681,45.63312426433589,11.41269410677712,2026-03-18 23:31:05.461000
XRPUSDT,1592214511.0,1.4651,404.9,,,False,275.60558772303443,0.9968160946629536,47.77504945648224,-0.2251149602266618,0.105,0.999999875124481,45.68458682049207,11.417658027246567,2026-03-18 23:31:05.461000
XRPUSDT,1592214512.0,1.4651,202.5,,,False,275.7845526224162,0.9968239672227573,47.7858233962707,-0.224754900240214,0.105,0.9999998751722949,45.73607510450681,11.422621950144512,2026-03-18 23:31:05.461000
XRPUSDT,1592214513.0,1.4651,202.5,,,False,275.9635562989152,0.9968318203786503,47.79659431200703,-0.22439532316525423,0.105,0.9999998752202106,45.78758907413413,11.427585875468365,2026-03-18 23:31:05.461000
XRPUSDT,1592214514.0,1.4651,202.5,,,False,276.1425987441264,0.996839654178152,47.80736220677414,-0.22403622862118455,0.105,0.9999998752682263,45.83912876366373,11.432549803214705,2026-03-18 23:31:05.461000
XRPUSDT,1592214515.0,1.4651,3.5,,,False,276.3216799496505,0.9968474686686687,47.818127083650126,-0.22367761622683172,0.105,0.9999998753163423,45.89069416457602,11.43751373338081,2026-03-18 23:31:05.461000
XRPUSDT,1592214516.0,1.4651,3.6,,,False,276.5007999070935,0.9968552638974907,47.828888945708336,-0.22331948560048295,0.105,0.9999998753645568,45.9422852781829,11.442477665963851,2026-03-18 23:31:05.461000
XRPUSDT,1592214517.0,1.4651,3.5,,,False,276.67995860806695,0.9968630399117948,47.839647796017275,-0.22296183635979058,0.105,0.9999998754128708,45.9939021077279,11.44744160096079,2026-03-18 23:31:05.461000
XRPUSDT,1592214518.0,1.4652,25.7,,,False,276.8983305691279,0.9968733415905502,47.850525298767934,-0.2710021479358992,5.669,0.9999998754934567,-4663.3478597884305,11.452422252361167,2026-03-18 23:31:11.130000
XRPUSDT,1592214519.0,1.4652,6.9,,,False,277.07797846954986,0.9968810730438554,47.86127911009776,-0.22260769674430175,5.669,0.9999998755431326,6259.42488184126,11.457402860744441,2026-03-18 23:31:11.130000
XRPUSDT,1592214520.0,1.4652,3.5,,,False,277.2576642221153,0.9968887854388546,47.872029910617904,-0.2222488084957382,5.669,0.999999875592473,46.53395587247668,11.462383437451122,2026-03-18 23:31:11.130000
XRPUSDT,1592214521.0,1.4652,3.8,,,False,277.43738803360463,0.9968964788222323,47.88277770408208,-0.22189067491484138,5.669,0.9999998756414805,46.55085588678549,11.467363982535458,2026-03-18 23:31:11.130000
XRPUSDT,1592214522.0,1.4652,3.6,,,False,277.61714989646464,0.9969041532405605,47.893522493573705,-0.2215330304347149,5.669,0.9999998756901562,46.602161210580576,11.472344496052086,2026-03-18 23:31:11.130000
XRPUSDT,1592214523.0,1.4652,3.6,,,False,277.7969498031451,0.9969118087402982,47.904264282171305,-0.2211758746374127,5.669,0.9999998757385018,46.65349220035615,11.477324978056258,2026-03-18 23:31:11.130000
XRPUSDT,1592214524.0,1.4652,3.8,,,False,277.976787746101,0.9969194453677922,47.91500307294851,-0.22081920710643668,5.669,0.9999998757865178,46.704848606881356,11.482305428602286,2026-03-18 23:31:11.130000
XRPUSDT,1592214525.0,1.4652,3.6,,,False,278.15666371779196,0.9969270631692772,47.925738868974044,-0.22046302742452384,5.669,0.999999875834207,46.75623047103007,11.487285847744285,2026-03-18 23:31:11.130000
XRPUSDT,1592214526.0,1.4652,244.5,,,False,278.33657771068255,0.9969346621908761,47.93647167331181,-0.22010733517442702,5.669,0.9999998758815687,46.80763772865863,11.492266235537357,2026-03-18 23:31:11.130000
XRPUSDT,1592214527.0,1.4652,375.8,,,False,278.51652971724224,0.9969422424785999,47.94720148902081,-0.21975212993799736,5.669,0.9999998759286063,46.859070443616716,11.497246592035147,2026-03-18 23:31:11.130000
XRPUSDT,1592214528.0,1.4652,620.3,,,False,278.6965197299453,0.9969498040783488,47.95792831915519,-0.21939741129689977,5.669,0.9999998759753199,46.91052857550332,11.502226917292521,2026-03-18 23:31:11.130000
XRPUSDT,1592214529.0,1.4652,620.3,,,False,278.876547741271,0.9969573470359112,47.96865216676425,-0.21904317883209118,5.669,0.9999998760217115,46.96201216512683,11.507207211363145,2026-03-18 23:31:11.130000
XRPUSDT,1592214530.0,1.4652,257.9,,,False,279.0566137437033,0.9969648713969654,47.979373034892454,-0.21868943212438915,5.669,0.9999998760677824,47.013521168482946,11.512187474301973,2026-03-18 23:31:11.130000
XRPUSDT,1592214531.0,1.4652,213.9,,,False,279.2367177297308,0.9969723772070793,47.990090926579434,-0.218336170753755,5.669,0.9999998761135341,47.06505564012633,11.5171677061621,2026-03-18 23:31:11.130000
XRPUSDT,1592214532.0,1.4652,156.0,,,False,279.41685969184755,0.9969798645117101,48.00080584486003,-0.21798339430009755,0.001,0.9999998761589667,47.116615532001255,11.522131272196802,2026-03-18 23:31:11.131000
XRPUSDT,1592214533.0,1.4652,396.1,,,False,279.5966370348751,0.9969873333562047,48.01151658852527,-0.21714654689871776,0.001,0.9999998762029155,112.04509639731852,11.52709484130778,2026-03-18 23:31:11.131000
XRPUSDT,1592214534.0,1.4652,620.3,,,False,279.7764529905171,0.9969947837858009,48.02222437272997,-0.21679729322484198,0.001,0.9999998762469813,46.876984658167835,11.532058413491828,2026-03-18 23:31:11.131000
XRPUSDT,1592214535.0,1.4652,3812.0,,,False,279.9563075504688,0.9970022158456268,48.03292920045582,-0.21644851352821393,0.001,0.9999998762911622,46.92907549166703,11.537021988745034,2026-03-18 23:31:11.131000
XRPUSDT,1592214536.0,1.4652,29.8,,,False,280.13620070643,0.9970096295807008,48.04363107467983,-0.2161002074162141,0.001,0.9999998763354592,46.981192141339875,11.541985567063035,2026-03-18 23:31:11.131000
XRPUSDT,1592214537.0,1.4652,1696.9,,,False,280.3161324501062,0.9970170250359333,48.05432999837443,-0.21575237449637175,0.001,0.9999998763798709,47.033334515655326,11.54694914844198,2026-03-18 23:31:11.131000
XRPUSDT,1592214538.0,1.4652,3.5,,,False,280.49610277320807,0.9970244022561249,48.06502597450741,-0.21540501437565948,0.001,0.9999998764243975,47.085502626984734,11.551912732878188,2026-03-18 23:31:11.131000
XRPUSDT,1592214539.0,1.4652,3.5,,,False,280.6761116674519,0.9970317612859685,48.07571900604202,-0.21505812666049792,0.001,0.9999998764690367,47.13769648083001,11.55687632036725,2026-03-18 23:31:11.131000
XRPUSDT,1592214540.0,1.4652,3.6,,,False,280.85615912455887,0.9970391021700484,48.08640909593685,-0.21471171095679006,0.001,0.9999998765137893,47.18991608304514,11.56183991090599,2026-03-18 23:31:11.131000
XRPUSDT,1592214541.0,1.4652,3.5,,,False,281.03624513625584,0.9970464249528412,48.097096247145984,-0.21436576687014214,0.001,0.999999876558654,47.242161407237944,11.566803504489728,2026-03-18 23:31:11.131000
XRPUSDT,1592214542.0,1.4653,6.9,,,False,281.2557452349586,0.9970561260278724,48.107895611495884,-0.2605479679551804,0.024,0.9999998766352877,-4760.52405909876,11.57176716754636,2026-03-18 23:31:11.155000
XRPUSDT,1592214543.0,1.4653,4.0,,,False,281.43591839824603,0.9970634068318968,48.118576639791634,-0.2135438473581955,0.024,0.99999987668036,6455.896964100789,11.576730833458226,2026-03-18 23:31:11.155000
XRPUSDT,1592214544.0,1.4653,3.5,,,False,281.6161300860248,0.9970706696819036,48.12925473877112,-0.2131995001553993,0.024,0.9999998767255407,47.41213194151322,11.581694502268322,2026-03-18 23:31:11.155000
XRPUSDT,1592214545.0,1.4653,3.8,,,False,281.79638029094133,0.9970779146219053,48.13992991137164,-0.21285562387276324,0.024,0.99999987677083,47.46433822158944,11.586658173973195,2026-03-18 23:31:11.155000
XRPUSDT,1592214546.0,1.4653,5.2,,,False,281.97666900475343,0.9970851416958071,48.15060216052343,-0.2125122170554208,0.024,0.9999998768162272,47.51671589496663,11.591621848568682,2026-03-18 23:31:11.155000
XRPUSDT,1592214547.0,1.4653,150.0,,,False,282.1569962192242,0.9970923509474082,48.16127148915215,-0.21216927930584098,0.024,0.9999998768617314,47.56911931409802,11.596585526051426,2026-03-18 23:31:11.155000
XRPUSDT,1592214548.0,1.4653,3.6,,,False,282.33736192612196,0.9970995424204022,48.171937900178904,-0.21182681022599947,0.024,0.9999998769073419,47.62154848213753,11.601549206417866,2026-03-18 23:31:11.155000
XRPUSDT,1592214549.0,1.4653,3.6,,,False,282.51776611722033,0.9971067161583758,48.18260139652032,-0.21148480941759773,0.024,0.9999998769530591,47.67400338053521,11.60651288966415,2026-03-18 23:31:11.155000
XRPUSDT,1592214550.0,1.4653,3.5,,,False,282.6982087842984,0.997113872204811,48.193261981088504,-0.2111432764816426,0.024,0.9999998769988806,47.72648403667235,11.61147657578673,2026-03-18 23:31:11.155000
XRPUSDT,1592214551.0,1.4653,3.5,,,False,282.87868991914024,0.9971210106030838,48.20391965679102,-0.210802211018736,0.024,0.9999998770448074,47.778990450165324,11.616440264782284,2026-03-18 23:31:11.155000
XRPUSDT,1592214552.0,1.4653,3.5,,,False,283.0592095135353,0.9971281313964656,48.21457442653096,-0.21046161262920682,0.024,0.999999877090839,47.83152259384421,11.621403956646668,2026-03-18 23:31:11.155000
XRPUSDT,1592214553.0,1.4653,3.6,,,False,283.23976755927833,0.9971352346281229,48.225226293206944,-0.21012148091269572,0.024,0.9999998771369738,47.884080503122796,11.626367651376631,2026-03-18 23:31:11.155000
XRPUSDT,1592214554.0,1.4653,3.5,,,False,283.42036404816946,0.9971423203411173,48.23587525971309,-0.20978181546866015,0.024,0.9999998771832117,47.93666414466863,11.631331348967953,2026-03-18 23:31:11.155000
XRPUSDT,1592214555.0,1.4654,3.5,,,False,283.64048180362505,0.9971517071991164,48.246633055883784,-0.25497036136690904,0.024,0.9999998772609282,-4814.022530489218,11.636295049427156,2026-03-18 23:31:11.155000
XRPUSDT,1592214556.0,1.4654,3.0,,,False,283.8211635864625,0.9971587522849347,48.25727597913943,-0.20897314305879036,0.024,0.9999998773073503,6528.979134472351,11.6412587526957,2026-03-18 23:31:11.155000
XRPUSDT,1592214557.0,1.4654,2.2,,,False,284.0018837851999,0.9971657799946738,48.26791601143059,-0.20863506566522483,0.041,0.9999998773538731,48.10633991927874,11.646222506681493,2026-03-18 23:31:11.196000
XRPUSDT,1592214558.0,1.4654,6.9,,,False,284.1826435574673,0.9971727903709459,48.27855315890565,-0.20829879143668684,0.041,0.9999998774005007,47.96807125446791,11.651186263417138,2026-03-18 23:31:11.196000
XRPUSDT,1592214559.0,1.4654,3.8,,,False,284.3634417282753,0.9971797834562591,48.289187421143026,-0.20796163650013513,0.041,0.9999998774472274,48.212615955372335,11.656150022899194,2026-03-18 23:31:11.196000
XRPUSDT,1592214560.0,1.4654,3.5,,,False,284.5442782894588,0.9971867592930193,48.299818801009,-0.2076249452399271,0.041,0.9999998774940528,48.265358233805586,11.661113785123604,2026-03-18 23:31:11.196000
XRPUSDT,1592214561.0,1.4654,3.8,,,False,284.72515323285796,0.997193717923529,48.3104473013655,-0.2072887172522178,0.041,0.9999998775409763,48.318126280817225,11.666077550087559,2026-03-18 23:31:11.196000
XRPUSDT,1592214562.0,1.4654,5.2,,,False,284.90606655031814,0.997200659389988,48.321072925069984,-0.2069529521329838,0.041,0.9999998775879964,48.370920066178094,11.671041317786878,2026-03-18 23:31:11.196000
XRPUSDT,1592214563.0,1.4654,3.6,,,False,285.0870182336901,0.997207583734495,48.33169567497548,-0.20661764947760117,0.041,0.9999998776351146,48.42373961084139,11.676005088219554,2026-03-18 23:31:11.196000
XRPUSDT,1592214564.0,1.4654,3.6,,,False,285.2680082748296,0.9972144909990454,48.34231555393064,-0.20628280888103612,0.041,0.9999998776823286,48.47658492379899,11.68096886138089,2026-03-18 23:31:11.196000
XRPUSDT,1592214565.0,1.4654,3.5,,,False,285.4490366655975,0.9972213812255327,48.3529325647797,-0.20594842993789209,0.041,0.9999998777296388,48.52945599932757,11.685932637268579,2026-03-18 23:31:11.196000
XRPUSDT,1592214566.0,1.4654,3.5,,,False,285.6301033978601,0.9972282544557498,48.363546710362534,-0.20561451224252397,0.041,0.9999998777770439,48.582352812515545,11.690896415878424,2026-03-18 23:31:11.196000
XRPUSDT,1592214567.0,1.4654,3.5,,,False,285.81120846348887,0.9972351107313874,48.374157993514594,-0.20528105538864616,0.041,0.9999998778245442,48.63527540384879,11.695860197207367,2026-03-18 23:31:11.196000
XRPUSDT,1592214568.0,1.4654,3.5,,,False,285.99235185436027,0.9972419500940355,48.38476641706695,-0.20494805896966842,0.041,0.9999998778721387,48.68822375861978,11.700823981252002,2026-03-18 23:31:11.196000
XRPUSDT,1592214569.0,1.4654,3.6,,,False,286.17353356235606,0.9972487725851831,48.395371983846346,-0.204615522578614,0.041,0.9999998779198268,48.74119787933188,11.705787768008872,2026-03-18 23:31:11.196000
XRPUSDT,1592214570.0,1.4654,3.5,,,False,286.3547535793631,0.9972555782462185,48.40597469667511,-0.2042834458082669,0.041,0.9999998779676087,48.79419774511192,11.710751557474701,2026-03-18 23:31:11.196000
XRPUSDT,1592214571.0,1.4655,6.9,,,False,286.57562692098196,0.997264593956393,48.41668223146617,-0.24828167343513188,0.046,0.9999998780465117,-4880.173250373127,11.715715363425929,2026-03-18 23:31:11.242000
XRPUSDT,1592214572.0,1.4655,3.5,,,False,286.75693227084,0.9972713605874767,48.42727900308659,-0.20349344616257753,0.046,0.9999998780944584,6618.984649628384,11.720679171965932,2026-03-18 23:31:11.242000
XRPUSDT,1592214573.0,1.4655,3.8,,,False,286.9382759014189,0.9972781105254896,48.437872929720456,-0.2031629311653398,0.046,0.9999998781424964,48.96563444027195,11.72564298317715,2026-03-18 23:31:11.242000
XRPUSDT,1592214574.0,1.4655,3.6,,,False,287.1196578062833,0.9972848438113878,48.44846401417612,-0.20283287580839207,0.046,0.9999998781906249,49.018467645518406,11.730606797055934,2026-03-18 23:31:11.242000
XRPUSDT,1592214575.0,1.4655,3.6,,,False,287.30107797734786,0.9972915604860269,48.45905225925313,-0.2025032778276016,0.046,0.9999998782388441,49.07160142539087,11.735570613599211,2026-03-18 23:31:11.242000
XRPUSDT,1592214576.0,1.4655,3.8,,,False,287.48253640653195,0.9972982605901637,48.469637667746724,-0.2021741368133815,0.046,0.9999998782871528,49.124760973567895,11.740534432803303,2026-03-18 23:31:11.242000
XRPUSDT,1592214577.0,1.4655,3.5,,,False,287.66403308576054,0.9973049441644568,48.48022024244782,-0.20184545235572898,0.046,0.9999998783355505,49.177946296018284,11.745498254665343,2026-03-18 23:31:11.242000
XRPUSDT,1592214578.0,1.4655,3.5,,,False,287.8455680069633,0.9973116112494655,48.49079998614306,-0.2015172240444488,0.046,0.9999998783840374,49.23115737237471,11.750462079182677,2026-03-18 23:31:11.242000
XRPUSDT,1592214579.0,1.4655,3.5,,,False,288.02714116207545,0.9973182618856514,48.50137690161474,-0.20118945146873957,0.046,0.9999998784326123,49.28439423662874,11.755425906350691,2026-03-18 23:31:11.242000
XRPUSDT,1592214580.0,1.4655,3.6,,,False,288.20875254303695,0.9973248961133765,48.51195099164091,-0.2008621342175843,0.046,0.9999998784812751,49.33765687881651,11.760389736166944,2026-03-18 23:31:11.242000
XRPUSDT,1592214581.0,1.4655,3.5,,,False,288.390402141793,0.9973315139729064,48.52252225899529,-0.20053527187971545,0.046,0.9999998785300256,49.39094527322589,11.765353568628157,2026-03-18 23:31:11.242000
XRPUSDT,1592214582.0,1.4656,3.8,,,False,288.61179479699166,0.9973402807548227,48.5331956474964,-0.24372086650612537,0.046,0.9999998786096469,-4926.048695941802,11.770317403748198,2026-03-18 23:31:11.242000
XRPUSDT,1592214583.0,1.4656,6.9,,,False,288.7935291903516,0.9973468606559964,48.54376104115712,-0.1997574624535839,0.046,0.999999878658549,6681.46874732389,11.775281241422842,2026-03-18 23:31:11.242000
XRPUSDT,1592214584.0,1.4656,3.5,,,False,288.97530177397135,0.9973534243222948,48.55432362095826,-0.1994321473868099,0.046,0.9999998787075367,49.56301127847421,11.780245081732847,2026-03-18 23:31:11.242000
XRPUSDT,1592214585.0,1.4656,3.5,,,False,289.1571125414509,0.9973599717935613,48.56488338965975,-0.19910728716741477,0.046,0.9999998787566101,49.6161351723034,11.7852089246751,2026-03-18 23:31:11.242000
XRPUSDT,1592214586.0,1.4656,3.5,,,False,289.3389614847623,0.997366503109543,48.57544035001294,-0.19878287958989976,0.046,0.9999998788057675,49.669557930302474,11.790172770246002,2026-03-18 23:31:11.242000
XRPUSDT,1592214587.0,1.4656,3.6,,,False,289.5208485958821,0.9973730183098902,48.58599450476496,-0.19845892424087408,0.046,0.9999998788550095,49.72300647112698,11.795136618443022,2026-03-18 23:31:11.242000
XRPUSDT,1592214588.0,1.4656,3.6,,,False,289.7027738667925,0.9973795174341569,48.59654585665867,-0.1981354207066949,0.046,0.9999998789043357,49.776480785178535,11.800100469262235,2026-03-18 23:31:11.242000
XRPUSDT,1592214589.0,1.4656,641.8,,,False,289.8847372894802,0.997386000521801,48.60709440843277,-0.19781236857316792,0.046,0.9999998789537453,49.82998090692648,11.80506432270069,2026-03-18 23:31:11.242000
XRPUSDT,1592214590.0,1.4655,31.6,,,True,290.0269695107982,0.9973903448696381,48.61753710701108,-0.15450906989240326,2.333,0.999999878972624,9967.732857782521,11.810034274145448,2026-03-18 23:31:13.575000
XRPUSDT,1592214591.0,1.4655,3.6,,,True,290.20915025888434,0.9973968012400652,48.62808068563484,-0.197452941611291,2.2,0.9999998790226615,-6651.395269720448,11.815003865742739,2026-03-18 23:31:15.775000
XRPUSDT,1592214592.0,1.4655,3.6,,,True,290.39136029269986,0.9974032416788123,48.638621447096455,-0.1971209270610575,2.2,0.9999998790726115,51.55154225843666,11.81997344816287,2026-03-18 23:31:15.775000
XRPUSDT,1592214593.0,1.4655,3.7,,,True,290.5736082178048,0.997409666224987,48.64915941645966,-0.19679868540205248,2.2,0.9999998791225078,50.15788668132018,11.82494302142412,2026-03-18 23:31:15.775000
XRPUSDT,1592214594.0,1.4655,3.7,,,True,290.75589402652577,0.9974160749176005,48.659694596455026,-0.1964768963991996,2.2,0.9999998791723512,50.211333614356334,11.829912585543406,2026-03-18 23:31:15.775000
XRPUSDT,1592214595.0,1.4655,3.7,,,True,290.93821771117354,0.9974224677955719,48.670226989808796,-0.19615555960418224,2.2,0.9999998792221415,50.264809755251285,11.834882140537493,2026-03-18 23:31:15.775000
XRPUSDT,1592214596.0,1.4655,3.7,,,True,291.12057926406334,0.9974288448977232,48.680756599242976,-0.19583467459095463,2.2,0.9999998792718797,50.31831161116632,11.83985168642331,2026-03-18 23:31:15.775000
XRPUSDT,1592214597.0,1.4655,3.5,,,True,291.30297867751557,0.9974352062627839,48.69128342747537,-0.195514240933143,2.2,0.9999998793215652,50.3718391812662,11.844821223218185,2026-03-18 23:31:15.775000
XRPUSDT,1592214598.0,1.4655,642.1,,,True,291.485415943855,0.9974415519293881,48.701807477219596,-0.19519425820423852,2.2,0.9999998793711988,50.42539245502404,11.849790750938034,2026-03-18 23:31:15.775000
XRPUSDT,1592214599.0,1.4655,5.8,,,True,291.66789105541153,0.9974478819360769,48.712328751185005,-0.1948747259774032,2.2,0.9999998794207806,50.47897143614696,11.85476026960043,2026-03-18 23:31:15.775000
XRPUSDT,1592214600.0,1.4655,6.1,,,True,291.85040400451965,0.9974541963212975,48.72284725207681,-0.19455564382553264,2.2,0.9999998794703121,50.532576129559075,11.859729779222127,2026-03-18 23:31:15.775000
XRPUSDT,1592214601.0,1.4655,3.5,,,True,292.03295478351873,0.9974604951234037,48.733362982596006,-0.19423701132118804,2.2,0.9999998795197915,50.58620654702449,11.864699279819702,2026-03-18 23:31:15.775000
XRPUSDT,1592214602.0,1.4655,3.5,,,True,292.21554338475295,0.9974667783806561,48.74387594543942,-0.19391882803695815,2.2,0.9999998795692203,50.63986264596619,11.869668771410211,2026-03-18 23:31:15.775000
XRPUSDT,1592214603.0,1.4655,251.3,,,True,292.39816980057105,0.9974730461312222,48.7543861432997,-0.19360109354474347,2.2,0.9999998796185982,50.69354449625012,11.874638254009414,2026-03-18 23:31:15.775000
XRPUSDT,1592214604.0,1.4655,430.9,,,True,292.58083402332664,0.9974792984131768,48.76489357886532,-0.19328380741653584,0.002,0.9999998796679266,50.74725204509672,11.879601998423967,2026-03-18 23:31:15.777000
XRPUSDT,1592214605.0,1.4655,3.5,,,True,292.76339521809336,0.9974855352645026,48.77539790302912,-0.1928187512652291,0.002,0.99999987971679,74.56585495128522,11.884565745670441,2026-03-18 23:31:15.777000
XRPUSDT,1592214606.0,1.4655,3.6,,,True,292.9459944358082,0.9974917567230895,48.785899472576126,-0.19250315124228268,0.002,0.9999998797657365,50.7276579172555,11.889529495746025,2026-03-18 23:31:15.777000
XRPUSDT,1592214607.0,1.4655,3.7,,,True,293.1286316685411,0.9974979628267355,48.7963982901709,-0.19218799524943075,0.002,0.9999998798147677,50.78161932657925,11.894493248646421,2026-03-18 23:31:15.777000
XRPUSDT,1592214608.0,1.4655,3.5,,,True,293.31130690836744,0.9975041536131465,48.80689435847399,-0.19187328286697736,0.002,0.9999998798638807,50.8356065873271,11.899457004368726,2026-03-18 23:31:15.777000
XRPUSDT,1592214609.0,1.4655,3.5,,,True,293.4940201473666,0.9975103291199369,48.81738768014182,-0.19155901367526368,0.002,0.9999998799130768,50.88961965081202,11.904420762909114,2026-03-18 23:31:15.777000
XRPUSDT,1592214610.0,1.4655,3.6,,,True,293.6767713776236,0.9975164893846299,48.82787825782676,-0.19124518725443707,0.002,0.9999998799623545,50.943658505789436,11.90938452426451,2026-03-18 23:31:15.777000
XRPUSDT,1592214611.0,1.4655,3.7,,,True,293.85956059122833,0.9975226344446574,48.8383660941771,-0.19093180318431535,0.002,0.9999998800117136,50.99772316616665,11.914348288430544,2026-03-18 23:31:15.777000
XRPUSDT,1592214612.0,1.4655,3.7,,,True,294.04238778027513,0.9975287643373599,48.84885119183704,-0.19061886104440173,0.002,0.9999998800611539,51.05181364491481,11.919312055404419,2026-03-18 23:31:15.777000
XRPUSDT,1592214613.0,1.4655,3.7,,,True,294.2252529368641,0.9975348790999878,48.85933355344679,-0.19030636041415677,0.002,0.9999998801106744,51.10592990458188,11.924275825182763,2026-03-18 23:31:15.777000
XRPUSDT,1592214614.0,1.4655,3.5,,,True,294.4081560530995,0.9975409787697005,48.86981318164244,-0.18999430087256486,0.002,0.9999998801602753,51.160071986264974,11.929239597761534,2026-03-18 23:31:15.777000
XRPUSDT,1592214615.0,1.4655,3.6,,,True,294.591097121091,0.9975470633835668,48.88029007905613,-0.18968268199856397,0.002,0.9999998802099554,51.21423985938915,11.934203373137233,2026-03-18 23:31:15.777000
XRPUSDT,1592214616.0,1.4654,3.5,,,True,294.73408725882655,0.9975511405835115,48.8906669926995,-0.1481515955006824,0.059,0.9999998802296379,10186.178519953039,11.939167296962687,2026-03-18 23:31:15.836000
XRPUSDT,1592214617.0,1.4654,3.7,,,True,294.91709947264087,0.9975572001145114,48.90113866485339,-0.18918374270735264,0.059,0.9999998802795074,-6771.505452630027,11.94413122337993,2026-03-18 23:31:15.836000
XRPUSDT,1592214618.0,1.4654,6.9,,,True,295.1001496124078,0.997563244688253,48.91160761355997,-0.18887324586053547,0.059,0.9999998803294518,51.36786481460105,11.949095152284412,2026-03-18 23:31:15.836000
XRPUSDT,1592214619.0,1.4654,3.6,,,True,295.28323766825116,0.9975692743414748,48.922073841431676,-0.18856318620249307,0.059,0.9999998803794703,51.42246935859031,11.954059083673721,2026-03-18 23:31:15.836000
XRPUSDT,1592214620.0,1.4654,3.6,,,True,295.4663636323118,0.997575289110827,48.932537351081784,-0.1882535653868516,0.059,0.999999880429563,51.476756216063805,11.959023017543888,2026-03-18 23:31:15.836000
XRPUSDT,1592214621.0,1.4654,5.2,,,True,295.6495274967352,0.9975812890328707,48.94299814511958,-0.18794438299057503,0.059,0.9999998804797289,51.531068908498824,11.963986953892855,2026-03-18 23:31:15.836000
XRPUSDT,1592214622.0,1.4654,3.7,,,True,295.83272925367174,0.9975872741440777,48.95345622615036,-0.18763563859063953,0.059,0.9999998805299678,51.58540739823413,11.968950892716972,2026-03-18 23:31:15.836000
XRPUSDT,1592214623.0,1.4654,3.7,,,True,296.0159688952768,0.9975932444808305,48.96391159677541,-0.1873273317637506,0.059,0.9999998805802796,51.63977169976888,11.973914834014128,2026-03-18 23:31:15.836000
XRPUSDT,1592214624.0,1.4654,26.1,,,True,296.19924641371045,0.9975992000794244,48.97436425959205,-0.1870194620863122,0.059,0.9999998806306634,51.6941618188767,11.978878777780672,2026-03-18 23:31:15.836000
XRPUSDT,1592214625.0,1.4654,73.7,,,True,296.382561801138,0.9976051409760653,48.98481421719363,-0.18671202913469911,0.002,0.999999880681119,51.74857773036662,11.983842580401179,2026-03-18 23:31:15.838000
XRPUSDT,1592214626.0,1.4654,129.9,,,True,296.56591150481546,0.9976110672068715,48.995261463754936,-0.18640144117674237,0.004,0.9999998807316355,52.40902153725911,11.988806390812396,2026-03-18 23:31:15.842000
XRPUSDT,1592214627.0,1.4654,129.9,,,True,296.749299191876,0.9976169788078739,49.005706010625396,-0.18609502521190868,0.003,0.9999998807822265,51.832991555099106,11.993770201457751,2026-03-18 23:31:15.845000
XRPUSDT,1592214628.0,1.4654,3.7,,,True,296.93272466807093,0.9976228758150147,49.01614785994373,-0.18578885576590765,0.073,0.9999998808328903,51.91946332940015,11.998734190348033,2026-03-18 23:31:15.918000
XRPUSDT,1592214629.0,1.4654,3.5,,,True,297.11619232230095,0.9976287582641497,49.026587024647675,-0.18548755120804122,0.073,0.9999998808836404,51.220937224662734,12.00369818162088,2026-03-18 23:31:15.918000
XRPUSDT,1592214630.0,1.4654,3.5,,,True,297.2996978049928,0.9976346261910464,49.037023497030226,-0.18518229080430992,0.073,0.9999998809344592,52.021848449065594,12.008662175273706,2026-03-18 23:31:15.918000
XRPUSDT,1592214631.0,1.4654,3.5,,,True,297.48324110834216,0.9976404796313862,49.047457279661074,-0.1848774645972164,0.073,0.9999998809853462,52.07641820775539,12.013626171303404,2026-03-18 23:31:15.918000
XRPUSDT,1592214632.0,1.4654,3.6,,,True,297.6668222245499,0.9976463186207631,49.05788837510596,-0.18457307216178231,0.073,0.9999998810363013,52.13101373991748,12.018590169707457,2026-03-18 23:31:15.918000
XRPUSDT,1592214633.0,1.4654,3.7,,,True,297.85044114582183,0.9976521431946848,49.068316785926726,-0.18426911307259888,0.073,0.999999881087324,52.185635082280356,12.02355417048325,2026-03-18 23:31:15.918000
XRPUSDT,1592214634.0,1.4654,3.7,,,True,298.0340978643687,0.9976579533885722,49.078742514681295,-0.18396558690410897,0.073,0.9999998811384139,52.24028222968328,12.028518173627704,2026-03-18 23:31:15.918000
XRPUSDT,1592214635.0,1.4654,3.6,,,True,298.2177923724057,0.9976637492377609,49.08916556392368,-0.1836624932303253,0.073,0.99999988118957,52.29495521983117,12.033482179138323,2026-03-18 23:31:15.918000
XRPUSDT,1592214636.0,1.4654,3.7,,,True,298.40152466215324,0.9976695307774992,49.09958593620397,-0.18335983162524516,0.073,0.9999998812407928,52.34965403343274,12.038446187012232,2026-03-18 23:31:15.918000
XRPUSDT,1592214637.0,1.4654,3.5,,,True,298.5852947258362,0.9976752980429505,49.110003634068406,-0.18305760166270907,0.073,0.9999998812920816,52.404378658702704,12.04341019724639,2026-03-18 23:31:15.918000
XRPUSDT,1592214638.0,1.4654,3.7,,,True,298.7691025556847,0.9976810510691927,49.12041866005928,-0.1827558029163055,0.073,0.9999998813434353,52.45912910864999,12.048374209838764,2026-03-18 23:31:15.918000
XRPUSDT,1592214639.0,1.4654,3.5,,,True,298.95294814393327,0.9976867898912176,49.13083101671506,-0.18245443495949218,0.073,0.999999881394854,52.513905380648744,12.053338224786113,2026-03-18 23:31:15.918000
XRPUSDT,1592214640.0,1.4654,3.6,,,True,299.13683148282115,0.9976925145439322,49.14124070657027,-0.18215349736543696,0.073,0.9999998814463382,52.5687074940282,12.058302242085636,2026-03-18 23:31:15.918000
XRPUSDT,1592214641.0,1.4653,4.1,,,True,299.28055358595117,0.9976963504189433,49.15155574589331,-0.14226505796072034,3.049,0.9999998814683269,10398.784967819654,12.063273563514798,2026-03-18 23:31:18.967000
XRPUSDT,1592214642.0,1.4653,2.7,,,True,299.46468494879457,0.9977020514660887,49.16196073074678,-0.18184579768410353,3.049,0.9999998815204955,-6942.713981157534,12.068244877295129,2026-03-18 23:31:18.967000
XRPUSDT,1592214643.0,1.4653,3.5,,,True,299.6488538424567,0.99770773843676,49.17236305342809,-0.18154511773034,3.049,0.9999998815725661,52.87172576474251,12.073216178351949,2026-03-18 23:31:18.967000
XRPUSDT,1592214644.0,1.4653,0.3,,,True,299.83306015816487,0.9977134113655535,49.18276271623868,-0.18124477036018133,3.049,0.9999998816245406,52.943969700953396,12.07818746670836,2026-03-18 23:31:18.967000
XRPUSDT,1592214645.0,1.4653,3.4,,,True,300.01730388857453,0.9977190702869807,49.193159721708184,-0.18094485513403516,3.049,0.9999998816764177,52.99865530963566,12.083158742388125,2026-03-18 23:31:18.967000
XRPUSDT,1592214646.0,1.4653,0.7,,,True,300.2015850263454,0.9977247152354692,49.203554072362415,-0.18064537161227678,3.049,0.9999998817282002,53.05336662797488,12.088130005414758,2026-03-18 23:31:18.967000
XRPUSDT,1592214647.0,1.4653,4.1,,,True,300.3859035641421,0.9977303462453632,49.21394577072327,-0.18034631935512865,3.049,0.9999998817798863,53.10810365841559,12.093101255810781,2026-03-18 23:31:18.967000
XRPUSDT,1592214648.0,1.4653,4.1,,,True,300.57025949463326,0.9977359633509231,49.22433481930877,-0.18004769792218772,3.049,0.999999881831477,53.16286648988157,12.09807249359988,2026-03-18 23:31:18.967000
XRPUSDT,1592214649.0,1.4653,6.9,,,True,300.7546528104922,0.9977415665863252,49.234721220633034,-0.17974950687345725,0.905,0.9999998818829731,53.21765503878654,12.103038524098219,2026-03-18 23:31:19.872000
XRPUSDT,1592214650.0,1.4653,3.8,,,True,300.9389546663964,0.9977471559856635,49.24510468876367,-0.1793268247134394,0.905,0.9999998819339943,75.622107927838,12.10800455277368,2026-03-18 23:31:19.872000
XRPUSDT,1592214651.0,1.4653,3.6,,,True,301.12329410679695,0.9977527315829487,49.25548551655267,-0.17903016495290186,0.905,0.9999998819850359,53.206812716715454,12.11297057963537,2026-03-18 23:31:19.872000
XRPUSDT,1592214652.0,1.4653,3.6,,,True,301.30767112421637,0.9977582934121084,49.2658637064934,-0.1787339317469204,0.905,0.9999998820360976,53.26183122080965,12.117936604687879,2026-03-18 23:31:19.872000
XRPUSDT,1592214653.0,1.4653,375.3,,,True,301.4920857110636,0.9977638415069877,49.27623926107518,-0.17843812454850672,0.905,0.9999998820871788,53.316896132709935,12.12290262793593,2026-03-18 23:31:19.872000
XRPUSDT,1592214654.0,1.4653,3.7,,,True,301.67653785975205,0.9977693759013492,49.2866121827835,-0.1781427429252769,0.905,0.99999988213828,53.37198687659148,12.127868649383583,2026-03-18 23:31:19.872000
XRPUSDT,1592214655.0,1.4653,3.7,,,True,301.8610275626999,0.9977748966288735,49.296982474100034,-0.1778477864449367,0.905,0.999999882189401,53.42710340964498,12.13283466903534,2026-03-18 23:31:19.872000
XRPUSDT,1592214656.0,1.4653,3.7,,,True,302.0455548123299,0.9977804037231587,49.30735013750273,-0.177553254674707,0.905,0.9999998822405411,53.48224580499026,12.13780068689606,2026-03-18 23:31:19.872000
XRPUSDT,1592214657.0,1.4653,3.5,,,True,302.23011960106953,0.9977858972177213,49.31771517546571,-0.17725914718209368,0.905,0.9999998822917002,53.5374139835621,12.142766702969963,2026-03-18 23:31:19.872000
XRPUSDT,1592214658.0,1.4653,3.5,,,True,302.4147219213508,0.9977913771459965,49.328077590459316,-0.17696546353420844,0.905,0.9999998823428786,53.592607992855235,12.147732717261285,2026-03-18 23:31:19.872000
XRPUSDT,1592214659.0,1.4653,3.7,,,True,302.5993617656102,0.9977968435413374,49.338437384950126,-0.17667220329811978,0.905,0.9999998823940766,53.64782782878599,12.152698729774704,2026-03-18 23:31:19.872000
XRPUSDT,1592214660.0,1.4653,3.5,,,True,302.7840391262892,0.9978022964370165,49.34879456140096,-0.1763793660407455,0.905,0.9999998824452929,53.7030734874488,12.157664740514498,2026-03-18 23:31:19.872000
XRPUSDT,1592214661.0,1.4653,3.6,,,True,302.9687539958335,0.9978077358662245,49.359149122270885,-0.17608695132898505,0.905,0.9999998824965284,53.75834496154109,12.162630749485139,2026-03-18 23:31:19.872000
XRPUSDT,1592214662.0,1.4653,3.7,,,True,303.1535063666936,0.9978131618620721,49.369501070015204,-0.17579495872949036,0.905,0.9999998825477823,53.81364226849474,12.167596756690864,2026-03-18 23:31:19.872000
XRPUSDT,1592214663.0,1.4653,3.5,,,True,303.3382962313247,0.9978185744575883,49.37985040708549,-0.17550338780899688,0.905,0.9999998825990544,53.86896538364507,12.172562762136621,2026-03-18 23:31:19.872000
XRPUSDT,1592214664.0,1.4652,3.5,,,True,303.4827320219101,0.9978222011207752,49.390109748166516,-0.1370753721660762,0.002,0.9999998826212614,10595.970362187616,12.177526631716615,2026-03-18 23:31:19.874000
XRPUSDT,1592214665.0,1.4652,3.7,,,True,303.66753551830175,0.9978275913921283,49.4004539545914,-0.17498247983693588,0.002,0.9999998826724343,-7032.504523069072,12.182490503961121,2026-03-18 23:31:19.874000
XRPUSDT,1592214666.0,1.4652,45.2,,,True,303.8523765758584,0.9978329683509919,49.410795557991825,-0.17469227102063845,0.002,0.9999998827236721,53.97266813067571,12.187454378863507,2026-03-18 23:31:19.874000
XRPUSDT,1592214667.0,1.4652,52.4,,,True,304.03725518687185,0.9978383320301009,49.42113456080151,-0.1744024812388627,0.002,0.9999998827749729,54.02817280605281,12.192418256420959,2026-03-18 23:31:19.874000
XRPUSDT,1592214668.0,1.4652,52.4,,,True,304.2221713437022,0.9978436824621105,49.431470965450615,-0.17411311012143574,0.002,0.9999998828263372,54.083692102662035,12.197382136630237,2026-03-18 23:31:19.874000
XRPUSDT,1592214669.0,1.4652,42.4,,,True,304.4071250387148,0.9978490196795962,49.44180477436557,-0.17382415723800537,0.002,0.9999998828777641,54.13923719767627,12.20234601948766,2026-03-18 23:31:19.874000
XRPUSDT,1592214670.0,1.4652,5.2,,,True,304.5921162642791,0.9978543437150544,49.45213598996918,-0.1735356221576069,0.002,0.9999998829292535,54.194808178812,12.20730990499022,2026-03-18 23:31:19.874000
XRPUSDT,1592214671.0,1.4652,6.9,,,True,304.7771450127697,0.9978596546009019,49.46246461468051,-0.1732475044494327,0.002,0.9999998829808046,54.250405007957276,12.21227379313458,2026-03-18 23:31:19.874000
XRPUSDT,1592214672.0,1.4652,3.8,,,True,304.96221127656565,0.9978649523694763,49.47279065091501,-0.17295980368256983,0.002,0.9999998830324169,54.306027683782595,12.217237683917936,2026-03-18 23:31:19.874000
XRPUSDT,1592214673.0,1.4652,3.6,,,True,305.14731504805053,0.9978702370530371,49.483114101084404,-0.17267251942582423,0.002,0.9999998830840907,54.36167623598694,12.222201577336437,2026-03-18 23:31:19.874000
XRPUSDT,1592214674.0,1.4652,3.6,,,True,305.3324563196126,0.9978755086837643,49.4934349675968,-0.17238565124813746,0.002,0.9999998831358256,54.41735063278839,12.227165473387268,2026-03-18 23:31:19.874000
XRPUSDT,1592214675.0,1.4652,18.2,,,True,305.51763508364496,0.9978807672937605,49.503753252856654,-0.17209919871822973,0.002,0.9999998831876196,54.47305088477448,12.232129372067739,2026-03-18 23:31:19.874000
XRPUSDT,1592214676.0,1.4652,52.4,,,True,305.70285133254515,0.9978860129150491,49.51406895926473,-0.17181316140475106,0.001,0.9999998832394745,54.52877700155571,12.237093271055706,2026-03-18 23:31:19.875000
XRPUSDT,1592214677.0,1.4652,126.4,,,True,305.88810500091967,0.9978912455795755,49.52438208909706,-0.17152748554971792,0.004,0.9999998832913891,54.59472006829554,12.242057179613033,2026-03-18 23:31:19.879000
XRPUSDT,1592214678.0,1.4652,3.7,,,True,306.0733963122013,0.9978964653192076,49.5346926452311,-0.17124243711020234,0.004,0.999999883343363,54.60970462276936,12.247021090781697,2026-03-18 23:31:19.879000
XRPUSDT,1592214679.0,1.4652,3.5,,,True,306.25872508537907,0.9979016721657356,49.54500062969233,-0.17095764228325322,0.004,0.9999998833953955,54.696220720350595,12.251985004555612,2026-03-18 23:31:19.879000
XRPUSDT,1592214680.0,1.4652,3.7,,,True,306.4440913128694,0.9979068661508715,49.55530604486707,-0.1706732609487728,0.004,0.9999998834474864,54.752050118519016,12.256948920934345,2026-03-18 23:31:19.879000
XRPUSDT,1592214681.0,1.4652,3.7,,,True,306.6294949870932,0.9979120473062509,49.565608893137934,-0.1703892926748795,0.004,0.999999883499635,54.80790539934617,12.261912839912858,2026-03-18 23:31:19.879000
XRPUSDT,1592214682.0,1.4652,3.7,,,True,306.8149361004761,0.997917215663432,49.575909176884,-0.17010573702984036,0.004,0.9999998835518413,54.86378652024843,12.266876761488687,2026-03-18 23:31:19.879000
XRPUSDT,1592214683.0,1.4652,3.5,,,True,307.00041464544825,0.9979223712538953,49.58620689848069,-0.16982259358169283,0.004,0.9999998836041049,54.91969351750834,12.271840685658699,2026-03-18 23:31:19.879000
XRPUSDT,1592214684.0,1.4652,3.7,,,True,307.1859306144444,0.9979275141090451,49.59650206029986,-0.16953986189836096,0.004,0.999999883656425,54.9756263969312,12.276804612419863,2026-03-18 23:31:19.879000
XRPUSDT,1592214685.0,1.4652,3.6,,,True,307.371483999904,0.9979326442602092,49.606794664709774,-0.16925754154790656,0.004,0.9999998837088017,55.03158511779615,12.281768541769264,2026-03-18 23:31:19.879000
XRPUSDT,1592214686.0,1.4652,3.5,,,True,307.55707479427093,0.9979377617386391,49.617084714075105,-0.16897563209818214,0.004,0.9999998837612343,55.08756970561658,12.286732473703347,2026-03-18 23:31:19.879000
XRPUSDT,1592214687.0,1.4652,3.6,,,True,307.7427029899938,0.9979428665755095,49.62737221075694,-0.1686941331168087,0.004,0.9999998838137225,55.14358020128351,12.291696408218783,2026-03-18 23:31:19.879000
XRPUSDT,1592214688.0,1.4652,3.7,,,True,307.92836857952574,0.9979479588019193,49.63765715711278,-0.16841304417175285,0.004,0.9999998838662663,55.19961651955349,12.296660345313086,2026-03-18 23:31:19.879000
XRPUSDT,1592214689.0,1.4652,3.5,,,True,308.11407155532436,0.9979530384488918,49.6479395554966,-0.16813236483047522,0.004,0.9999998839188644,55.255678750404705,12.301624284982442,2026-03-18 23:31:19.879000
XRPUSDT,1592214690.0,1.4652,3.6,,,True,308.2998119098518,0.9979581055473742,49.65821940825879,-0.16785209466067968,0.004,0.9999998839715178,55.311766836842104,12.306588227224486,2026-03-18 23:31:19.879000
XRPUSDT,1592214691.0,1.4651,3.5,,,True,308.44497355149525,0.9979615006063096,49.66841444995265,-0.13108274008093268,0.001,0.999999883995697,10830.255167602332,12.311552165253216,2026-03-18 23:31:19.880000
XRPUSDT,1592214692.0,1.4651,3.7,,,True,308.63078027344505,0.9979665468000446,49.67868940470932,-0.16739920970578304,0.001,0.9999998840484785,-7196.804469297039,12.316516105864142,2026-03-18 23:31:19.880000
XRPUSDT,1592214693.0,1.4651,3.5,,,True,308.81662435350637,0.9979715805275929,49.68896182046236,-0.16712000068583643,0.001,0.9999998841013135,55.467646443943636,12.321480049051376,2026-03-18 23:31:19.880000
XRPUSDT,1592214694.0,1.4651,5.2,,,True,309.00250578412727,0.9979766018196257,49.6992316995488,-0.16684119927906457,0.001,0.9999998841542023,55.523838278042454,12.326443994813337,2026-03-18 23:31:19.880000
XRPUSDT,1592214695.0,1.4651,6.9,,,True,309.1884245577915,0.997981610706739,49.7094990443022,-0.16656280508044136,0.001,0.9999998842071431,55.58005048346695,12.331407943145777,2026-03-18 23:31:19.880000
XRPUSDT,1592214696.0,1.4651,3.8,,,True,309.3743806669871,0.9979866072194549,49.71976385705259,-0.16628481765735525,0.001,0.999999884260137,55.636288526040794,12.336371894046069,2026-03-18 23:31:19.880000
XRPUSDT,1592214697.0,1.4651,26.8,,,True,309.560374104207,0.99799159138822,49.73002614012647,-0.1660072365769219,0.001,0.9999998843131824,55.692552462108914,12.34133584751097,2026-03-18 23:31:19.880000
XRPUSDT,1592214698.0,1.4651,18.6,,,True,309.7464048619484,0.9979965632434074,49.74028589584683,-0.16573006140619856,0.001,0.9999998843662802,55.748842289227134,12.346299803537319,2026-03-18 23:31:19.880000
XRPUSDT,1592214699.0,1.4651,29.0,,,True,309.9324729327132,0.9980015228153155,49.75054312653319,-0.165453291712443,0.001,0.9999998844194289,55.805157961370455,12.351263762122386,2026-03-18 23:31:19.880000
XRPUSDT,1592214700.0,1.4651,18.1,,,True,310.1185783090075,0.9980064701341694,49.7607978345015,-0.1651769270624803,0.001,0.9999998844726291,55.861499556205764,12.35622772326266,2026-03-18 23:31:19.880000
XRPUSDT,1592214701.0,1.4651,19.9,,,True,310.3047209833424,0.99801140523012,49.77105002206426,-0.16490096702345824,0.001,0.9999998845258798,55.91786700529877,12.361191686955351,2026-03-18 23:31:19.881000
XRPUSDT,1592214702.0,1.4651,3.6,,,True,310.49090094823333,0.9980163281332445,49.781299691530464,-0.16462541116236842,0.07,0.9999998845791802,55.974260334199315,12.36615580642565,2026-03-18 23:31:19.951000
XRPUSDT,1592214703.0,1.4651,3.6,,,True,310.6771220362569,0.9980212388735469,49.79154685275942,-0.16435363636718425,0.07,0.9999998846325426,55.34293781558178,12.371119928124562,2026-03-18 23:31:19.951000
XRPUSDT,1592214704.0,1.4651,3.7,,,True,310.8633803934509,0.9980261374809579,49.80179150044945,-0.1640788692652131,0.07,0.9999998846859517,56.090859894558236,12.37608405204943,2026-03-18 23:31:19.951000
XRPUSDT,1592214705.0,1.4651,3.5,,,True,311.04967601235273,0.998031023985335,49.81203363689935,-0.16380450511371727,0.07,0.9999998847394067,56.147325433645754,12.381048178198268,2026-03-18 23:31:19.951000
XRPUSDT,1592214706.0,1.4651,3.7,,,True,311.2360088855045,0.9980358984164631,49.822273264404494,-0.1635305434797075,0.07,0.9999998847929069,56.20381677615195,12.386012306566789,2026-03-18 23:31:19.951000
XRPUSDT,1592214707.0,1.4651,3.7,,,True,311.42237900545257,0.9980407608040547,49.83251038525675,-0.16325698392960142,0.07,0.9999998848464531,56.260334034389295,12.390976437154494,2026-03-18 23:31:19.951000
XRPUSDT,1592214708.0,1.4651,3.5,,,True,311.608786364748,0.9980456111777485,49.84274500174454,-0.16298382603008302,0.07,0.9999998849000447,56.3168771650794,12.395940569957864,2026-03-18 23:31:19.951000
XRPUSDT,1592214709.0,1.4651,3.5,,,True,311.79523095594607,0.9980504495671123,49.85297711615285,-0.16271106934753293,0.07,0.9999998849536814,56.373446211117226,12.400904704975279,2026-03-18 23:31:19.951000
XRPUSDT,1592214710.0,1.4651,3.7,,,True,311.9817127716071,0.9980552760016407,49.863206730763245,-0.16243871344876276,0.07,0.9999998850073617,56.430041093314586,12.405868842203137,2026-03-18 23:31:19.951000
XRPUSDT,1592214711.0,1.4651,3.6,,,True,312.1682318042951,0.9980600905107567,49.87343384785379,-0.1621667579000561,0.07,0.999999885061087,56.486661911227145,12.410832981639297,2026-03-18 23:31:19.951000
XRPUSDT,1592214712.0,1.4651,3.7,,,True,312.3547880465792,0.9980648931238116,49.88365846969917,-0.16189520226804685,0.07,0.9999998851148562,56.54330859147528,12.415797123281775,2026-03-18 23:31:19.951000
XRPUSDT,1592214713.0,1.465,206.8,,,True,312.5005828559279,0.9980681108712153,49.8938022718775,-0.12642584667972664,0.022,0.9999998851405953,11023.039144778664,12.420761162474413,2026-03-18 23:31:19.973000
XRPUSDT,1592214714.0,1.465,410.8,,,True,312.68720270450166,0.9980728936666887,49.904022082801895,-0.16145410079362188,0.001,0.9999998851944649,-7323.803476099418,12.425725158386362,2026-03-18 23:31:19.974000
XRPUSDT,1592214715.0,1.465,207.9,,,True,312.87385859845,0.998077664644158,49.914239402728526,-0.16118260644266305,0.001,0.9999998852483754,56.905393644168605,12.430689156808793,2026-03-18 23:31:19.974000
XRPUSDT,1592214716.0,1.465,207.9,,,True,313.0605516802775,0.9980824238327123,49.924454236127545,-0.16091250366767415,0.001,0.9999998853023323,56.753955408590585,12.43565315773808,2026-03-18 23:31:19.974000
XRPUSDT,1592214717.0,1.465,207.9,,,True,313.2472819425659,0.9980871712613686,49.934666585257204,-0.16064279877268567,0.001,0.9999998853563342,56.8107315589315,12.440617161172273,2026-03-18 23:31:19.974000
XRPUSDT,1592214718.0,1.465,123.8,,,True,313.4340493779012,0.9980919069590746,49.94487645237231,-0.16037349132439827,0.001,0.999999885410381,56.86753357318819,12.445581167107461,2026-03-18 23:31:19.975000
XRPUSDT,1592214719.0,1.465,3.5,,,True,313.620853978874,0.9980966309547058,49.955083839724296,-0.16010458088926835,0.001,0.9999998854644722,56.924361519782025,12.450545175541242,2026-03-18 23:31:19.975000
XRPUSDT,1592214720.0,1.465,6.9,,,True,313.807695738079,0.9981013432770682,49.96528874956118,-0.15983606703396613,0.001,0.9999998855186076,56.98121534359918,12.455509186470277,2026-03-18 23:31:19.975000
XRPUSDT,1592214721.0,1.465,5.2,,,True,313.9945746481157,0.998106043954897,49.97549118412765,-0.15956794932501767,0.001,0.9999998855727871,57.038095082363306,12.46047319989173,2026-03-18 23:31:19.975000
XRPUSDT,1592214722.0,1.465,3.7,,,True,314.1814907015879,0.9981107330168574,49.98569114566497,-0.159300227329162,0.001,0.9999998856270106,57.095000688321484,12.465437215802144,2026-03-18 23:31:19.975000
XRPUSDT,1592214723.0,1.465,3.8,,,True,314.3684438911037,0.9981154104915445,49.99588863641111,-0.1590329006128365,0.001,0.9999998856812766,57.15193222978788,12.470401234199334,2026-03-18 23:31:19.975000
XRPUSDT,1592214724.0,1.465,3.6,,,True,314.5554342092757,0.9981200764074833,50.00608365860059,-0.15876596874267845,0.001,0.9999998857355861,57.208889670747254,12.475365255079822,2026-03-18 23:31:19.975000
XRPUSDT,1592214725.0,1.465,3.6,,,True,314.7424616487211,0.9981247307931299,50.01627621446459,-0.158499431285366,0.001,0.9999998857899379,57.26587299642181,12.480329278440966,2026-03-18 23:31:19.975000
XRPUSDT,1592214726.0,1.465,3.7,,,True,314.92952620206114,0.9981293736768696,50.02646630623102,-0.15823328780751755,0.001,0.9999998858443324,57.32288223657423,12.485293304279793,2026-03-18 23:31:19.975000
XRPUSDT,1592214727.0,1.465,3.7,,,True,315.11662786192187,0.9981340050870198,50.03665393612437,-0.1579675378757973,0.001,0.9999998858987688,57.37991736935286,12.490257332592698,2026-03-18 23:31:19.975000
XRPUSDT,1592214728.0,1.465,3.7,,,True,315.3037666209334,0.9981386250518272,50.04683910636578,-0.15770218105680023,0.001,0.9999998859532471,57.43697843172669,12.495221363378064,2026-03-18 23:31:19.975000
XRPUSDT,1592214729.0,1.465,3.5,,,True,315.4909424717305,0.998143233599471,50.05702181917313,-0.15743721691724707,0.001,0.9999998860077661,57.494065382514535,12.500185396631107,2026-03-18 23:31:19.975000
XRPUSDT,1592214730.0,1.465,3.5,,,True,315.67815540695204,0.9981478307580604,50.06720207676092,-0.1571726450238708,0.001,0.9999998860623261,57.55117824055197,12.505149432350597,2026-03-18 23:31:19.975000
XRPUSDT,1592214731.0,1.465,3.5,,,True,315.86540541924154,0.9981524165556365,50.07737988134032,-0.1569084649433818,0.001,0.9999998861169275,57.60831700571101,12.510113470532774,2026-03-18 23:31:19.975000
XRPUSDT,1592214732.0,1.465,3.6,,,True,316.05269250124684,0.9981569910201715,50.08755523511923,-0.1566446762424718,0.001,0.999999886171569,57.66548169483747,12.515077511174963,2026-03-18 23:31:19.975000
XRPUSDT,1592214733.0,1.465,3.7,,,True,316.24001664562013,0.9981615541795699,50.09772814030221,-0.15638127848794656,0.001,0.9999998862262501,57.722672282940046,12.520041554273735,2026-03-18 23:31:19.975000
XRPUSDT,1592214734.0,1.465,3.5,,,True,316.4273778450179,0.9981661060616672,50.1078985990905,-0.1561182712466632,0.001,0.999999886280972,57.779888770837466,12.52500559982731,2026-03-18 23:31:19.975000
XRPUSDT,1592214735.0,1.4649,3.5,,,True,316.5737956734607,0.9981691557239103,50.11799204298663,-0.12190855993377904,0.093,0.9999998863081144,11217.54102134148,12.529969841203584,2026-03-18 23:31:20.068000
XRPUSDT,1592214736.0,1.4649,6.9,,,True,316.7612277110896,0.9981736888194738,50.12815779386518,-0.15569712652168538,0.093,0.9999998863629501,-7453.751220282234,12.53493408475981,2026-03-18 23:31:20.068000
XRPUSDT,1592214737.0,1.4649,3.8,,,True,316.9486967778626,0.9981782107117627,50.138321104502,-0.15543511251464248,0.093,0.9999998864178206,57.943442766978826,12.539898330359627,2026-03-18 23:31:20.068000
XRPUSDT,1592214738.0,1.4649,3.7,,,True,317.1362028637276,0.9981827214283642,50.148481977081275,-0.15517348530434447,0.093,0.9999998864727259,58.00125199917275,12.544862578000838,2026-03-18 23:31:20.068000
XRPUSDT,1592214739.0,1.4649,3.6,,,True,317.323745961373,0.9981872209967977,50.15864041378895,-0.15491224672703155,0.093,0.9999998865276657,58.05858521167566,12.549826827681276,2026-03-18 23:31:20.068000
XRPUSDT,1592214740.0,1.4649,3.6,,,True,317.51132606349154,0.9981917094445153,50.168796416807695,-0.1546513963492761,0.093,0.99999988658264,58.11594434575403,12.554791079398742,2026-03-18 23:31:20.068000
XRPUSDT,1592214741.0,1.4649,3.7,,,True,317.6989431627808,0.9981961867989022,50.17894998831687,-0.15439093373775042,0.093,0.999999886637648,58.17332938555983,12.559755333150965,2026-03-18 23:31:20.068000
XRPUSDT,1592214742.0,1.4649,3.7,,,True,317.8865972519423,0.9982006530872766,50.18910113049261,-0.15413085845914995,0.093,0.9999998866926901,58.23074033765269,12.564719588936173,2026-03-18 23:31:20.068000
XRPUSDT,1592214743.0,1.4649,3.7,,,True,318.07428832368186,0.9982051083368897,50.1992498455078,-0.15387117008013484,0.093,0.9999998867477651,58.288177221368656,12.569683846751886,2026-03-18 23:31:20.068000
XRPUSDT,1592214744.0,1.4649,3.5,,,True,318.2620163707099,0.9982095525749266,50.20939613553205,-0.15361186816753197,0.093,0.9999998868028732,58.34564000600169,12.574648106596081,2026-03-18 23:31:20.068000
XRPUSDT,1592214745.0,1.4649,3.5,,,True,318.4497813857408,0.9982139858285052,50.21954000273172,-0.1533529522880777,0.093,0.9999998868580147,58.40312873274227,12.579612368466085,2026-03-18 23:31:20.068000
XRPUSDT,1592214746.0,1.4649,3.5,,,True,318.6375833614935,0.9982184081246778,50.229681449269975,-0.15309442200869255,0.093,0.9999998869131883,58.460643361590535,12.584576632359791,2026-03-18 23:31:20.068000
XRPUSDT,1592214747.0,1.4649,3.5,,,True,318.8254222906913,0.9982228194904302,50.239820477306694,-0.15283627689633605,0.093,0.999999886968394,58.51818390080341,12.589540898275443,2026-03-18 23:31:20.068000
XRPUSDT,1592214748.0,1.4649,3.6,,,True,319.0132981660615,0.9982272199526823,50.249957088998535,-0.1525785165178099,0.093,0.9999998870236325,58.575750401504976,12.594505166211546,2026-03-18 23:31:20.068000
XRPUSDT,1592214749.0,1.4649,3.7,,,True,319.20121098033604,0.9982316095382877,50.260091286499,-0.15232114044026912,0.093,0.9999998870789021,58.63334279696772,12.599469436164243,2026-03-18 23:31:20.068000
XRPUSDT,1592214750.0,1.4649,3.5,,,True,319.3891607262509,0.9982359882740358,50.270223071958284,-0.15206414823076403,0.093,0.9999998871342037,58.69096111053641,12.604433708132458,2026-03-18 23:31:20.068000
XRPUSDT,1592214751.0,1.4649,71.8,,,False,319.57714739654665,0.9982403561866484,50.28035244752342,-0.1518075394564313,1.363,0.9999998871895357,58.748605361836866,12.609400582167806,2026-03-18 23:31:21.431000
XRPUSDT,1592214752.0,1.4649,46.5,,,False,319.76523675949227,0.9982447133027835,50.29047953014688,-0.15160414642480913,0.014,0.9999998872450928,46.6806542022431,12.614364695674862,2026-03-18 23:31:21.445000
XRPUSDT,1592214753.0,1.4649,468.6,,,False,319.9532931584129,0.9982490596490337,50.30060408493226,-0.151292085012661,2.942,0.9999998873004264,71.79856233012434,12.619334785744485,2026-03-18 23:31:24.387000
XRPUSDT,1592214754.0,1.4649,3.6,,,False,320.1415376601708,0.9982533952519259,50.310726498892656,-0.15115762729867127,1.072,0.9999998873562376,31.012460626831963,12.62430105666046,2026-03-18 23:31:25.459000
XRPUSDT,1592214755.0,1.4649,3.5,,,False,320.3297223915601,0.9982577201379226,50.32084634277398,-0.1508248975746981,1.072,0.9999998874116869,76.93375599489639,12.629267325425129,2026-03-18 23:31:25.459000
XRPUSDT,1592214756.0,1.4649,3.6,,,False,320.5179439256028,0.9982620343334219,50.33096378687078,-0.15056997985730633,1.072,0.9999998874671286,59.08812371479421,12.634233592046858,2026-03-18 23:31:25.459000
XRPUSDT,1592214757.0,1.4649,5.5,,,False,320.70620225527097,0.9982663378647565,50.34107883331395,-0.15031544392801388,1.072,0.9999998875225634,59.145829204135424,12.63919985652993,2026-03-18 23:31:25.459000
XRPUSDT,1592214758.0,1.4649,18.0,,,False,320.89449737345205,0.9982706307581956,50.35119148423102,-0.1500612892803685,1.896,0.9999998875779917,59.20357708691055,12.64416778598202,2026-03-18 23:31:27.355000
XRPUSDT,1592214759.0,1.4649,311.9,,,False,321.08287150456704,0.9982749130399432,50.36130181419398,-0.14984099179098076,0.837,0.9999998876335362,51.44395029793719,12.649133570908532,2026-03-18 23:31:28.192000
XRPUSDT,1592214760.0,1.4649,936.5,,,False,321.2712281440184,0.9982791847361399,50.3714096596559,-0.14954453727634404,0.837,0.9999998876888833,69.39971875078457,12.65409935470039,2026-03-18 23:31:28.192000
XRPUSDT,1592214761.0,1.4649,675.0,,,False,321.45962157101656,0.9982834458728623,50.38151511609242,-0.1492915760046482,0.837,0.9999998877442321,59.36473954514983,12.659065137364127,2026-03-18 23:31:28.192000
XRPUSDT,1592214762.0,1.4649,5.0,,,False,321.6480517784764,0.9982876964761227,50.39161818561781,-0.14903899409639193,0.564,0.9999998877995824,59.42260257766787,12.664030370303806,2026-03-18 23:31:28.756000
XRPUSDT,1592214763.0,1.4649,56.6,,,False,321.8365048511802,0.9982919365718707,50.40171884671899,-0.14877584929466095,2.692,0.9999998878548932,62.061051771759836,12.668999872280665,2026-03-18 23:31:31.448000
XRPUSDT,1592214764.0,1.4648,3.5,,,True,321.98388490545193,0.998294777254678,50.41174744129462,-0.11625966707330093,2.229,0.9999998878835188,11446.60788512965,12.673968437549705,2026-03-18 23:31:33.677000
XRPUSDT,1592214765.0,1.4648,1.5,,,True,322.1724880038021,0.9982989998465067,50.42184364095932,-0.14843413427955843,2.229,0.9999998879390427,-7619.601541211614,12.678936998941476,2026-03-18 23:31:33.677000
XRPUSDT,1592214766.0,1.4648,3.7,,,True,322.3611277988204,0.998303211999831,50.431937461096574,-0.14818266098241895,7.922,0.9999998879945161,59.70183841408936,12.683916922607851,2026-03-18 23:31:41.599000
XRPUSDT,1592214767.0,1.4648,6.9,,,True,322.55009264043184,0.9983074137403671,50.44202938917486,-0.14815686620002053,7.922,0.9999998880507834,6.139070743748453,12.688896815641211,2026-03-18 23:31:41.599000
XRPUSDT,1592214768.0,1.4648,3.8,,,True,322.73909361223997,0.9983116050937687,50.45211893859554,-0.14790486481127935,7.922,0.9999998881067893,60.12410899224921,12.693876678020967,2026-03-18 23:31:41.599000
XRPUSDT,1592214769.0,1.4648,3.7,,,True,322.92813070607167,0.998315786085627,50.46220611146846,-0.14765324458087142,7.922,0.999999888162534,60.18194699649268,12.698856509803136,2026-03-18 23:31:41.599000
XRPUSDT,1592214770.0,1.4648,3.6,,,True,323.1172039156858,0.9983199567414702,50.47229090990353,-0.14740200656373198,7.922,0.9999998882180192,60.239450720141704,12.70383631104395,2026-03-18 23:31:41.599000
XRPUSDT,1592214771.0,1.4648,0.8,,,True,323.30631323484454,0.9983241170867647,50.482373336007505,-0.1471511503051523,7.922,0.9999998882732455,60.29698037609656,12.70881608179781,2026-03-18 23:31:41.599000
XRPUSDT,1592214772.0,1.4648,2.8,,,True,323.4954586573129,0.9983282671469138,50.49245339188387,-0.14690067535059997,2.94,0.9999998883282143,60.35453597156689,12.713785973885487,2026-03-18 23:31:44.539000
XRPUSDT,1592214773.0,1.4648,3.7,,,True,323.6843900504933,0.998332406947259,50.50253066483952,-0.14645736265556739,2.94,0.9999998883821986,107.0855254039812,12.718755856203726,2026-03-18 23:31:44.539000
XRPUSDT,1592214774.0,1.4648,3.7,,,True,323.8733579606638,0.9983365365130796,50.51260557452484,-0.1462087099727235,2.94,0.9999998884361111,60.21279079790257,12.72372572879531,2026-03-18 23:31:44.539000
XRPUSDT,1592214775.0,1.4648,3.7,,,True,324.0623623816165,0.9983406558695933,50.52267812302101,-0.1459604334338129,2.94,0.9999998884899514,60.27070929313986,12.7286955916785,2026-03-18 23:31:44.539000
XRPUSDT,1592214776.0,1.4648,5.1,,,True,324.2514033065326,0.9983447650419559,50.532748312405005,-0.14571253212375412,2.94,0.9999998885437205,60.32876895482946,12.733665444871537,2026-03-18 23:31:44.539000
XRPUSDT,1592214777.0,1.4648,112.8,,,True,324.4404807285973,0.998348864055262,50.54281614475075,-0.14546500560348047,2.94,0.999999888597418,60.38685453996287,12.73863528839291,2026-03-18 23:31:44.539000
XRPUSDT,1592214778.0,1.4648,34.0,,,True,324.6295946409996,0.998352952934544,50.552881622129014,-0.14521785343406546,1.28,0.9999998886510449,60.44496605873221,12.743601874151148,2026-03-18 23:31:45.819000
XRPUSDT,1592214779.0,1.4648,275.8,,,True,324.8186624452583,0.9983570317047736,50.56294461166268,-0.14490799486829034,1.28,0.9999998887043617,75.96862493519508,12.748568457061186,2026-03-18 23:31:45.819000
XRPUSDT,1592214780.0,1.4648,1564.5,,,True,325.00776686676886,0.9983611003908613,50.57300525125789,-0.1446619361721816,1.28,0.9999998887576687,60.47620553769848,12.753535037132549,2026-03-18 23:31:45.819000
XRPUSDT,1592214781.0,1.4648,618.1,,,True,325.1969078986237,0.9983651590176568,50.58306354297183,-0.1444162491871232,0.002,0.9999998888109647,60.53451017854039,12.758499126442876,2026-03-18 23:31:45.821000
XRPUSDT,1592214782.0,1.4648,3.5,,,True,325.38602223509474,0.9983692076099487,50.59311938620093,-0.14412286200597085,0.002,0.9999998888640677,72.46646735313719,12.763463218123041,2026-03-18 23:31:45.821000
XRPUSDT,1592214783.0,1.4648,3.7,,,True,325.5751732756046,0.9983732461924646,50.60317288633551,-0.1438781806843725,0.002,0.9999998889172055,60.58594089334424,12.76842731217075,2026-03-18 23:31:45.821000
XRPUSDT,1592214784.0,1.4648,5.8,,,True,325.76436101302085,0.9983772747898724,50.613224045420026,-0.14363386864775068,0.002,0.999999888970379,60.64444070535567,12.773391408582919,2026-03-18 23:31:45.821000
XRPUSDT,1592214785.0,1.4648,3.6,,,True,325.95358544021553,0.9983812934267786,50.62327286549589,-0.14338992546631552,0.002,0.9999998890235876,60.702966485006385,12.778355507356022,2026-03-18 23:31:45.821000
XRPUSDT,1592214786.0,1.4648,3.7,,,True,326.1428465500645,0.9983853021277307,50.63331934860157,-0.14314635071031867,0.002,0.9999998890768307,60.761518234686086,12.783319608488133,2026-03-18 23:31:45.821000
XRPUSDT,1592214787.0,1.4648,3.7,,,True,326.3321443354481,0.9983893009172149,50.64336349677245,-0.14290314395031878,0.002,0.9999998891301082,60.82009592166028,12.788283711976149,2026-03-18 23:31:45.821000
XRPUSDT,1592214788.0,1.4648,3.6,,,True,326.5214787892504,0.9983932898196581,50.65340531204093,-0.14266030475679167,0.002,0.9999998891834193,60.87869958779014,12.793247817818143,2026-03-18 23:31:45.821000
XRPUSDT,1592214789.0,1.4648,3.7,,,True,326.71084990436,0.9983972688594275,50.66344479643638,-0.1424178327004317,0.002,0.9999998892367657,60.93732920897052,12.798211926010245,2026-03-18 23:31:45.821000
XRPUSDT,1592214790.0,1.4648,3.5,,,True,326.9002576736694,0.9984012380608301,50.6734819519852,-0.14217572735214506,0.002,0.9999998892901445,60.995984765120525,12.803176036550095,2026-03-18 23:31:45.821000
XRPUSDT,1592214791.0,1.4648,3.5,,,True,327.0897020900753,0.998405197448114,50.68351678071079,-0.14193398828267925,0.002,0.9999998893435571,61.05466632527879,12.808140149435348,2026-03-18 23:31:45.821000
XRPUSDT,1592214792.0,1.4648,3.5,,,True,327.2791831464787,0.9984091470454671,50.69354928463353,-0.14169261506319697,0.002,0.9999998893970018,61.113373819878625,12.813104264663059,2026-03-18 23:31:45.821000
XRPUSDT,1592214793.0,1.4648,3.6,,,True,327.4687008357845,0.9984130868770189,50.703579465770815,-0.14145160726487382,0.002,0.9999998894504797,61.172107273023954,12.818068382230429,2026-03-18 23:31:45.821000
XRPUSDT,1592214794.0,1.4647,3.5,,,True,327.6167927210969,0.9984157263126788,50.71354202342198,-0.11044604906948798,0.047,0.9999998894775841,11747.04072774563,12.823032587810246,2026-03-18 23:31:45.868000
XRPUSDT,1592214795.0,1.4647,6.9,,,True,327.80637780560045,0.9984196498761183,50.72356771721499,-0.14106322017207007,0.047,0.9999998895311532,-7803.409215845725,12.827996795606033,2026-03-18 23:31:45.868000
XRPUSDT,1592214796.0,1.4647,3.8,,,True,327.9959995008578,0.9984235637379238,50.733591093903506,-0.14082315345647656,0.047,0.9999998895847532,61.337555468573846,12.832961005554996,2026-03-18 23:31:45.868000
XRPUSDT,1592214797.0,1.4647,3.7,,,True,328.1856577985136,0.9984274679220081,50.74361215549185,-0.14058344972300757,0.047,0.9999998896383832,61.396626874275,12.837925217654302,2026-03-18 23:31:45.868000
XRPUSDT,1592214798.0,1.4647,3.6,,,True,328.37535269149765,0.9984313624522261,50.75363090398344,-0.14034410949500178,0.047,0.9999998896920428,61.455481048911594,12.842889431901048,2026-03-18 23:31:45.868000
XRPUSDT,1592214799.0,1.4647,3.6,,,True,328.56508417274404,0.9984352473523733,50.76364734137869,-0.14010513234403757,0.047,0.9999998897457318,61.51436122077518,12.847853648294203,2026-03-18 23:31:45.868000
XRPUSDT,1592214800.0,1.4647,3.7,,,True,328.7548522351907,0.9984391226461875,50.77366146967509,-0.13986651784197152,0.047,0.9999998897994499,61.57326734629473,12.852817866830469,2026-03-18 23:31:45.868000
XRPUSDT,1592214801.0,1.4647,3.5,,,True,328.9446568717798,0.9984429883573481,50.7836732908672,-0.1396282655607187,0.047,0.9999998898531975,61.632199446188025,12.857782087507546,2026-03-18 23:31:45.868000
XRPUSDT,1592214802.0,1.4647,3.7,,,True,329.1344980754577,0.9984468445094767,50.7936828069466,-0.13939037507234656,0.047,0.9999998899069739,61.69115751607528,12.862746310323148,2026-03-18 23:31:45.868000
XRPUSDT,1592214803.0,1.4647,3.7,,,True,329.3243758391746,0.998450691126137,50.80369001990195,-0.13915284594908484,0.047,0.9999998899607784,61.75014154977036,12.867710535274597,2026-03-18 23:31:45.868000
XRPUSDT,1592214804.0,1.4647,3.5,,,True,329.51429015588496,0.9984545282308349,50.81369493171897,-0.13891567776319033,0.047,0.9999998900146123,61.809151578866185,12.872674762359923,2026-03-18 23:31:45.868000
XRPUSDT,1592214805.0,1.4647,3.5,,,True,329.70424101854735,0.9984583558470188,50.8236975443805,-0.1386788700872928,0.047,0.9999998900684731,61.868187540333466,12.877638991577312,2026-03-18 23:31:45.868000
XRPUSDT,1592214806.0,1.4647,3.6,,,True,329.89422842012425,0.9984621739980795,50.83369785986639,-0.13844242249387312,0.047,0.9999998901223623,61.92724951517557,12.882603222923407,2026-03-18 23:31:45.868000
XRPUSDT,1592214807.0,1.4647,3.7,,,True,330.0842523535823,0.9984659827073505,50.843695880153625,-0.13820633455579592,0.047,0.9999998901762785,61.9863374371519,12.88756745639578,2026-03-18 23:31:45.868000
XRPUSDT,1592214808.0,1.4647,3.5,,,True,330.2743128118924,0.9984697819981084,50.85369160721625,-0.13797060584589388,0.047,0.9999998902302223,62.04545135498845,12.892531691993032,2026-03-18 23:31:45.868000
XRPUSDT,1592214809.0,1.4647,26.5,,,False,330.464409788029,0.9984735718935728,50.86368504302541,-0.13773523593724762,5.962,0.9999998902841927,62.104591237556875,12.89750691428934,2026-03-18 23:31:51.830000
XRPUSDT,1592214810.0,1.4646,296.1,,,True,330.61323079319476,0.9984761108024346,50.87361359797207,-0.10774322558854188,0.074,0.9999998903129108,11812.952721453405,12.90247119993969,2026-03-18 23:31:51.904000
XRPUSDT,1592214811.0,1.4646,6.9,,,True,330.8033939996401,0.9984798850471942,50.88360260162021,-0.13735475117231127,1.908,0.9999998903667663,-7845.682373498866,12.907438883843026,2026-03-18 23:31:53.812000
XRPUSDT,1592214812.0,1.4646,3.5,,,True,330.99368058748206,0.9984836499584075,50.89358945062109,-0.13718272937495057,1.908,0.9999998904208978,45.69079790009175,12.912406562654908,2026-03-18 23:31:53.812000
XRPUSDT,1592214813.0,1.4646,3.8,,,True,331.1840035159763,0.9984874055590857,50.9035740150219,-0.13694830087474777,1.908,0.9999998904749953,62.42104001339728,12.917374236379926,2026-03-18 23:31:53.812000
XRPUSDT,1592214814.0,1.4646,3.7,,,True,331.3743627781986,0.998491151872184,50.9135562967843,-0.13671423054624632,1.908,0.9999998905290591,62.48018314537152,12.922341905029578,2026-03-18 23:31:53.812000
XRPUSDT,1592214815.0,1.4646,211.0,,,True,331.5647583673584,0.9984948889206007,50.923536297867194,-0.13648051805204559,1.908,0.9999998905830886,62.539327335218466,12.927309568613994,2026-03-18 23:31:53.812000
XRPUSDT,1592214816.0,1.4646,3.6,,,True,331.75519027666905,0.9984986167271781,50.93351402022661,-0.13624716296133565,1.531,0.9999998906370843,62.5984974979921,12.932276534974573,2026-03-18 23:31:55.343000
XRPUSDT,1592214817.0,1.4646,3.6,,,True,331.9456407747078,0.9985023353147032,50.94348943941215,-0.13600155162592648,1.531,0.9999998906909948,66.0496314123699,12.937243497739658,2026-03-18 23:31:55.343000
XRPUSDT,1592214818.0,1.4646,3.7,,,True,332.13612760968294,0.9985060447059061,50.95346258395334,-0.1357689796056024,1.531,0.9999998907448845,62.698164632609085,12.942210456918177,2026-03-18 23:31:55.343000
XRPUSDT,1592214819.0,1.4646,3.7,,,True,332.32665077479766,0.9985097449234625,50.96343345579677,-0.1355367634307598,1.531,0.9999998907987522,62.75743826026096,12.947177412518935,2026-03-18 23:31:55.343000
XRPUSDT,1592214820.0,1.4646,3.7,,,True,332.517210263238,0.998513435989991,50.97340205688604,-0.13530490265710962,1.531,0.9999998908525987,62.81674195190874,12.952144364548792,2026-03-18 23:31:55.343000
XRPUSDT,1592214821.0,1.4646,628.6,,,True,332.7078060681935,0.9985171179280559,50.98336838916193,-0.1350733968556169,1.531,0.9999998909064224,62.87607162675045,12.957111313016236,2026-03-18 23:31:55.343000
XRPUSDT,1592214822.0,1.4646,3.5,,,True,332.89843818285794,0.998520790760166,50.99333245456235,-0.13484224559745955,1.531,0.9999998909602265,62.93542727446371,12.962078257928466,2026-03-18 23:31:55.343000
XRPUSDT,1592214823.0,1.4646,3.5,,,True,333.0891066004287,0.9985244545087746,51.00329425502238,-0.13461144845384748,1.531,0.9999998910140083,62.994808942376224,12.967045199293532,2026-03-18 23:31:55.343000
XRPUSDT,1592214824.0,1.4646,3.5,,,True,333.27981131410706,0.9985281091962801,51.01325379247422,-0.1343810049963589,1.531,0.9999998910677692,63.054216575488084,12.972012137118597,2026-03-18 23:31:55.343000
XRPUSDT,1592214825.0,1.4646,3.7,,,True,333.4705523170981,0.9985317548450263,51.02321106884726,-0.1341509147964881,1.531,0.9999998911215079,63.11365024109188,12.976979071412357,2026-03-18 23:31:55.343000
XRPUSDT,1592214826.0,1.4646,3.6,,,True,333.66132960261075,0.9985353914773016,51.03316608606801,-0.13392117742625675,1.531,0.9999998911752266,63.17310985514575,12.981946002182267,2026-03-18 23:31:55.343000
XRPUSDT,1592214827.0,1.4646,3.7,,,True,333.8521431638577,0.9985390191153403,51.04311884606018,-0.13369179245755625,1.531,0.9999998912289231,63.232595495460274,12.986912929435443,2026-03-18 23:31:55.343000
XRPUSDT,1592214828.0,1.4646,3.5,,,True,334.0429929940556,0.998542637781322,51.053069350744664,-0.13346275946260944,1.531,0.9999998912825983,63.29210711950649,12.991879853179297,2026-03-18 23:31:55.343000
XRPUSDT,1592214829.0,1.4645,6.9,,,True,334.19213108620687,0.9985450619052306,51.062957208494915,-0.10421096812250152,1.019,0.9999998913105361,12066.953853412386,12.996845853874701,2026-03-18 23:31:56.362000
XRPUSDT,1592214830.0,1.4645,3.5,,,True,334.38302184688155,0.9985486656257359,51.07290331208587,-0.1330754615851424,1.019,0.9999998913641217,-8009.637101643343,13.001811854263497,2026-03-18 23:31:56.362000
XRPUSDT,1592214831.0,1.4645,5.2,,,True,334.5739489246942,0.9985522604331658,51.08284716607062,-0.132847452487754,1.019,0.9999998914177015,63.42734675817,13.006777853088838,2026-03-18 23:31:56.362000
XRPUSDT,1592214832.0,1.4645,3.8,,,True,334.76491228631215,0.9985558463495013,51.092788772319956,-0.132619775025488,1.019,0.9999998914712769,63.492128918285246,13.011743850354579,2026-03-18 23:31:56.362000
XRPUSDT,1592214833.0,1.4645,3.7,,,True,334.9559119249129,0.9985594233966693,51.10272813274024,-0.13239244722165466,1.019,0.9999998915248463,63.55180492796259,13.01670984606557,2026-03-18 23:31:56.362000
XRPUSDT,1592214834.0,1.4645,3.6,,,True,335.146947833678,0.9985629915965424,51.11266524923502,-0.1321654686508186,1.019,0.9999998915784097,63.6115068960874,13.021675840225571,2026-03-18 23:31:56.362000
XRPUSDT,1592214835.0,1.4645,3.6,,,True,335.3380200057925,0.9985665509709399,51.122600123705055,-0.1319388388874477,1.019,0.9999998916319685,63.671234902006226,13.026641832838553,2026-03-18 23:31:56.362000
XRPUSDT,1592214836.0,1.4645,0.7,,,True,335.5291284344456,0.9985701015416283,51.13253275804834,-0.13171255750638455,1.019,0.9999998916855217,63.73098888178576,13.031607823909697,2026-03-18 23:31:56.362000
XRPUSDT,1592214837.0,1.4646,23.8,,,False,335.7620875682473,0.9985748057389148,51.142522457506374,-0.16009277434110208,0.106,0.999999891764627,-6032.956338000762,13.036572195577213,2026-03-18 23:31:56.468000
XRPUSDT,1592214838.0,1.4646,3.7,,,False,335.9532348699192,0.998578335892128,51.15245042308878,-0.13114759723767444,1.991,0.99999989181803,8199.411004385562,13.04153990168611,2026-03-18 23:31:58.459000
XRPUSDT,1592214839.0,1.4646,3.5,,,False,336.1445041739994,0.9985818573137011,51.162376275807254,-0.13098113326786487,1.991,0.9999998918716998,47.27180951023392,13.046507602664459,2026-03-18 23:31:58.459000
XRPUSDT,1592214840.0,1.4646,3.7,,,False,336.33580963005375,0.9985853700251698,51.17229989585078,-0.13075621105778362,1.991,0.9999998919253336,64.03093794790084,13.051475298518435,2026-03-18 23:31:58.459000
XRPUSDT,1592214841.0,1.4646,56.7,,,False,336.52715123127103,0.9985888740480169,51.18222128510471,-0.1305316355113501,1.991,0.999999891978933,64.09077686789014,13.05644298925877,2026-03-18 23:31:58.459000
XRPUSDT,1592214842.0,1.4646,3.7,,,False,336.71852897097205,0.9985923694036728,51.19214044545184,-0.1303074062899493,1.991,0.9999998920324973,64.15061683964649,13.061410674894768,2026-03-18 23:31:58.459000
XRPUSDT,1592214843.0,1.4646,3.7,,,False,336.90994284248086,0.9985958561135151,51.202057378772224,-0.13008352296739156,1.991,0.9999998920860267,64.21048285752995,13.066378355438667,2026-03-18 23:31:58.459000
XRPUSDT,1592214844.0,1.4646,19.1,,,False,337.10139283912577,0.9985993341988695,51.211972086943135,-0.1298599851178391,1.991,0.999999892139521,64.27037486880923,13.071346030900271,2026-03-18 23:31:58.459000
XRPUSDT,1592214845.0,1.4646,1874.3,,,False,337.2928789542385,0.9986028036810086,51.2218845718391,-0.12963679231562214,1.904,0.9999998921929798,64.33029289849213,13.076313549313285,2026-03-18 23:32:00.363000
XRPUSDT,1592214846.0,1.4646,937.5,,,False,337.48439726796965,0.9986062645811534,51.231794829906526,-0.1294113091504171,1.904,0.999999892246394,65.15159518359815,13.081281062983177,2026-03-18 23:32:00.363000
XRPUSDT,1592214847.0,1.4646,319.1,,,False,337.67595169357793,0.9986097169204725,51.241702868476,-0.1291888197567903,1.904,0.9999998922997756,64.44598084454297,13.086248571921464,2026-03-18 23:32:00.363000
XRPUSDT,1592214848.0,1.4646,190.0,,,False,337.867542224402,0.9986131607200832,51.25160868941368,-0.12896667407889645,1.904,0.9999998923531255,64.50598263716084,13.091216076136805,2026-03-18 23:32:00.363000
XRPUSDT,1592214849.0,1.4646,3.6,,,False,338.0591688537788,0.99861659600105,51.261512294582936,-0.12874487168846865,1.904,0.9999998924064427,64.56601150569396,13.096183575640753,2026-03-18 23:32:00.363000
XRPUSDT,1592214850.0,1.4646,3.6,,,False,338.25083157504906,0.9986200227843867,51.27141368584446,-0.12852341216097532,1.904,0.9999998924597288,64.62606641190982,13.101151070440931,2026-03-18 23:32:00.363000
XRPUSDT,1592214851.0,1.4646,3.5,,,False,338.44253038155705,0.998623441091055,51.28131286505619,-0.12830229507216137,1.904,0.9999998925129838,64.68614734267933,13.106118560548644,2026-03-18 23:32:00.363000
XRPUSDT,1592214852.0,1.4646,3.5,,,False,338.6342652666508,0.9986268509419653,51.2912098340734,-0.1280815199980347,1.904,0.9999998925662067,64.74625428930848,13.111086045973225,2026-03-18 23:32:00.363000
XRPUSDT,1592214853.0,1.4646,28.7,,,False,338.8260362236821,0.9986302523579769,51.30110459474858,-0.12786108651470668,1.904,0.9999998926193987,64.80638727566209,13.116053526724679,2026-03-18 23:32:00.363000
XRPUSDT,1592214854.0,1.4646,3.5,,,False,339.0178432460062,0.9986336453598975,51.31099714893161,-0.12764099419859348,1.904,0.9999998926725581,64.86654627979985,13.121021002812517,2026-03-18 23:32:00.363000
XRPUSDT,1592214855.0,1.4646,3.7,,,False,339.20968632698214,0.9986370299684845,51.320887498469574,-0.12742124262629825,1.904,0.9999998927256869,64.92673130425716,13.125988474247068,2026-03-18 23:32:00.363000
XRPUSDT,1592214856.0,1.4646,3.7,,,False,339.4015654599727,0.9986404062044433,51.33077564520692,-0.1272018313745693,1.904,0.9999998927787845,64.98694238374487,13.13095594103749,2026-03-18 23:32:00.363000
XRPUSDT,1592214857.0,1.4646,3.7,,,False,339.5934806383442,0.9986437740884293,51.340661590985384,-0.1269827600205005,1.904,0.9999998928318506,65.04717946868011,13.135923403194061,2026-03-18 23:32:00.363000
XRPUSDT,1592214858.0,1.4646,3.7,,,False,339.78543185546687,0.9986471336410472,51.35054533764402,-0.12676402814126858,1.904,0.9999998928848857,65.10744260054707,13.140890860725724,2026-03-18 23:32:00.363000
XRPUSDT,1592214859.0,1.4646,3.6,,,False,339.9774191047142,0.9986504848828507,51.360426887019194,-0.1265456353143989,1.904,0.9999998929378898,65.16773174682933,13.145858313642723,2026-03-18 23:32:00.363000
XRPUSDT,1592214860.0,1.4646,3.0,,,False,340.16944237946365,0.9986538278343434,51.37030624094461,-0.126327581117482,1.904,0.9999998929908632,65.22804694916742,13.150825761954883,2026-03-18 23:32:00.363000
XRPUSDT,1592214861.0,1.4646,0.5,,,False,340.36150167309614,0.9986571625159786,51.3801834012513,-0.1261098651284297,1.904,0.9999998930438051,65.28838817979991,13.155793205671584,2026-03-18 23:32:00.363000
XRPUSDT,1592214862.0,1.4647,3.5,,,False,340.595607572948,0.9986615806078054,51.39011432821607,-0.1532737113659033,0.018,0.9999998931217704,-6148.320881995807,13.160757445343037,2026-03-18 23:32:00.381000
XRPUSDT,1592214863.0,1.4647,3.7,,,False,340.78766417128753,0.9986648961102681,51.399986869095734,-0.1255400125862453,0.018,0.9999998931743982,8364.855430445808,13.16572168714206,2026-03-18 23:32:00.381000
XRPUSDT,1592214864.0,1.4647,63.9,,,False,340.97975690937557,0.9986682034105954,51.409857222852885,-0.12532373937405197,0.018,0.9999998932270485,65.39267402177286,13.170685931086405,2026-03-18 23:32:00.381000
XRPUSDT,1592214865.0,1.4647,330.3,,,False,341.17188578085387,0.998671502529024,51.4197253913042,-0.1251078015759549,0.005,0.9999998932797208,65.45318174111398,13.175650155246286,2026-03-18 23:32:00.386000
XRPUSDT,1592214866.0,1.4647,583.8,,,False,341.36405021213005,0.9986747934857413,51.42959137551586,-0.1248918313965171,0.001,0.9999998933324147,65.62534788311363,13.180614374857221,2026-03-18 23:32:00.387000
XRPUSDT,1592214867.0,1.4647,5.2,,,False,341.556250590043,0.9986780763008848,51.43945517782193,-0.12467645206752319,0.001,0.9999998933851303,65.60811973231733,13.18557859666742,2026-03-18 23:32:00.387000
XRPUSDT,1592214868.0,1.4647,6.9,,,False,341.7484870822245,0.998681350994543,51.449316800261066,-0.12446151978716445,0.001,0.9999998934378685,65.63431660788862,13.19054282067354,2026-03-18 23:32:00.387000
XRPUSDT,1592214869.0,1.4647,3.6,,,False,341.94075968188076,0.9986846175867544,51.45917624463883,-0.12424692095204884,0.001,0.9999998934906283,65.69501830291563,13.19550704687287,2026-03-18 23:32:00.387000
XRPUSDT,1592214870.0,1.4647,3.6,,,False,342.1330683822218,0.9986878760975091,51.46903351275812,-0.12403265514640127,0.001,0.9999998935434102,65.75574603849351,13.200471275263704,2026-03-18 23:32:00.387000
XRPUSDT,1592214871.0,1.4647,3.7,,,False,342.3254131764615,0.9986911265467476,51.47888860641928,-0.1238187219547598,0.001,0.9999998935962139,65.81649979471744,13.205435505843154,2026-03-18 23:32:00.387000
XRPUSDT,1592214872.0,1.4647,3.7,,,False,342.5177940578175,0.9986943689543617,51.48874152742001,-0.12360512096183149,0.001,0.999999893649039,65.87727958741345,13.21039973860854,2026-03-18 23:32:00.387000
XRPUSDT,1592214873.0,1.4647,3.7,,,False,342.71021101951146,0.9986976033401943,51.49859227755544,-0.12339185175258818,0.001,0.9999998937018857,65.93808539886649,13.215363973557656,2026-03-18 23:32:00.387000
XRPUSDT,1592214874.0,1.4647,3.5,,,False,342.9026640547689,0.9987008297240398,51.508440858618066,-0.12317891391215327,0.001,0.9999998937547534,65.99891724900617,13.22032821068782,2026-03-18 23:32:00.387000
XRPUSDT,1592214875.0,1.4647,150.0,,,False,343.09515315681864,0.9987040481256434,51.51828727239784,-0.12296630702589961,0.001,0.9999998938076413,66.05977514390973,13.22529244999746,2026-03-18 23:32:00.387000
XRPUSDT,1592214876.0,1.4647,3.5,,,False,343.287678318894,0.9987072585647027,51.52813152068211,-0.12275403067944488,0.001,0.9999998938605504,66.12065905507596,13.230256691482719,2026-03-18 23:32:00.387000
XRPUSDT,1592214877.0,1.4647,3.7,,,False,343.4802395342317,0.9987104610608664,51.53797360525564,-0.12254208445855533,0.001,0.9999998939134797,66.18156901852414,13.235220935142486,2026-03-18 23:32:00.387000
XRPUSDT,1592214878.0,1.4647,3.5,,,False,343.67283679607243,0.9987136556337348,51.547813527900594,-0.12233046794932091,0.001,0.999999893966429,66.24250500709154,13.240185180973683,2026-03-18 23:32:00.387000
XRPUSDT,1592214879.0,1.4647,3.6,,,False,343.86547009766053,0.9987168423028607,51.557651290396606,-0.12211918073802258,0.001,0.9999998940193987,66.30346702154529,13.245149428973319,2026-03-18 23:32:00.387000
XRPUSDT,1592214880.0,1.4647,3.7,,,False,344.0581394322442,0.9987200210877484,51.56748689452074,-0.12190822241108729,0.001,0.9999998940723875,66.3644550957399,13.250113679139172,2026-03-18 23:32:00.387000
XRPUSDT,1592214881.0,1.4647,3.5,,,False,344.25084479307566,0.9987231920078545,51.577320342047464,-0.12169759255525209,0.001,0.9999998941253962,66.42546919626521,13.255077931469911,2026-03-18 23:32:00.387000
XRPUSDT,1592214882.0,1.4648,3.5,,,False,344.48575245231336,0.9987273930661724,51.58720504384034,-0.14791960945302712,0.081,0.9999998942030784,-6241.76455397567,13.260042317009036,2026-03-18 23:32:00.468000
XRPUSDT,1592214883.0,1.4648,3.7,,,False,344.6785411450338,0.9987305457467265,51.597034065692114,-0.12120054457890625,0.081,0.9999998942561159,8475.030824064914,13.265006704340646,2026-03-18 23:32:00.468000
XRPUSDT,1592214884.0,1.4648,6.9,,,False,344.8713658344624,0.9987336906269206,51.60686093649796,-0.12099101299684922,0.081,0.9999998943091695,66.62625255066067,13.269971093553123,2026-03-18 23:32:00.468000
XRPUSDT,1592214885.0,1.4648,3.8,,,False,345.06422651583557,0.9987368277260052,51.616685658024174,-0.12078180933580154,0.081,0.9999998943622398,66.68697908638156,13.274935484646683,2026-03-18 23:32:00.468000
XRPUSDT,1592214886.0,1.4648,3.6,,,False,345.25712318243353,0.9987399570631837,51.62650823203203,-0.12057293195327021,0.081,0.9999998944153267,66.74812288255728,13.279899877617424,2026-03-18 23:32:00.468000
XRPUSDT,1592214887.0,1.4648,3.6,,,False,345.45005582754044,0.9987430786576127,51.63632866028029,-0.12036438043731422,0.081,0.9999998944684294,66.8092927198263,13.284864272464684,2026-03-18 23:32:00.468000
XRPUSDT,1592214888.0,1.4648,3.7,,,False,345.643024444444,0.9987461925284007,51.64614694452514,-0.12015615437626942,0.081,0.9999998945215488,66.87048860456684,13.289828669186361,2026-03-18 23:32:00.468000
XRPUSDT,1592214889.0,1.4648,3.7,,,False,345.83602902643577,0.9987492986946106,51.6559630865203,-0.11994825335858791,0.081,0.9999998945746834,66.93171054988447,13.294793067779691,2026-03-18 23:32:00.468000
XRPUSDT,1592214890.0,1.4648,3.5,,,False,346.02906956681096,0.9987523971752575,51.66577708801692,-0.11974067697312073,0.081,0.9999998946278339,66.99295852365378,13.299757468244293,2026-03-18 23:32:00.468000
XRPUSDT,1592214891.0,1.4648,3.7,,,False,346.22214605886876,0.99875548798931,51.67558895076364,-0.11953342480887015,0.081,0.9999998946809997,67.05423255229023,13.304721870576257,2026-03-18 23:32:00.468000
XRPUSDT,1592214892.0,1.4648,3.5,,,False,346.41525849591187,0.998758571155691,51.68539867650661,-0.11932649645504728,0.081,0.9999998947341804,67.11553262238704,13.309686274775071,2026-03-18 23:32:00.468000
XRPUSDT,1592214893.0,1.4648,3.5,,,False,346.6084068712468,0.9987616466932754,51.695206266989445,-0.11911989150113306,0.081,0.9999998947873767,67.1768587590003,13.314650680839428,2026-03-18 23:32:00.468000
XRPUSDT,1592214894.0,1.4648,3.5,,,False,346.801591178184,0.998764714620893,51.70501172395325,-0.1189136095368512,0.081,0.9999998948405873,67.23821093343582,13.319615088765751,2026-03-18 23:32:00.468000
XRPUSDT,1592214895.0,1.4648,3.6,,,False,346.99481141003736,0.9987677749573267,51.714815049136654,-0.11870765015220149,0.081,0.999999894893813,67.29958915001069,13.324579498553021,2026-03-18 23:32:00.468000
XRPUSDT,1592214896.0,1.4648,3.7,,,False,347.1880675601247,0.9987708277213138,51.72461624427579,-0.1185020129373184,0.081,0.999999894947053,67.360993432785,13.329543910199396,2026-03-18 23:32:00.468000
XRPUSDT,1592214897.0,1.4648,3.5,,,False,347.3813596217675,0.9987738729315447,51.734415311104286,-0.11829669748262978,0.081,0.9999998950003072,67.42242377881371,13.334508323702563,2026-03-18 23:32:00.468000
XRPUSDT,1592214898.0,1.4649,3.7,,,False,347.616977439262,0.9987779073763685,51.744263694463854,-0.14378246192071475,0.081,0.9999998950779097,-6317.04374487839,13.339472739077243,2026-03-18 23:32:00.468000
XRPUSDT,1592214899.0,1.4649,3.5,,,False,347.81034918180984,0.9987809350685316,51.75405839219699,-0.11781021416282446,0.081,0.9999998951311717,8578.232646794053,13.344437156214413,2026-03-18 23:32:00.468000
XRPUSDT,1592214900.0,1.4649,200.0,,,False,348.0037568125187,0.9987839552688247,51.763850967067924,-0.11760598587303792,0.081,0.9999998951844481,67.62077675923307,13.34940157520483,2026-03-18 23:32:00.468000
XRPUSDT,1592214901.0,1.4649,3.5,,,False,348.1972003266425,0.9987869679957411,51.773641420802086,-0.1174020786980692,0.081,0.9999998952377378,67.68193089780198,13.354365996044319,2026-03-18 23:32:00.468000
XRPUSDT,1592214902.0,1.4649,3.5,,,False,348.39067971752195,0.9987899732677282,51.783429755120146,-0.11719849106392764,0.081,0.9999998952910416,67.7434970983334,13.359330418732416,2026-03-18 23:32:00.468000
XRPUSDT,1592214903.0,1.4649,6.9,,,False,348.58419497850196,0.9987929711031887,51.7932159717403,-0.11699522256265872,0.081,0.9999998953443581,67.8050893560133,13.364294843264888,2026-03-18 23:32:00.468000
XRPUSDT,1592214904.0,1.4649,3.8,,,False,348.77774610293073,0.9987959615204796,51.80300007237827,-0.11679227278652107,0.081,0.9999998953976873,67.8667076848862,13.369259269642198,2026-03-18 23:32:00.468000
XRPUSDT,1592214905.0,1.4649,3.6,,,False,348.97133308416034,0.9987989445379126,51.81278205874733,-0.11658964132808963,0.081,0.9999998954510295,67.9283520723872,13.374223697861865,2026-03-18 23:32:00.468000
XRPUSDT,1592214906.0,1.4649,3.6,,,False,349.1649559155465,0.9988019201737551,51.82256193255831,-0.11638732778016685,0.081,0.9999998955043838,67.99002251310692,13.3791881279219,2026-03-18 23:32:00.468000
XRPUSDT,1592214907.0,1.4649,3.5,,,False,349.3586145904488,0.9988048884462292,51.832339695519586,-0.11618533173578659,0.081,0.9999998955577512,68.05171902080886,13.38415255982012,2026-03-18 23:32:00.468000
XRPUSDT,1592214908.0,1.4649,3.5,,,False,349.55230910223014,0.9988078493735121,51.84211534933706,-0.11598365278823862,0.081,0.9999998956111303,68.11344159371743,13.38911699355452,2026-03-18 23:32:00.468000
XRPUSDT,1592214909.0,1.4649,3.6,,,False,349.74603944425746,0.9988108029737365,51.851888895714254,-0.11578229053106776,0.081,0.9999998956645221,68.17519023310263,13.394081429124498,2026-03-18 23:32:00.468000
XRPUSDT,1592214910.0,1.4649,3.5,,,True,349.9398056099014,0.998813749264991,51.861660336352216,-0.1155812445581123,0.312,0.9999998957179252,68.23696491198338,13.399046226528377,2026-03-18 23:32:00.780000
XRPUSDT,1592214911.0,1.4649,375.3,,,True,350.13361697834085,0.9988166882653189,51.871429684000745,-0.1153860829590021,0.312,0.9999998957713668,66.40407531043671,13.404011025004335,2026-03-18 23:32:00.780000
XRPUSDT,1592214912.0,1.4649,3.7,,,True,350.32746414082607,0.9988196199927198,51.88119692923101,-0.11518563725291567,0.312,0.9999998958248129,68.37119509168186,13.408975824552005,2026-03-18 23:32:00.780000
XRPUSDT,1592214913.0,1.4649,3.7,,,True,350.52134709076034,0.9988225444651488,51.89096207373714,-0.11498550674065056,0.312,0.999999895878266,68.43303095647249,13.413940625170493,2026-03-18 23:32:00.780000
XRPUSDT,1592214914.0,1.4649,3.7,,,True,350.7152658215523,0.9988254617005171,51.900725119210904,-0.11478569101765462,0.312,0.9999998959317242,68.49489251678712,13.418905426859785,2026-03-18 23:32:00.780000
XRPUSDT,1592214915.0,1.4649,3.7,,,True,350.9092203266145,0.9988283717166916,51.910486067341594,-0.1145861896786273,0.312,0.9999998959851888,68.55678012285782,13.423870229619167,2026-03-18 23:32:00.780000
XRPUSDT,1592214916.0,1.4649,44.1,,,True,351.10321059936336,0.9988312745314958,51.920244919816135,-0.11438700231841846,0.312,0.9999998960386572,68.6186938005673,13.42883503344825,2026-03-18 23:32:00.780000
XRPUSDT,1592214917.0,1.4649,3.6,,,True,351.29723663321846,0.9988341701627086,51.93000167831898,-0.11418812853212414,0.312,0.9999998960921324,68.68063357472124,13.433799838347158,2026-03-18 23:32:00.780000
XRPUSDT,1592214918.0,1.4649,3.5,,,True,351.4912984216033,0.9988370586280662,51.93975634453227,-0.11398956791516004,0.312,0.9999998961456115,68.74259940285903,13.438764644313814,2026-03-18 23:32:00.780000
XRPUSDT,1592214919.0,1.4649,3.7,,,True,351.68539595794493,0.9988399399452601,51.94950892013568,-0.11379132006318723,0.312,0.9999998961990956,68.80459131303631,13.443729451348679,2026-03-18 23:32:00.780000
XRPUSDT,1592214920.0,1.4649,3.6,,,True,351.8795292356739,0.9988428141319394,51.9592594068065,-0.11359338457208518,0.312,0.9999998962525849,68.86660930060505,13.448694259451582,2026-03-18 23:32:00.780000
XRPUSDT,1592214921.0,1.4649,3.7,,,True,352.0736982482246,0.9988456812057092,51.96900780621968,-0.11339576103801592,0.312,0.9999998963060782,68.92865337324821,13.453659068622178,2026-03-18 23:32:00.780000
XRPUSDT,1592214922.0,1.4649,3.5,,,True,352.267902989035,0.9988485411841312,51.9787541200477,-0.11319844905751812,0.312,0.9999998963595763,68.9907234872757,13.458623878858692,2026-03-18 23:32:00.780000
XRPUSDT,1592214923.0,1.4649,3.7,,,True,352.4621434515465,0.9988513940847247,51.98849834996072,-0.11300144822712797,0.312,0.999999896413079,69.05281973152879,13.463588690161908,2026-03-18 23:32:00.780000
XRPUSDT,1592214924.0,1.4649,3.5,,,True,352.65641962920444,0.9988542399249651,51.99824049762652,-0.11280475814397811,0.312,0.9999998964665858,69.11494199616064,13.468553502530986,2026-03-18 23:32:00.780000
XRPUSDT,1592214925.0,1.4649,3.6,,,True,352.8507315154574,0.9988570787222852,52.007980564710465,-0.1126083784051367,0.312,0.9999998965200967,69.17709040046299,13.473518315965476,2026-03-18 23:32:00.780000
XRPUSDT,1592214926.0,1.4649,3.7,,,True,353.0450791037578,0.9988599104940755,52.017718552875586,-0.11241230860816206,0.312,0.9999998965736114,69.23926484743173,13.478483130464674,2026-03-18 23:32:00.780000
XRPUSDT,1592214927.0,1.4649,3.5,,,True,353.2394623875617,0.9988627352576828,52.027454463782554,-0.11221654835082627,0.312,0.9999998966271296,69.30146538056485,13.483447946027916,2026-03-18 23:32:00.780000
XRPUSDT,1592214928.0,1.4649,3.5,,,True,353.4338813603285,0.9988655530304118,52.03718829908964,-0.11202109723114878,0.312,0.9999998966806523,69.36369199100584,13.488412762655514,2026-03-18 23:32:00.780000
XRPUSDT,1592214929.0,1.4648,5.2,,,True,353.5858053329782,0.9988674408131307,52.0468721476203,-0.08746454941465104,0.022,0.9999998967104405,13008.14313550978,13.493377143104647,2026-03-18 23:32:00.802000
XRPUSDT,1592214930.0,1.4648,3.6,,,True,353.7802763928945,0.9988702469402078,52.05660193355606,-0.1116975786445926,0.022,0.9999998967639572,-8635.756173781567,13.498341525562223,2026-03-18 23:32:00.802000
XRPUSDT,1592214931.0,1.4648,3.6,,,True,353.9747831440709,0.9988730461224248,52.06632964869191,-0.11150296930152502,0.022,0.9999998968174836,69.52364225683024,13.50330591000345,2026-03-18 23:32:00.802000
XRPUSDT,1592214932.0,1.4648,1072.7,,,True,354.16932557945324,0.9988758383769308,52.076055294676344,-0.11130866722436646,0.022,0.9999998968710195,69.58609135990682,13.508270296426375,2026-03-18 23:32:00.802000
XRPUSDT,1592214933.0,1.4648,3.7,,,True,354.36390369248915,0.9988786237208324,52.08577887315598,-0.11111467229858106,0.022,0.9999998969245647,69.64846447840246,13.513234684829408,2026-03-18 23:32:00.802000
XRPUSDT,1592214934.0,1.4648,6.9,,,True,354.55851747662985,0.9988814021711944,52.09550038577518,-0.1109209841241598,0.022,0.9999998969781196,69.71086367776245,13.518199075209187,2026-03-18 23:32:00.802000
XRPUSDT,1592214935.0,1.4648,201.0,,,True,354.7531669253303,0.9988841737450395,52.105219834175905,-0.11072760230144418,0.022,0.9999998970316838,69.77328894117072,13.52316346756364,2026-03-18 23:32:00.802000
XRPUSDT,1592214936.0,1.4648,375.3,,,True,354.94785203204896,0.998886938459349,52.11493721999784,-0.11053452643089348,0.022,0.9999998970852565,69.83574031068558,13.528127861891459,2026-03-18 23:32:00.802000
XRPUSDT,1592214937.0,1.4648,3.5,,,True,355.1425727902478,0.9988896963310617,52.12465254487831,-0.1103417561133388,0.022,0.9999998971388384,69.8982177675514,13.533092258189983,2026-03-18 23:32:00.802000
XRPUSDT,1592214938.0,1.4648,3.7,,,True,355.33732919339263,0.9988924473770756,52.134365810452344,-0.11014929094991904,0.022,0.9999998971924293,69.96072128511406,13.538056656457854,2026-03-18 23:32:00.802000
XRPUSDT,1592214939.0,1.4648,3.7,,,True,355.5321212349528,0.9988951916142462,52.14407701835267,-0.10995713054197909,0.022,0.9999998972460286,70.02325090468061,13.543021056692146,2026-03-18 23:32:00.802000
XRPUSDT,1592214940.0,1.4648,3.7,,,True,355.726948908401,0.9988979290593885,52.15378617020964,-0.10976527449111362,0.022,0.9999998972996361,70.08580661787698,13.547985458890983,2026-03-18 23:32:00.802000
XRPUSDT,1592214941.0,1.4648,3.6,,,True,355.92181220721386,0.9989006597292754,52.163493267651376,-0.10957372239923649,0.022,0.9999998973532516,70.14838841929247,13.552949863052195,2026-03-18 23:32:00.802000
XRPUSDT,1592214942.0,1.4648,3.5,,,True,356.11671112487136,0.9989033836406391,52.17319831230364,-0.10938247386856728,0.022,0.9999998974068757,70.21099629695742,13.55791426917443,2026-03-18 23:32:00.802000
XRPUSDT,1592214943.0,1.4648,3.7,,,True,356.3116456548571,0.9989061008101707,52.182901305789954,-0.1091915285015272,0.022,0.9999998974605068,70.27363026844047,13.56287867725406,2026-03-18 23:32:00.802000
XRPUSDT,1592214944.0,1.4648,3.5,,,True,356.5066157906584,0.9989088112545196,52.19260224973145,-0.1090008859008665,0.022,0.9999998975141465,70.33629033609435,13.567843087289868,2026-03-18 23:32:00.802000
XRPUSDT,1592214945.0,1.4647,3.7,,,True,356.65896300907764,0.9989106270754878,52.20225491839155,-0.085101843005182,0.066,0.9999998975443519,13161.56345449921,13.572807563816983,2026-03-18 23:32:00.868000
XRPUSDT,1592214946.0,1.4647,3.5,,,True,356.85399822081854,0.9989133263169357,52.211951875842644,-0.1086925962209661,0.066,0.9999998975980289,-8739.771402825681,13.577772042226476,2026-03-18 23:32:00.868000
XRPUSDT,1592214947.0,1.4647,6.9,,,True,357.0490690187867,0.998916018877478,52.22164678834915,-0.1085027375817401,0.066,0.999999897651713,70.51230092803021,13.5827365224499,2026-03-18 23:32:00.868000
XRPUSDT,1592214948.0,1.4647,3.6,,,True,357.2441753950244,0.9989187047736144,52.23133965752218,-0.10831317949825346,0.066,0.9999998977054029,70.575358785633,13.587701004485229,2026-03-18 23:32:00.868000
XRPUSDT,1592214949.0,1.4647,3.6,,,True,357.4393173430401,0.9989213840218043,52.24103048497203,-0.10812392238827329,0.066,0.9999998977590988,70.63814046650702,13.592665488330416,2026-03-18 23:32:00.868000
XRPUSDT,1592214950.0,1.4647,3.7,,,True,357.6344948563462,0.998924056638467,52.25071927230682,-0.1079349658561049,0.066,0.9999998978128,70.7009481790989,13.597629973983404,2026-03-18 23:32:00.868000
XRPUSDT,1592214951.0,1.4647,3.7,,,True,357.8297079284583,0.9989267226399805,52.26040602113235,-0.10774630950607472,0.066,0.9999998978665076,70.76378204259107,13.602594461442699,2026-03-18 23:32:00.868000
XRPUSDT,1592214952.0,1.4647,3.7,,,True,358.0249565528956,0.9989293820426836,52.27009073305217,-0.10755795294298559,0.066,0.9999998979202204,70.82664196470122,13.607558950706908,2026-03-18 23:32:00.868000
XRPUSDT,1592214953.0,1.4647,3.5,,,True,358.2202407231811,0.9989320348628742,52.279773409667584,-0.10736989577173071,0.066,0.999999897973938,70.8895280272467,13.612523441773323,2026-03-18 23:32:00.868000
XRPUSDT,1592214954.0,1.4647,3.6,,,True,358.41556043284106,0.9989346811168105,52.28945405257762,-0.10718213759768663,0.066,0.9999998980276608,70.9524401523581,13.617487934639948,2026-03-18 23:32:00.868000
XRPUSDT,1592214955.0,1.4647,3.7,,,True,358.61091567540547,0.9989373208207107,52.299132663379034,-0.10699467802641088,0.066,0.9999998980813888,71.01537837578586,13.622452429305628,2026-03-18 23:32:00.868000
XRPUSDT,1592214956.0,1.4647,3.5,,,True,358.8063064444077,0.9989399539907527,52.30880924366637,-0.10680751666369986,0.066,0.9999998981351215,71.07834272948891,13.627416925768925,2026-03-18 23:32:00.868000
XRPUSDT,1592214957.0,1.4646,6.9,,,True,358.9589778949073,0.998941717988169,52.318438783508824,-0.08338665178455859,0.395,0.9999998981656365,13277.153732429122,13.632381896847718,2026-03-18 23:32:01.263000
XRPUSDT,1592214958.0,1.4647,555.4,,,False,359.1972096708397,0.9989452008481807,52.32815633495372,-0.12968651366420872,0.247,0.9999998982426368,-13293.632739687435,13.6373466566782,2026-03-18 23:32:01.510000
XRPUSDT,1592214959.0,1.4646,3.7,,,True,359.34994338989827,0.9989469561236302,52.33778203496689,-0.08309871471181657,0.158,0.9999998982732102,26541.588653470637,13.642311290001402,2026-03-18 23:32:01.668000
XRPUSDT,1592214960.0,1.4646,3.5,,,True,359.5454718715147,0.9989495654438482,52.3474506153675,-0.10613326044361841,0.158,0.9999998983269793,-8827.795673697969,13.647275924992945,2026-03-18 23:32:01.668000
XRPUSDT,1592214961.0,1.4646,6.9,,,True,359.74103584606655,0.9989521683052559,52.3571171729407,-0.10594746036348932,0.158,0.9999998983807497,71.3830093206317,13.652240561494398,2026-03-18 23:32:01.668000
XRPUSDT,1592214962.0,1.4646,3.6,,,True,359.93663530368246,0.9989547647238076,52.36678170926459,-0.10576195448094781,0.158,0.9999998984345223,71.44683295341325,13.657205199504993,2026-03-18 23:32:01.668000
XRPUSDT,1592214963.0,1.4646,3.6,,,True,360.13227023792876,0.9989573547154179,52.376444225918746,-0.10557674426484401,0.158,0.9999998984882966,71.50996758749555,13.662169839022141,2026-03-18 23:32:01.668000
XRPUSDT,1592214964.0,1.4646,3.7,,,True,360.3279406423749,0.998959938295962,52.38610472448045,-0.10539182932290832,0.158,0.9999998985420728,71.57312837062433,13.667134480045181,2026-03-18 23:32:01.668000
XRPUSDT,1592214965.0,1.4646,3.7,,,True,360.52364651059446,0.9989625154812762,52.39576320652476,-0.1052072092633015,0.158,0.999999898595851,71.6363152407947,13.672099122573451,2026-03-18 23:32:01.668000
XRPUSDT,1592214966.0,1.4646,3.7,,,True,360.71938783616406,0.9989650862871584,52.40541967362461,-0.10502288369441519,0.158,0.9999998986496305,71.69952821581712,13.677063766603746,2026-03-18 23:32:01.668000
XRPUSDT,1592214967.0,1.4646,3.5,,,True,360.915164612664,0.9989676507293669,52.41507412735063,-0.10483885222493095,0.158,0.9999998987034109,71.76276730903652,13.682028412137745,2026-03-18 23:32:01.668000
XRPUSDT,1592214968.0,1.4646,3.5,,,True,361.11097683367797,0.9989702088236214,52.42472656927128,-0.10465511446382714,0.158,0.9999998987571934,71.82603251546185,13.686993059171044,2026-03-18 23:32:01.668000
XRPUSDT,1592214969.0,1.4646,3.5,,,True,361.3068244927932,0.998972760585603,52.43437700095285,-0.10447167002039136,0.158,0.999999898810976,71.88932383117822,13.691957707704182,2026-03-18 23:32:01.668000
XRPUSDT,1592214970.0,1.4646,3.6,,,True,361.5027075836005,0.9989753060309545,52.44402542395936,-0.10428851850415521,0.158,0.9999998988647602,71.95264126504708,13.69692235773549,2026-03-18 23:32:01.668000
XRPUSDT,1592214971.0,1.4646,3.7,,,True,361.69862609969397,0.99897784517528,52.45367183985273,-0.10410565952499057,0.158,0.9999998989185448,72.01598480670219,13.701887009263528,2026-03-18 23:32:01.668000
XRPUSDT,1592214972.0,1.4646,3.5,,,True,361.89458003467126,0.9989803780341449,52.46331625019262,-0.10392309269306843,0.158,0.9999998989723305,72.07935446165384,13.706851662287765,2026-03-18 23:32:01.668000
XRPUSDT,1592214973.0,1.4646,5.0,,,False,362.09056938213354,0.9989829046230768,52.47295865653652,-0.10374081761877116,0.388,0.9999998990261166,72.14275024776903,13.71181663843102,2026-03-18 23:32:02.056000
XRPUSDT,1592214974.0,1.4646,27.9,,,False,362.2866026139174,0.998985424957565,52.48259906900094,-0.10356329748176185,4.621,0.999999899079926,70.43514971484144,13.716787524306907,2026-03-18 23:32:06.677000
XRPUSDT,1592214975.0,1.4645,3.7,,,True,362.43992941686304,0.9989871133123033,52.49219441008619,-0.08093409108576478,0.299,0.999999899111266,13403.111255876833,13.721752375868633,2026-03-18 23:32:06.976000
XRPUSDT,1592214976.0,1.4645,1.3,,,True,362.63602234425605,0.9989896232283227,52.501830917659646,-0.10326605673249634,0.299,0.9999998991649932,-8897.495164591,13.726717228795723,2026-03-18 23:32:06.976000
XRPUSDT,1592214977.0,1.4645,2.2,,,True,362.83215065721356,0.9989921269310877,52.511465427193976,-0.10308482051921702,1.885,0.9999998992187181,72.38727208871373,13.731684286352245,2026-03-18 23:32:08.861000
XRPUSDT,1592214978.0,1.4645,6.9,,,True,363.0283724649263,0.998994624435948,52.52109799838911,-0.10293425559437679,1.885,0.9999998992725992,60.28613887256686,13.736651340316662,2026-03-18 23:32:08.861000
XRPUSDT,1592214979.0,1.4645,3.8,,,True,363.2246295370032,0.9989971157582155,52.530728574241216,-0.1027534246990803,1.885,0.9999998993264461,72.58430499203021,13.741618390696207,2026-03-18 23:32:08.861000
XRPUSDT,1592214980.0,1.4645,5.2,,,True,363.42092186716815,0.9989996009131646,52.5403571562952,-0.10257288374602874,1.885,0.9999998993802592,72.64776512728244,13.746585437497446,2026-03-18 23:32:08.861000
XRPUSDT,1592214981.0,1.4645,3.6,,,True,363.6172494492137,0.9990020799160321,52.54998374609382,-0.1023926323791041,1.885,0.9999998994340381,72.71123776941619,13.75155248072856,2026-03-18 23:32:08.861000
XRPUSDT,1592214982.0,1.4645,3.6,,,True,363.81361227693606,0.9990045527820172,52.559608345177715,-0.10221267020869593,1.885,0.9999998994877835,72.7747364770533,13.756519520398074,2026-03-18 23:32:08.861000
XRPUSDT,1592214983.0,1.4645,178.0,,,True,364.0100103441341,0.9990070195262815,52.56923095508534,-0.1020329968451501,1.885,0.999999899541495,72.8382614065307,13.761486556513566,2026-03-18 23:32:08.861000
XRPUSDT,1592214984.0,1.4645,375.3,,,True,364.2064436446105,0.9990094801639495,52.57885157735299,-0.10185361189928951,1.885,0.999999899595172,72.90181248079234,13.76645358908276,2026-03-18 23:32:08.861000
XRPUSDT,1592214985.0,1.4645,3.7,,,True,364.40291217217043,0.9990119347101091,52.588470213514825,-0.10167451498218812,1.885,0.9999998996488156,72.96538971360981,13.771420618114231,2026-03-18 23:32:08.861000
XRPUSDT,1592214986.0,1.4645,3.7,,,True,364.5994159206232,0.9990143831798097,52.59808686510285,-0.10149570570531223,1.885,0.9999998997024259,73.02899310047242,13.776387643614632,2026-03-18 23:32:08.861000
XRPUSDT,1592214987.0,1.4645,3.7,,,True,364.79595488378055,0.9990168255880649,52.607701533646924,-0.10131718368034862,1.885,0.9999998997560026,73.0926226537353,13.781354665592561,2026-03-18 23:32:08.861000
XRPUSDT,1592214988.0,1.4645,3.8,,,True,364.99252905545814,0.9990192619498511,52.61731422067478,-0.10113894851931216,1.885,0.9999998998095448,73.15627836782315,13.786321684055721,2026-03-18 23:32:08.861000
XRPUSDT,1592214989.0,1.4645,3.5,,,True,365.18913842947427,0.999021692280107,52.626924927712,-0.10096099983452721,1.885,0.9999998998630545,73.21996027444364,13.79128869901162,2026-03-18 23:32:08.861000
XRPUSDT,1592214990.0,1.4645,3.7,,,True,365.3857829996509,0.9990241165937357,52.63653365628202,-0.10078333723868943,1.885,0.9999998999165304,73.28366830593757,13.79625571046885,2026-03-18 23:32:08.861000
XRPUSDT,1592214991.0,1.4645,5.8,,,True,365.5824627598129,0.9990265349056028,52.646140407906216,-0.100605960344743,1.885,0.9999998999699727,73.34740252494282,13.801222718434227,2026-03-18 23:32:08.861000
XRPUSDT,1592214992.0,1.4645,3.5,,,True,365.77917770378883,0.9990289472305375,52.655745184103736,-0.10042886876595955,1.885,0.9999999000233819,73.4111629143635,13.806189722916347,2026-03-18 23:32:08.861000
XRPUSDT,1592214993.0,1.4645,3.5,,,True,365.9759278254097,0.9990313535833328,52.6653479863917,-0.10025206211593155,1.885,0.9999999000767578,73.47494946252877,13.811156723922604,2026-03-18 23:32:08.861000
XRPUSDT,1592214994.0,1.4645,3.6,,,True,366.17271311851056,0.9990337539787453,52.67494881628505,-0.10007554000856198,1.885,0.9999999001301005,73.53876217845446,13.816123721461292,2026-03-18 23:32:08.861000
XRPUSDT,1592214995.0,1.4645,3.7,,,True,366.3695335769293,0.9990361484314949,52.68454767529665,-0.09989930205801655,1.885,0.9999999001834098,73.60260108390034,13.821090715539219,2026-03-18 23:32:08.861000
XRPUSDT,1592214996.0,1.4645,3.5,,,True,366.5663891945067,0.9990385369562653,52.69414456493724,-0.09972334787888945,1.885,0.9999999002366856,73.66646614120054,13.826057706163455,2026-03-18 23:32:08.861000
XRPUSDT,1592214997.0,1.4644,3.5,,,True,366.72020906904487,0.9990401369627093,52.70369835448066,-0.07785707273351573,0.026,0.9999999002674371,13666.366924544529,13.831022199869945,2026-03-18 23:32:08.887000
XRPUSDT,1592214998.0,1.4644,5.2,,,True,366.9170612441018,0.9990425156129561,52.7132913414586,-0.09940448978062147,0.026,0.9999999003204876,-9058.673958629039,13.835986695452885,2026-03-18 23:32:08.887000
XRPUSDT,1592214999.0,1.4644,6.9,,,True,367.1139486781901,0.9990448883742712,52.72288236379391,-0.09922946300351598,0.026,0.9999999003735391,73.76501630906523,13.840951192884846,2026-03-18 23:32:08.887000
XRPUSDT,1592215000.0,1.4644,3.8,,,True,367.3108713644548,0.9990472552612063,52.73247142298673,-0.09905471756653061,0.026,0.9999999004265929,73.82922876164974,13.845915692164658,2026-03-18 23:32:08.887000
XRPUSDT,1592215001.0,1.4644,54589.4,,,True,367.50782929657896,0.9990496162882773,52.74205852053566,-0.09888025335811931,0.026,0.9999999004796478,73.89335368363741,13.850880193290452,2026-03-18 23:32:08.887000
XRPUSDT,1592215002.0,1.4644,5351.2,,,True,367.7048224682493,0.9990519714699637,52.75164365793722,-0.09870606999736671,0.026,0.9999999005327037,73.95750474559888,13.855844696260359,2026-03-18 23:32:08.887000
XRPUSDT,1592215003.0,1.4644,322.3,,,True,367.9018508731558,0.9990543208207107,52.761226836685836,-0.0985321671036461,0.026,0.9999999005857615,74.02168192502485,13.860809201071584,2026-03-18 23:32:08.887000
XRPUSDT,1592215004.0,1.4644,32.5,,,True,368.09891450499197,0.9990566643549266,52.77080805827386,-0.09835854429656504,0.026,0.9999999006388205,74.08588528487623,13.865773707723235,2026-03-18 23:32:08.887000
XRPUSDT,1592215005.0,1.4644,71.1,,,True,368.29601335745446,0.9990590020869847,52.78038732419161,-0.09818520119620464,0.026,0.9999999006918799,74.1501147471948,13.870738216213965,2026-03-18 23:32:08.887000
XRPUSDT,1592215006.0,1.4644,3.7,,,True,368.49314742424355,0.9990613340312234,52.789964635927305,-0.09801213742287196,0.026,0.9999999007449399,74.21437033522932,13.875702726540279,2026-03-18 23:32:08.887000
XRPUSDT,1592215007.0,1.4644,3.6,,,True,368.6903166990628,0.9990636602019455,52.799539994967084,-0.09783935259709822,0.026,0.9999999007980015,74.27865209388835,13.880667238701276,2026-03-18 23:32:08.887000
XRPUSDT,1592215008.0,1.4644,3.6,,,True,368.8875211756192,0.9990659806134178,52.80911340279509,-0.09766684633984707,0.026,0.9999999008510634,74.34295999239619,13.885631752693335,2026-03-18 23:32:08.887000
XRPUSDT,1592215009.0,1.4644,747.6,,,True,369.08476084762316,0.9990682952798732,52.81868486089338,-0.09749461827239939,0.026,0.9999999009041256,74.40729399534868,13.890596268517154,2026-03-18 23:32:08.887000
XRPUSDT,1592215010.0,1.4644,3.7,,,True,369.28203570878816,0.9990706042155086,52.82825437074194,-0.09732266801621493,0.026,0.9999999009571887,74.47165418704577,13.895560786169765,2026-03-18 23:32:08.887000
XRPUSDT,1592215011.0,1.4644,3.7,,,True,369.47934575283136,0.9990729074344868,52.837821933818766,-0.09715099519320597,0.026,0.9999999010102508,74.53604048656359,13.900525305648948,2026-03-18 23:32:08.887000
XRPUSDT,1592215012.0,1.4644,3.7,,,True,369.6766909734732,0.9990752049509352,52.84738755159973,-0.09697959942551701,0.026,0.9999999010633137,74.6004529433554,13.905489826951795,2026-03-18 23:32:08.887000
XRPUSDT,1592215013.0,1.4644,3.5,,,True,369.87407136443767,0.9990774967789462,52.85695122555872,-0.0968084803356499,0.026,0.9999999011163767,74.66489153771256,13.910454350079332,2026-03-18 23:32:08.887000
XRPUSDT,1592215014.0,1.4644,3.5,,,True,370.07148691945184,0.9990797829325784,52.866512957167586,-0.09663763754637962,0.026,0.9999999011694394,74.72935627135782,13.915418875026223,2026-03-18 23:32:08.887000
XRPUSDT,1592215015.0,1.4644,3.5,,,True,370.2689376322462,0.9990820634258546,52.87607274789613,-0.09646707068079406,0.026,0.9999999012225015,74.7938471751899,13.920383401793407,2026-03-18 23:32:08.887000
XRPUSDT,1592215016.0,1.4644,3.6,,,True,370.4664234965547,0.9990843382727641,52.88563059921212,-0.09629677936237296,0.026,0.9999999012755633,74.85836418666149,13.925347930377626,2026-03-18 23:32:08.887000
XRPUSDT,1592215017.0,1.4644,3.7,,,True,370.66394450611455,0.999086607487261,52.895186512581326,-0.0961267632147723,0.026,0.9999999013286239,74.9229073917994,13.930312460776438,2026-03-18 23:32:08.887000
XRPUSDT,1592215018.0,1.4644,3.5,,,True,370.86150065466626,0.9990888710832655,52.90474048946748,-0.09595702186213134,0.026,0.9999999013816846,74.98747669706803,13.935276992989698,2026-03-18 23:32:08.887000
XRPUSDT,1592215019.0,1.4643,3.5,,,True,371.015848399067,0.9990903873561462,52.91425339311651,-0.07490669881644182,0.004,0.9999999014126464,13882.938429928272,13.940241498612448,2026-03-18 23:32:08.891000
XRPUSDT,1592215020.0,1.4643,6.9,,,True,371.21346634455506,0.9990926415932766,52.923803590635025,-0.0956810689844651,0.004,0.9999999014657216,-9215.698689287472,13.945206006109249,2026-03-18 23:32:08.891000
XRPUSDT,1592215021.0,1.4643,5.2,,,True,371.4111194130645,0.9990948902489307,52.933351855850674,-0.09551204606365879,0.004,0.9999999015187953,75.16620897302894,13.950170515473522,2026-03-18 23:32:08.891000
XRPUSDT,1592215022.0,1.4643,1350.3,,,True,371.6088075982664,0.9990971333369033,52.94289819021947,-0.09534329654563874,0.004,0.9999999015718687,75.23089601584606,13.955135026704426,2026-03-18 23:32:08.891000
XRPUSDT,1592215023.0,1.4643,1024.4,,,True,371.8065308939157,0.9990993708709546,52.95244259519555,-0.0951748200946182,0.004,0.9999999016249411,75.29559200468479,13.96009953979925,2026-03-18 23:32:08.891000
XRPUSDT,1592215024.0,1.4643,1365.9,,,True,372.0042892937701,0.9991016028648118,52.961985072230995,-0.09500661633631494,0.004,0.9999999016780119,75.36031417021577,13.965064054755748,2026-03-18 23:32:08.891000
XRPUSDT,1592215025.0,1.4643,1365.9,,,True,372.20208279159084,0.9991038293321676,52.971525622775886,-0.09483868489686297,0.004,0.9999999017310816,75.42506249345678,13.970028571572566,2026-03-18 23:32:08.891000
XRPUSDT,1592215026.0,1.4643,34.1,,,True,372.39991138114254,0.9991060502866813,52.98106424827834,-0.09467102540278648,0.001,0.99999990178415,75.4898369322867,13.97499308641983,2026-03-18 23:32:08.892000
XRPUSDT,1592215027.0,1.4643,1365.9,,,True,372.5977749543788,0.9991082657419791,52.990600950094084,-0.09450358901934178,0.001,0.9999999018372167,75.57651179561921,13.979957603131592,2026-03-18 23:32:08.892000
XRPUSDT,1592215028.0,1.4643,3.8,,,True,372.7956736070652,0.9991104757116521,53.00013572975823,-0.0943364725707996,0.002,0.9999999018902825,75.61934020222948,13.9849221229768,2026-03-18 23:32:08.894000
XRPUSDT,1592215029.0,1.4643,3.7,,,True,372.9936073668063,0.9991126802092597,53.0096685887428,-0.09416964298744604,0.002,0.9999999019433459,75.67691739857116,13.989886644679698,2026-03-18 23:32:08.894000
XRPUSDT,1592215030.0,1.4643,480.0,,,True,373.19157619348977,0.9991148792483268,53.019199528457854,-0.09400306772662753,0.002,0.9999999019964076,75.74911392590712,13.994851168237595,2026-03-18 23:32:08.894000
XRPUSDT,1592215031.0,1.4643,406.3,,,True,373.38958008089645,0.9991170728423451,53.02872855034158,-0.09383676254737539,0.002,0.9999999020494671,75.81401930501721,13.999815693649714,2026-03-18 23:32:08.894000
XRPUSDT,1592215032.0,1.4643,134.4,,,True,373.58761902281066,0.9991192610047736,53.038255655830184,-0.0936707270780224,0.001,0.999999902102525,75.8789508458934,14.00478021965112,2026-03-18 23:32:08.895000
XRPUSDT,1592215033.0,1.4643,3.6,,,True,373.7856929794051,0.9991214437490376,53.04778084632847,-0.09350494513311383,0.001,0.9999999021555803,75.95115362011813,14.009744747504698,2026-03-18 23:32:08.895000
XRPUSDT,1592215034.0,1.4643,3.6,,,True,373.9838019781452,0.9991236210885297,53.05730412329833,-0.09333944805957209,0.001,0.9999999022086334,76.00885123266728,14.014709277208981,2026-03-18 23:32:08.895000
XRPUSDT,1592215035.0,1.4643,3.6,,,True,374.18194601282516,0.9991257930366093,53.066825488170046,-0.09317421958256586,0.001,0.9999999022616841,76.07386132171844,14.01967380876171,2026-03-18 23:32:08.895000
XRPUSDT,1592215036.0,1.4643,3.7,,,True,374.3801250772423,0.9991279596066028,53.07634494237197,-0.09300925933172598,0.001,0.9999999023147323,76.13889758146402,14.024638342161381,2026-03-18 23:32:08.895000
XRPUSDT,1592215037.0,1.4643,3.7,,,True,374.57833916519746,0.999130120811804,53.08586248733047,-0.09284456693705617,0.001,0.9999999023677777,76.20395998647425,14.029602877404981,2026-03-18 23:32:08.895000
XRPUSDT,1592215038.0,1.4643,3.5,,,True,374.7765882704947,0.9991322766654742,53.095378124469974,-0.09268014202885502,0.001,0.9999999024208208,76.26904853061605,14.034567414491244,2026-03-18 23:32:08.895000
XRPUSDT,1592215039.0,1.4643,3.7,,,True,374.9748723869411,0.9991344271808414,53.10489185521296,-0.09251598423772507,0.001,0.9999999024738602,76.33416325761614,14.039531953417756,2026-03-18 23:32:08.895000
XRPUSDT,1592215040.0,1.4643,3.5,,,True,375.17319150834766,0.9991365723711012,53.114403680979954,-0.09235209319458859,0.001,0.9999999025268974,76.39930415995507,14.04449649418355,2026-03-18 23:32:08.895000
XRPUSDT,1592215041.0,1.4643,3.5,,,True,375.37154562852805,0.9991387122494174,53.12391360318956,-0.09218846853065893,0.001,0.9999999025799307,76.46447122259231,14.049461036785734,2026-03-18 23:32:08.895000
XRPUSDT,1592215042.0,1.4643,3.5,,,True,375.56993474129945,0.9991408468289202,53.133421623258386,-0.09202510987764492,0.001,0.9999999026329609,76.52966441309455,14.05442558122304,2026-03-18 23:32:08.895000
XRPUSDT,1592215043.0,1.4643,3.6,,,True,375.7683588404823,0.9991429761227082,53.14292774260117,-0.0918620168673453,0.001,0.999999902685988,76.59488381647958,14.059390127492843,2026-03-18 23:32:08.895000
XRPUSDT,1592215044.0,1.4643,3.7,,,True,375.9668179199005,0.9991451001438479,53.15243196263067,-0.09169918913200881,0.001,0.9999999027390111,76.66012935998519,14.064354675593858,2026-03-18 23:32:08.895000
XRPUSDT,1592215045.0,1.4643,3.5,,,True,376.1653119733809,0.9991472189053732,53.161934284757734,-0.09153662630419639,0.001,0.9999999027920312,76.72540107834531,14.069319225523573,2026-03-18 23:32:08.895000
XRPUSDT,1592215046.0,1.4642,5.2,,,True,376.32038708358226,0.9991486381163993,53.17139789691616,-0.07145296286150807,0.09,0.9999999028234298,14151.287632863628,14.074283886859055,2026-03-18 23:32:08.985000
XRPUSDT,1592215047.0,1.4642,3.5,,,True,376.5189463206263,0.9991507481169586,53.18089651456683,-0.09127394463762617,0.09,0.9999999028764677,-9393.827735729934,14.079248549862962,2026-03-18 23:32:08.985000
XRPUSDT,1592215048.0,1.4642,6.9,,,True,376.71754051112157,0.9991528528925628,53.19039323832903,-0.09111206580231353,0.09,0.9999999029295004,76.91025826494462,14.084213214457996,2026-03-18 23:32:08.985000
XRPUSDT,1592215049.0,1.4642,3.8,,,True,376.9161696471854,0.9991549524561284,53.19988806960493,-0.09095044979735221,0.09,0.9999999029825272,76.97599997080786,14.0891778806415,2026-03-18 23:32:08.985000
XRPUSDT,1592215050.0,1.4642,5.0,,,True,377.1148337226683,0.9991570468205401,53.2093810097963,-0.09078909705056104,0.09,0.9999999030355489,77.04139064418496,14.094142548413076,2026-03-18 23:32:08.985000
XRPUSDT,1592215051.0,1.4642,3.7,,,True,377.3135327314239,0.9991591359986509,53.218872060302985,-0.09062800719624779,0.09,0.9999999030885642,77.1068074460635,14.099107217770008,2026-03-18 23:32:08.985000
XRPUSDT,1592215052.0,1.4642,3.6,,,True,377.512266667309,0.9991612200032821,53.228361222522906,-0.09046717986890923,0.09,0.9999999031415744,77.17225045039277,14.10407188871207,2026-03-18 23:32:08.985000
XRPUSDT,1592215053.0,1.4642,3.6,,,True,377.7110355241841,0.9991632988472234,53.237848497852085,-0.09030661470343221,0.09,0.999999903194578,77.2377196216566,14.10903656123632,2026-03-18 23:32:08.985000
XRPUSDT,1592215054.0,1.4642,3.5,,,True,377.90983929591243,0.9991653725432331,53.24733388768465,-0.09014631133501771,0.09,0.999999903247576,77.30321496774918,14.114001235341588,2026-03-18 23:32:08.985000
XRPUSDT,1592215055.0,1.4642,3.5,,,True,378.1086779763607,0.9991674411040377,53.256817393412824,-0.0899862693992021,0.09,0.9999999033005678,77.36873649771427,14.118965911028178,2026-03-18 23:32:08.985000
XRPUSDT,1592215056.0,1.4642,3.7,,,True,378.30755155939875,0.9991695045423324,53.26629901642694,-0.0898264885318765,0.09,0.9999999033535532,77.43428418932855,14.123930588292472,2026-03-18 23:32:08.985000
XRPUSDT,1592215057.0,1.4642,3.7,,,True,378.5064600388995,0.9991715628707817,53.27577875811544,-0.08966696836915126,0.09,0.9999999034065332,77.49985809319695,14.12889526713439,2026-03-18 23:32:08.985000
XRPUSDT,1592215058.0,1.4642,3.7,,,True,378.70540340873976,0.9991736161020185,53.285256619864846,-0.08950770854765462,0.09,0.9999999034595056,77.56545811378193,14.13385994755105,2026-03-18 23:32:08.985000
XRPUSDT,1592215059.0,1.4642,3.5,,,True,378.90438166279887,0.9991756642486441,53.294732603059884,-0.08934870870416248,0.018,0.9999999035124711,77.63108436780959,14.138824542858455,2026-03-18 23:32:09.003000
XRPUSDT,1592215060.0,1.4642,3.6,,,True,379.1033924759054,0.99917770732323,53.30420670718481,-0.08918893272758571,0.018,0.999999903565425,78.20369245634355,14.143789139922523,2026-03-18 23:32:09.003000
XRPUSDT,1592215061.0,1.4642,3.7,,,True,379.30243816512376,0.9991797453383152,53.31367893553179,-0.08903045763675733,0.018,0.9999999036183728,77.75952787369322,14.14875373874218,2026-03-18 23:32:09.003000
XRPUSDT,1592215062.0,1.4642,3.5,,,True,379.50151872433673,0.999181778306409,53.32314928947977,-0.08887224141171662,0.018,0.9999999036713149,77.82523765452898,14.153718339315288,2026-03-18 23:32:09.003000
XRPUSDT,1592215063.0,1.4642,1.8,,,True,379.70063414743066,0.9991838062399891,53.332617770405854,-0.08871428369063364,0.018,0.999999903724251,77.89097366270592,14.158682941639773,2026-03-18 23:32:09.003000
XRPUSDT,1592215064.0,1.4642,1.9,,,True,379.8997844282951,0.9991858291515031,53.342084379685254,-0.08855658411217689,0.002,0.999999903777181,77.95673580778073,14.163647526621446,2026-03-18 23:32:09.005000
XRPUSDT,1592215065.0,1.4642,3.7,,,True,380.0989690495955,0.9991878470533673,53.35154911827799,-0.08839891620788962,0.002,0.9999999038301035,78.1345748708767,14.168612113392419,2026-03-18 23:32:09.005000
XRPUSDT,1592215066.0,1.4642,3.7,,,True,380.2981885173646,0.9991898599579677,53.36101198797166,-0.08824173311705424,0.002,0.9999999038830204,78.08770013271457,14.173576701949735,2026-03-18 23:32:09.005000
XRPUSDT,1592215067.0,1.4642,3.5,,,True,380.4974428255002,0.9991918678776602,53.370472990135895,-0.08808480708115257,0.002,0.9999999039359313,78.1535419402773,14.178541292292257,2026-03-18 23:32:09.005000
XRPUSDT,1592215068.0,1.4642,3.5,,,True,380.696731967903,0.9991938708247693,53.37993212613846,-0.08792813774009697,0.002,0.9999999039888363,78.21940996196307,14.183505884417345,2026-03-18 23:32:09.005000
XRPUSDT,1592215069.0,1.4642,3.7,,,True,380.8960559384772,0.99919586881159,53.389389397345276,-0.08777172473408679,0.002,0.999999904041734,78.28530418373244,14.188470478323943,2026-03-18 23:32:09.005000
XRPUSDT,1592215070.0,1.4642,3.5,,,True,381.09541473113006,0.9991978618503863,53.39884480512041,-0.08761556770385749,0.002,0.9999999040946265,78.35122453040724,14.1934350740095,2026-03-18 23:32:09.005000
XRPUSDT,1592215071.0,1.4642,3.7,,,True,381.29480833977215,0.9991998499533927,53.408298350826044,-0.0874596662902212,0.002,0.999999904147512,78.41717110778004,14.198399671472792,2026-03-18 23:32:09.005000
XRPUSDT,1592215072.0,1.4641,3.5,,,True,381.4505810705745,0.9992011816038392,53.41771533103215,-0.0682677448618467,0.101,0.9999999041792291,14412.131561463053,14.203364387161175,2026-03-18 23:32:09.106000
XRPUSDT,1592215073.0,1.4641,5.2,,,True,381.6500397786025,0.9992031614853836,53.42716523900355,-0.08720774475530019,0.101,0.9999999042321271,-9566.228821735122,14.208329104458606,2026-03-18 23:32:09.106000
XRPUSDT,1592215074.0,1.4641,2.0,,,True,381.84953328200976,0.9992051364636698,53.436613288784635,-0.0870525032112572,0.101,0.9999999042850173,78.60417763787771,14.213293823279747,2026-03-18 23:32:09.106000
XRPUSDT,1592215075.0,1.4641,4.9,,,True,382.04906157285745,0.9992071065508218,53.44605948172929,-0.08689751521428872,0.002,0.9999999043378991,78.67062978076139,14.218258427713838,2026-03-18 23:32:09.108000
XRPUSDT,1592215076.0,1.4641,1.8,,,True,382.248621535828,0.9992090717589338,53.45550381674264,-0.08674143436939889,0.002,0.9999999043907641,79.42204387166561,14.223223033915996,2026-03-18 23:32:09.108000
XRPUSDT,1592215077.0,1.4641,2.0,,,True,382.44821627965194,0.9992110321000695,53.464946297641255,-0.08658696169231596,0.11,0.999999904443622,78.79887549892261,14.228187767882208,2026-03-18 23:32:09.218000
XRPUSDT,1592215078.0,1.4641,3.7,,,True,382.64784917927386,0.9992129875862636,53.47438692842412,-0.08643420112832921,0.11,0.9999999044964815,78.11896828538652,14.233152503344119,2026-03-18 23:32:09.218000
XRPUSDT,1592215079.0,1.4641,3.6,,,True,382.8475168415894,0.9992149382295207,53.48382570777214,-0.08628022630750909,0.11,0.999999904549332,78.93540772516151,14.238117240301449,2026-03-18 23:32:09.218000
XRPUSDT,1592215080.0,1.4641,3.6,,,True,383.04721926054606,0.9992168840418157,53.49326263703155,-0.08612650406782617,0.11,0.9999999046021741,79.00157691087557,14.24308197875136,2026-03-18 23:32:09.218000
XRPUSDT,1592215081.0,1.4641,3.7,,,True,383.24695643009466,0.9992188250350945,53.502697717546766,-0.08597303405331372,0.11,0.9999999046550072,79.0677722540358,14.248046718693583,2026-03-18 23:32:09.218000
XRPUSDT,1592215082.0,1.4641,3.7,,,True,383.44672834418935,0.9992207612212731,53.512130950660406,-0.08581981590831958,0.11,0.9999999047078306,79.13399376927347,14.253011460127288,2026-03-18 23:32:09.218000
XRPUSDT,1592215083.0,1.4641,3.7,,,True,383.646534996787,0.9992226926122383,53.52156233771325,-0.08566684927741468,0.11,0.9999999047606445,79.20024151725971,14.257976203050026,2026-03-18 23:32:09.218000
XRPUSDT,1592215084.0,1.4641,3.5,,,True,383.846376381848,0.9992246192198475,53.53099188004429,-0.08551413380561257,0.11,0.9999999048134498,79.26651543925453,14.262940947460452,2026-03-18 23:32:09.218000
XRPUSDT,1592215085.0,1.4641,3.5,,,True,384.0462524933359,0.9992265410559291,53.5404195789907,-0.08536166913818434,0.11,0.9999999048662451,79.3328155753055,14.267905693357395,2026-03-18 23:32:09.218000
XRPUSDT,1592215086.0,1.4641,3.5,,,True,384.2461633252171,0.9992284581322821,53.549845435887875,-0.08520945492085617,0.11,0.999999904919032,79.39914187047061,14.272870440739805,2026-03-18 23:32:09.218000
XRPUSDT,1592215087.0,1.4641,3.5,,,True,384.44610887146143,0.9992303704606766,53.5592694520694,-0.08505749079949158,0.11,0.9999999049718085,79.46549442006727,14.277835189606783,2026-03-18 23:32:09.218000
XRPUSDT,1592215088.0,1.4641,3.6,,,True,384.64608912604183,0.9992322780528535,53.56869162886708,-0.08490577642047797,0.11,0.9999999050245753,79.53187313928287,14.282799939955762,2026-03-18 23:32:09.218000
XRPUSDT,1592215089.0,1.4641,3.7,,,True,384.8461040829341,0.9992341809205249,53.57811196761088,-0.08475431143040789,0.11,0.9999999050773328,79.5982780898665,14.287764691787068,2026-03-18 23:32:09.218000
XRPUSDT,1592215090.0,1.4641,3.5,,,True,385.0461537361176,0.9992360790753737,53.58753046962905,-0.08460309547640865,0.11,0.9999999051300802,79.66470917289094,14.29272944509714,2026-03-18 23:32:09.218000
XRPUSDT,1592215091.0,1.464,3.5,,,True,385.20243474942936,0.9992373504381205,53.59691388880647,-0.06603587266489452,4.814,0.9999999051619826,14604.18976333051,14.297699551718162,2026-03-18 23:32:14.032000
XRPUSDT,1592215092.0,1.464,0.9,,,True,385.4026901246541,0.999239240743002,53.60632890693509,-0.08441784871062426,4.814,0.9999999052151027,-9724.344588801849,14.302669652242106,2026-03-18 23:32:14.032000
XRPUSDT,1592215093.0,1.464,4.3,,,True,385.60298000886013,0.9992411263661279,53.61574209146892,-0.08426697386876766,4.814,0.9999999052681486,80.01325385666331,14.30763974283086,2026-03-18 23:32:14.032000
XRPUSDT,1592215094.0,1.464,2.6,,,True,385.80330430939426,0.9992430073190762,53.62515344366709,-0.08411631162428213,4.814,0.9999999053211177,80.0988906303417,14.312609823505051,2026-03-18 23:32:14.032000
XRPUSDT,1592215095.0,1.464,1.2,,,True,386.00366302064367,0.9992448836133958,53.63456296485304,-0.08396589825795883,0.001,0.9999999053740117,80.1651237514403,14.317574453650794,2026-03-18 23:32:14.033000
XRPUSDT,1592215096.0,1.464,3.2,,,True,386.203909704299,0.9992467552606078,53.643970546528365,-0.08375469640146482,0.001,0.9999999054264492,112.84277033658002,14.322539085536707,2026-03-18 23:32:14.033000
XRPUSDT,1592215097.0,1.464,3.7,,,True,386.4041910494827,0.9992486222722043,53.6533763005732,-0.08360512815841933,0.001,0.9999999054788784,80.11104126091655,14.327503719160624,2026-03-18 23:32:14.033000
XRPUSDT,1592215098.0,1.464,0.7,,,True,386.6045070501891,0.9992504846596493,53.66278022830188,-0.08345580624726891,0.001,0.999999905531299,80.17768351963429,14.332468354521197,2026-03-18 23:32:14.033000
XRPUSDT,1592215099.0,1.464,3.0,,,True,386.8048577004157,0.9992523424343788,53.67218233102691,-0.0833067303179858,0.001,0.9999999055837114,80.24435197451969,14.337432991615662,2026-03-18 23:32:14.033000
XRPUSDT,1592215100.0,1.464,1.4,,,True,387.00524299416315,0.9992541956078003,53.681582610059124,-0.08315790002085899,0.001,0.9999999056361153,80.31104666216689,14.342397630442854,2026-03-18 23:32:14.033000
XRPUSDT,1592215101.0,1.464,2.2,,,True,387.2056629254352,0.9992560441912929,53.69098106670755,-0.0830093150065726,1.185,0.9999999056885106,80.37776756097217,14.347363595112274,2026-03-18 23:32:15.218000
XRPUSDT,1592215102.0,1.464,3.6,,,True,387.40615316309953,0.9992578881962082,53.70037772863961,-0.08287567127342887,1.185,0.9999999057409894,72.47471632721205,14.352329558684982,2026-03-18 23:32:15.218000
XRPUSDT,1592215103.0,1.464,3.7,,,True,387.6066779624985,0.9992597276338698,53.709772570623116,-0.0827274918880889,1.185,0.9999999057934441,80.55689433283663,14.357295521165518,2026-03-18 23:32:15.218000
XRPUSDT,1592215104.0,1.464,3.7,,,True,387.80723731772287,0.9992615625155727,53.71916559396275,-0.08257955708698655,1.185,0.9999999058458728,80.62361778834293,14.362261482555672,2026-03-18 23:32:15.218000
XRPUSDT,1592215105.0,1.464,3.7,,,True,388.007831222886,0.9992633928525851,53.72855679996145,-0.08243186652925526,1.185,0.9999999058982775,80.69036288446537,14.36722744285957,2026-03-18 23:32:15.218000
XRPUSDT,1592215106.0,1.464,4.1,,,True,388.20845967210437,0.9992652186561463,53.73794618992046,-0.08228441986599308,1.185,0.999999905950657,80.75713422967564,14.372193402080665,2026-03-18 23:32:15.218000
XRPUSDT,1592215107.0,1.464,3.5,,,True,388.4091226594982,0.9992670399374687,53.7473337651392,-0.08213721674862413,1.185,0.9999999060030119,80.82393178728104,14.377159360221716,2026-03-18 23:32:15.218000
XRPUSDT,1592215108.0,1.464,28.0,,,True,388.60982017918974,0.9992688567077366,53.75671952691545,-0.08199025682880468,1.185,0.9999999060553413,80.89075565393767,14.382125317287118,2026-03-18 23:32:15.218000
XRPUSDT,1592215109.0,1.464,6.3,,,True,388.81055222530455,0.9992706689781072,53.76610347654517,-0.08184353975867262,1.185,0.9999999061076458,80.95760572337056,14.387091273278752,2026-03-18 23:32:15.218000
XRPUSDT,1592215110.0,1.464,3.5,,,True,389.01131879197135,0.9992724767597093,53.77548561532265,-0.08169706519069747,1.185,0.9999999061599261,81.02448205387249,14.3920572282015,2026-03-18 23:32:15.218000
XRPUSDT,1592215111.0,1.464,3.5,,,True,389.2121198733217,0.9992742800636456,53.78486594454042,-0.08155083277762373,1.185,0.999999906212181,81.09138461417224,14.397023182058067,2026-03-18 23:32:15.218000
XRPUSDT,1592215112.0,1.464,3.7,,,True,389.4129554634901,0.9992760789009899,53.794244465489285,-0.08140484217257757,1.185,0.9999999062644106,81.1583134565111,14.401989134851318,2026-03-18 23:32:15.218000
XRPUSDT,1592215113.0,1.464,3.5,,,True,389.61382555661396,0.9992778732827898,53.80362117945834,-0.08125909302902021,1.185,0.9999999063166155,81.22526853733154,14.40695508658556,2026-03-18 23:32:15.218000
XRPUSDT,1592215114.0,1.464,3.6,,,True,389.8147301468339,0.9992796632200653,53.81299608773494,-0.0811135850008072,1.185,0.9999999063687958,81.29224984803234,14.411921037264158,2026-03-18 23:32:15.218000
XRPUSDT,1592215115.0,1.464,3.7,,,True,390.01566922829306,0.9992814487238093,53.82236919160474,-0.08096831774206037,1.185,0.9999999064209508,81.35925742953248,14.416886986889244,2026-03-18 23:32:15.218000
XRPUSDT,1592215116.0,1.464,6.8,,,False,390.21664279513806,0.9992832298049874,53.83174049235171,-0.080823290907298,0.521,0.9999999064730809,81.42629125821946,14.42185221257744,2026-03-18 23:32:15.739000
XRPUSDT,1592215117.0,1.464,34.1,,,False,390.41763131486647,0.999285006474538,53.84110997735654,-0.08067069352265135,0.984,0.999999906525136,85.8895705146363,14.426817941922357,2026-03-18 23:32:16.723000
XRPUSDT,1592215118.0,1.4639,3.5,,,True,390.5746567600932,0.999286196430702,53.850446403982346,-0.06297051673902157,0.996,0.9999999065568345,14874.646073849251,14.43178368358689,2026-03-18 23:32:17.719000
XRPUSDT,1592215119.0,1.4639,6.9,,,True,390.77572063203564,0.9992879657520708,53.85981237122555,-0.08044094706906528,0.996,0.9999999066089036,-9874.085419761166,14.43674942540774,2026-03-18 23:32:17.719000
XRPUSDT,1592215120.0,1.4639,3.8,,,True,390.97681899443893,0.9992897306908989,53.86917654033916,-0.08029680644704773,0.996,0.9999999066609502,81.66890530356834,14.44171516662886,2026-03-18 23:32:17.719000
XRPUSDT,1592215121.0,1.4639,3.7,,,True,391.17795182420565,0.9992914912580265,53.878538912586535,-0.08015289772461812,0.996,0.9999999067129751,81.73998035651452,14.446680907251254,2026-03-18 23:32:17.719000
XRPUSDT,1592215122.0,1.4639,3.6,,,True,391.379119115484,0.9992932474642667,53.88789948924167,-0.08000922744676849,0.996,0.9999999067649766,81.8071787698291,14.451646647278483,2026-03-18 23:32:17.719000
XRPUSDT,1592215123.0,1.4639,3.6,,,True,391.58032086242514,0.9992949993204064,53.89725827157678,-0.07986579527042659,0.996,0.9999999068169556,81.87440343459184,14.456612386713324,2026-03-18 23:32:17.719000
XRPUSDT,1592215124.0,1.4639,5.2,,,True,391.78155705918317,0.999296746837205,53.90661526086245,-0.07972260085289222,0.996,0.9999999068689118,81.94165438012445,14.461578125557349,2026-03-18 23:32:17.719000
XRPUSDT,1592215125.0,1.4639,192.7,,,True,391.9828276999148,0.9992984900253964,53.915970458367575,-0.0795796438518125,0.996,0.9999999069208452,82.00893155948697,14.466543863813685,2026-03-18 23:32:17.719000
XRPUSDT,1592215126.0,1.4639,445.9,,,True,392.1841327787805,0.9993002288956873,53.92532386535932,-0.07943692392520535,0.996,0.9999999069727564,82.07623498811212,14.471509601483314,2026-03-18 23:32:17.719000
XRPUSDT,1592215127.0,1.4639,223.0,,,True,392.3854722899428,0.9993019634587581,53.9346754831032,-0.07929444073140653,0.996,0.999999907024645,82.14356467854503,14.476475338571172,2026-03-18 23:32:17.719000
XRPUSDT,1592215128.0,1.4639,223.0,,,True,392.58684622756783,0.9993036937252632,53.94402531286308,-0.0791521939291175,0.996,0.9999999070765107,82.2109206136399,14.481441075078058,2026-03-18 23:32:17.719000
XRPUSDT,1592215129.0,1.4639,223.0,,,True,392.7882545858242,0.9993054197058302,53.953373355901086,-0.07901018317731529,0.001,0.9999999071283535,82.27830284731388,14.486405752118948,2026-03-18 23:32:17.720000
XRPUSDT,1592215130.0,1.4639,3.5,,,True,392.98966869577896,0.9993071414110613,53.96271959370288,-0.07885722433497158,0.147,0.9999999071801005,88.84148086742611,14.491370585943448,2026-03-18 23:32:17.867000
XRPUSDT,1592215131.0,1.4639,3.7,,,True,393.191121465193,0.9993088588515315,53.97206405032522,-0.07871738385266641,0.147,0.9999999072318478,81.42377259928118,14.496335421121369,2026-03-18 23:32:17.867000
XRPUSDT,1592215132.0,1.4639,3.7,,,True,393.39260868161523,0.9993105720377903,53.98140672411537,-0.07857613360943325,0.147,0.9999999072835829,82.44885371462347,14.5013002576534,2026-03-18 23:32:17.867000
XRPUSDT,1592215133.0,1.4639,3.7,,,True,393.59413033915814,0.9993122809803615,53.990747616328214,-0.07843511782438478,0.147,0.9999999073353063,82.51639781363068,14.506265095537199,2026-03-18 23:32:17.867000
XRPUSDT,1592215134.0,1.4639,33.2,,,True,393.79568643193795,0.9993139856897421,54.000086728217006,-0.07829433615942219,0.147,0.9999999073870168,82.58396801778404,14.51122993477229,2026-03-18 23:32:17.867000
XRPUSDT,1592215135.0,1.4639,3.5,,,True,393.9972769540737,0.9993156861764041,54.009424061033336,-0.07815378827644348,0.147,0.9999999074387151,82.65156447055982,14.516194775356938,2026-03-18 23:32:17.867000
XRPUSDT,1592215136.0,1.4639,3.6,,,True,394.1989018996875,0.9993173824507926,54.01875961602715,-0.07801347383778898,0.147,0.9999999074904006,82.71918718172215,14.521159617290234,2026-03-18 23:32:17.867000
XRPUSDT,1592215137.0,1.4639,3.5,,,True,394.40056126290443,0.9993190745233281,54.028093394446714,-0.07787339250608619,0.147,0.9999999075420739,82.78683612038762,14.526124460571197,2026-03-18 23:32:17.867000
XRPUSDT,1592215138.0,1.4639,3.7,,,True,394.6022550378524,0.9993207624044048,54.037425397538684,-0.07773354394442157,0.147,0.9999999075937344,82.8545112546418,14.531089305199187,2026-03-18 23:32:17.867000
XRPUSDT,1592215139.0,1.4639,3.6,,,True,394.80398321866284,0.9993224461043911,54.04675562654806,-0.07759392781605297,0.147,0.9999999076453816,82.92221268805397,14.536054151172536,2026-03-18 23:32:17.867000
XRPUSDT,1592215140.0,1.4639,3.7,,,True,395.0057457994694,0.9993241256336303,54.05608408271817,-0.07745454378474112,0.147,0.9999999076970173,82.98994031453606,14.541018998489964,2026-03-18 23:32:17.867000
XRPUSDT,1592215141.0,1.4639,3.5,,,True,395.20754277440966,0.9993258010024396,54.06541076729076,-0.07731539151452721,0.147,0.9999999077486393,83.05769418486369,14.545983847150758,2026-03-18 23:32:17.867000
XRPUSDT,1592215142.0,1.4639,3.6,,,True,395.4093741376234,0.9993274722211111,54.07473568150589,-0.077176470669755,0.147,0.9999999078002485,83.12547432923357,14.55094869715308,2026-03-18 23:32:17.867000
XRPUSDT,1592215143.0,1.4638,3.5,,,True,395.56703687355173,0.9993285915147958,54.08402928597713,-0.060234528423179515,0.102,0.9999999078318869,15136.279671367329,14.555913501785556,2026-03-18 23:32:17.969000
XRPUSDT,1592215144.0,1.4638,6.9,,,True,395.76892818319425,0.9993302558209226,54.09335073045964,-0.07695010971969614,0.102,0.9999999078834839,-10043.573731610828,14.560878307932574,2026-03-18 23:32:17.969000
XRPUSDT,1592215145.0,1.4638,5.2,,,True,395.970853868815,0.9993319160042787,54.10267040814689,-0.07681179649111369,0.102,0.9999999079350683,83.31201976719477,14.56584311551813,2026-03-18 23:32:17.969000
XRPUSDT,1592215146.0,1.4638,3.8,,,True,396.17281392286,0.9993335720750637,54.11198832027164,-0.0766737128249885,0.102,0.9999999079866401,83.3802923039685,14.570807924540562,2026-03-18 23:32:17.969000
XRPUSDT,1592215147.0,1.4638,3.7,,,True,396.37480833947996,0.9993352240434511,54.121304468066135,-0.076535859035059,0.102,0.9999999080381993,83.44820093381627,14.575772734998196,2026-03-18 23:32:17.969000
XRPUSDT,1592215148.0,1.4638,3.6,,,True,396.57683711282897,0.9993368719195901,54.13061885276102,-0.07639823478769917,0.102,0.999999908089745,83.5161357723957,14.580737546891163,2026-03-18 23:32:17.969000
XRPUSDT,1592215149.0,1.4638,3.6,,,True,396.7789002370638,0.9993385157136043,54.139931475585286,-0.07626083974953451,0.102,0.999999908141278,83.58409689687873,14.585702360217237,2026-03-18 23:32:17.969000
XRPUSDT,1592215150.0,1.4638,1027.5,,,True,396.9809977063441,0.999340155435593,54.14924233776638,-0.07612367358763955,0.102,0.9999999081927987,83.65208422270025,14.590667174975307,2026-03-18 23:32:17.969000
XRPUSDT,1592215151.0,1.4638,3.7,,,True,397.18312951483296,0.9993417910956297,54.15855144053007,-0.07598673596935525,0.102,0.9999999082443052,83.72009782461755,14.595631991163637,2026-03-18 23:32:17.969000
XRPUSDT,1592215152.0,1.4638,4.3,,,True,397.3852956566958,0.9993434227037638,54.167858785100556,-0.07585002656244227,0.102,0.9999999082957998,83.78813764187746,14.600596808782008,2026-03-18 23:32:17.969000
XRPUSDT,1592215153.0,1.4638,3.7,,,True,397.58749612610166,0.9993450502700193,54.1771643727004,-0.0757135450349109,0.102,0.9999999083472806,83.85620374363582,14.605561627828395,2026-03-18 23:32:17.969000
XRPUSDT,1592215154.0,1.4638,3.7,,,True,397.78973091722213,0.9993466738043959,54.18646820455061,-0.07557729105525457,0.102,0.9999999083987486,83.92429604187468,14.610526448301345,2026-03-18 23:32:17.969000
XRPUSDT,1592215155.0,1.4638,3.5,,,True,397.992000024232,0.9993482933168685,54.19577028187053,-0.07544126429220317,0.102,0.9999999084502029,83.99241460321404,14.615491270199845,2026-03-18 23:32:17.969000
XRPUSDT,1592215156.0,1.4638,3.5,,,True,398.1943034413089,0.9993499088173875,54.20507060587795,-0.07530546441480063,0.102,0.9999999085016442,84.06055943854726,14.620456093523238,2026-03-18 23:32:17.969000
XRPUSDT,1592215157.0,1.4638,3.6,,,True,398.3966411626335,0.9993515203158784,54.21436917778907,-0.07516989109256113,0.102,0.9999999085530706,84.12873049984971,14.625420918269297,2026-03-18 23:32:17.969000
XRPUSDT,1592215158.0,1.4638,3.7,,,True,398.59901318238906,0.9993531278222427,54.22366599881843,-0.07503454399526799,0.102,0.9999999086044858,84.1969277972582,14.630385744437064,2026-03-18 23:32:17.969000
XRPUSDT,1592215159.0,1.4638,3.5,,,True,398.8014194947626,0.9993547313463568,54.23296107017909,-0.07489942279312013,0.102,0.9999999086558862,84.26515134023535,14.635350572025745,2026-03-18 23:32:17.969000
XRPUSDT,1592215160.0,1.4637,1.2,,,True,398.95952618686744,0.9993558052684215,54.24222596454706,-0.058455171751612564,0.003,0.999999908687592,15312.331855094193,14.640315301334008,2026-03-18 23:32:17.972000
XRPUSDT,1592215161.0,1.4637,3.5,,,True,399.16199083055074,0.9993574021597125,54.251517604048075,-0.07467868521153656,0.003,0.9999999087389752,-10159.435117206644,14.64528003227578,2026-03-18 23:32:17.972000
XRPUSDT,1592215162.0,1.4637,5.2,,,True,399.36448975564423,0.999358995095016,54.26080749737219,-0.07454415963483513,0.003,0.9999999087903455,84.45137501912417,14.650244764847237,2026-03-18 23:32:17.972000
XRPUSDT,1592215163.0,1.4637,6.9,,,True,399.5670229562893,0.9993605840841201,54.270095645726336,-0.0744098587275814,0.003,0.9999999088417031,84.51971565410088,14.655209499047789,2026-03-18 23:32:17.972000
XRPUSDT,1592215164.0,1.4637,5.2,,,True,399.7695904266788,0.9993621691367881,54.27938205031587,-0.0742757821795468,0.003,0.9999999088930474,84.58807126147475,14.660174234873812,2026-03-18 23:32:17.972000
XRPUSDT,1592215165.0,1.4637,3.7,,,True,399.97219216100905,0.9993637502627591,54.288666712344565,-0.07414192966294283,0.003,0.9999999089443795,84.65645309459957,14.665138972324614,2026-03-18 23:32:17.972000
XRPUSDT,1592215166.0,1.4637,3.6,,,True,400.1748281534789,0.9993653274717489,54.29794963301466,-0.07400830085016855,0.003,0.999999908995698,84.72486122204535,14.67010371139941,2026-03-18 23:32:17.972000
XRPUSDT,1592215167.0,1.4637,3.6,,,True,400.37749839829036,0.9993669007734483,54.30723081352682,-0.07387489541419046,0.003,0.9999999090470035,84.79329554653351,14.675068452095015,2026-03-18 23:32:17.972000
XRPUSDT,1592215168.0,1.4637,400.0,,,True,400.5802028896482,0.9993684701775252,54.316510255080125,-0.07374171302806812,0.003,0.9999999090982961,84.86175617939828,14.680033194411184,2026-03-18 23:32:17.972000
XRPUSDT,1592215169.0,1.4637,107.9,,,True,400.7829416217602,0.999370035693623,54.325787958872105,-0.07360875336542086,0.003,0.9999999091495759,84.93024302231419,14.684997938345372,2026-03-18 23:32:17.972000
XRPUSDT,1592215170.0,1.4637,92.1,,,True,400.9857145888373,0.9993715973313614,54.33506392609871,-0.07347601610016433,0.001,0.9999999092008417,84.99875611175527,14.6899626819169,2026-03-18 23:32:17.973000
XRPUSDT,1592215171.0,1.4637,352.3,,,True,401.1885217311541,0.9993731551003366,54.34433815792071,-0.07334348146622918,0.001,0.9999999092520943,85.07977501170679,14.694927427107462,2026-03-18 23:32:17.973000
XRPUSDT,1592215172.0,1.4637,447.7,,,True,401.3913630969636,0.9993747090101208,54.353610655564815,-0.07321118813042596,0.001,0.9999999093033343,85.13578918807266,14.699892173915945,2026-03-18 23:32:17.973000
XRPUSDT,1592215173.0,1.4637,3.5,,,True,401.59423868048526,0.999376259070263,54.36288142022236,-0.07307911621526092,0.001,0.99999990935456,85.20438115615646,14.704856922339935,2026-03-18 23:32:17.973000
XRPUSDT,1592215174.0,1.4637,3.7,,,True,401.79714847594147,0.9993778052902882,54.372150453083066,-0.07294726539592412,0.001,0.9999999094057721,85.27299943382863,14.709821672379066,2026-03-18 23:32:17.973000
XRPUSDT,1592215175.0,1.4637,3.5,,,True,402.0000924775574,0.9993793476796979,54.38141775533516,-0.07281563534813582,0.001,0.9999999094569709,85.34164391717346,14.714786424030432,2026-03-18 23:32:17.973000
XRPUSDT,1592215176.0,1.4637,3.6,,,True,402.20307067956134,0.9993808862479704,54.39068332816528,-0.07268422574778408,0.001,0.9999999095081561,85.41031470920201,14.719751177293487,2026-03-18 23:32:17.973000
XRPUSDT,1592215177.0,1.4637,3.7,,,True,402.40608307618436,0.9993824210045607,54.39994717275856,-0.07255303627121873,0.001,0.9999999095593278,85.47901171944773,14.72471593216491,2026-03-18 23:32:17.973000
XRPUSDT,1592215178.0,1.4637,3.7,,,True,402.6091296616607,0.9993839519589,54.40920929029857,-0.07242206659513326,0.001,0.999999909610485,85.54773498027325,14.7296806886448,2026-03-18 23:32:17.973000
XRPUSDT,1592215179.0,1.4637,3.6,,,True,402.8122104302271,0.9993854791203968,54.418469681967345,-0.07229131639646427,0.001,0.9999999096616293,85.61648453126459,14.73464544673105,2026-03-18 23:32:17.973000
XRPUSDT,1592215180.0,1.4637,3.5,,,True,403.0153253761237,0.9993870024984357,54.427728348945415,-0.07216078535265608,0.001,0.999999909712759,85.68526030433007,14.739610206421675,2026-03-18 23:32:17.973000
XRPUSDT,1592215181.0,1.4637,3.7,,,True,403.2184744935931,0.9993885221023787,54.43698529241173,-0.07203047314128046,0.001,0.9999999097638749,85.75406241531569,14.744574967715256,2026-03-18 23:32:17.973000
XRPUSDT,1592215182.0,1.4637,3.5,,,True,403.4216577768811,0.9993900379415647,54.44624051354374,-0.07190037944057012,0.001,0.9999999098149763,85.82289065760311,14.74953973061038,2026-03-18 23:32:17.973000
XRPUSDT,1592215183.0,1.4636,3.5,,,True,403.58036577139035,0.9993910531071328,54.455467032390345,-0.05611224657303928,0.001,0.9999999098467559,15552.27379913437,14.754504495104861,2026-03-18 23:32:17.973000
XRPUSDT,1592215184.0,1.4636,5.2,,,True,403.7836098739932,0.9993925626758315,54.46471887466128,-0.07168876455185266,0.001,0.9999999098978456,-10318.522099806036,14.759469261198518,2026-03-18 23:32:17.973000
XRPUSDT,1592215185.0,1.4636,6.9,,,True,403.98688812644673,0.9993940685046048,54.4739689979791,-0.07155924159183294,0.001,0.9999999099489212,86.01440105433947,14.764434028887907,2026-03-18 23:32:17.973000
XRPUSDT,1592215186.0,1.4636,3.5,,,True,404.1902005229918,0.999395570602707,54.48321740351548,-0.07142993598162597,0.001,0.9999999099999822,86.08333238325662,14.7693987981732,2026-03-18 23:32:17.973000
XRPUSDT,1592215187.0,1.4636,3.8,,,True,404.39354705788804,0.9993970689793694,54.49246409244057,-0.07130084740635989,0.001,0.9999999100510291,86.15228634052006,14.77436356905155,2026-03-18 23:32:17.973000
XRPUSDT,1592215188.0,1.4636,15.0,,,True,404.5969277253981,0.9993985636438009,54.50170906592304,-0.071171975546032,0.001,0.9999999101020614,86.22126653759881,14.779328341521406,2026-03-18 23:32:17.973000
XRPUSDT,1592215189.0,1.4636,148.0,,,True,404.8003425197872,0.9994000546051873,54.510952325130006,-0.07104332008096828,0.001,0.9999999101530787,86.29027299553093,14.784293115580985,2026-03-18 23:32:17.973000
XRPUSDT,1592215190.0,1.4636,70.5,,,True,405.0037914353237,0.9994015418726923,54.52019387122709,-0.07091488069179844,0.001,0.999999910204082,86.35930573629106,14.789257891229408,2026-03-18 23:32:17.973000
XRPUSDT,1592215191.0,1.4636,19.6,,,True,405.2072744662788,0.9994030254554566,54.529433705378445,-0.07078665705958184,0.001,0.9999999102550703,86.42836470037514,14.794222668465174,2026-03-18 23:32:17.973000
XRPUSDT,1592215192.0,1.4636,3.5,,,True,405.4107916069268,0.9994045053625977,54.53867182874668,-0.07065864886568689,0.001,0.9999999103060435,86.49744996436917,14.799187447285323,2026-03-18 23:32:17.973000
XRPUSDT,1592215193.0,1.4636,3.8,,,True,405.6143428515442,0.9994059816032118,54.54790824249289,-0.07053085579176198,0.001,0.9999999103570028,86.56656151149411,14.804152227689949,2026-03-18 23:32:17.973000
XRPUSDT,1592215194.0,1.4636,3.7,,,True,405.8179281944113,0.9994074541863718,54.55714294777671,-0.07040327751993664,0.001,0.9999999104079463,86.63569928926226,14.8091170096762,2026-03-18 23:32:17.973000
XRPUSDT,1592215195.0,1.4636,150.0,,,True,406.02154762981064,0.9994089231211284,54.56637594575627,-0.070275913732605,0.001,0.9999999104588753,86.70486334299306,14.814081793243558,2026-03-18 23:32:17.973000
XRPUSDT,1592215196.0,1.4636,3.6,,,True,406.22520115202764,0.9994103884165104,54.57560723758819,-0.07014876411243393,0.001,0.9999999105097892,86.7740537030047,14.819046578389491,2026-03-18 23:32:17.973000
XRPUSDT,1592215197.0,1.4636,3.6,,,True,406.428888755351,0.9994118500815237,54.584836824427626,-0.07002182834262098,0.001,0.9999999105606886,86.84327028595828,14.824011365112487,2026-03-18 23:32:17.973000
XRPUSDT,1592215198.0,1.4636,3.5,,,True,406.632610434072,0.9994133081251523,54.59406470742822,-0.06989510610658548,0.001,0.9999999106115727,86.91251314357078,14.828976153411604,2026-03-18 23:32:17.973000
XRPUSDT,1592215199.0,1.4636,3.5,,,True,406.83636618248494,0.9994147625563576,54.603290887742126,-0.06976859708813771,0.001,0.9999999106624406,86.98178228124863,14.833940943284713,2026-03-18 23:32:17.973000
XRPUSDT,1592215200.0,1.4636,3.6,,,True,407.0401559948869,0.9994162133840795,54.612515366520064,-0.06964230097139704,0.001,0.9999999107132941,87.0510776976838,14.838905734730211,2026-03-18 23:32:17.973000
XRPUSDT,1592215201.0,1.4636,3.5,,,True,407.2439798655777,0.9994176606172354,54.621738144911205,-0.06951621744083342,0.001,0.999999910764132,87.120399399443,14.843870527747356,2026-03-18 23:32:17.973000
XRPUSDT,1592215202.0,1.4635,3.5,,,True,407.40318332308027,0.9994186298068328,54.630933379587276,-0.054249668059762994,0.001,0.9999999107959499,15751.870863021024,14.848835322333558,2026-03-18 23:32:17.973000
XRPUSDT,1592215203.0,1.4635,5.2,,,True,407.60706782158024,0.9994200710530445,54.640152820335565,-0.06931108558176406,0.001,0.9999999108467722,-10450.273797525342,14.853800118488676,2026-03-18 23:32:17.973000
XRPUSDT,1592215204.0,1.4635,6.9,,,True,407.8109863625509,0.9994215087284021,54.649370563999604,-0.06918555742811819,0.001,0.9999999108975813,87.31328181113426,14.858764916209948,2026-03-18 23:32:17.973000
XRPUSDT,1592215205.0,1.4635,3.5,,,True,408.01493894028835,0.999422942841742,54.658586611723024,-0.06906024072302677,0.001,0.9999999109483724,87.38270651185701,14.863729715496074,2026-03-18 23:32:17.973000
XRPUSDT,1592215206.0,1.4635,3.8,,,True,408.21892554910585,0.9994243734018796,54.66780096464797,-0.06893513515776399,0.001,0.9999999109991494,87.45215386409544,14.86869451634521,2026-03-18 23:32:17.973000
XRPUSDT,1592215207.0,1.4635,584.6,,,True,408.42294618332005,0.9994258004176085,54.67701362391509,-0.0688102404187337,0.001,0.9999999110499103,87.52162747717503,14.8736593187561,2026-03-18 23:32:17.973000
XRPUSDT,1592215208.0,1.4635,93.6,,,True,408.62700083725014,0.9994272238977001,54.68622459066363,-0.06868555619268052,0.001,0.9999999111006556,87.59112740028368,14.878624122726722,2026-03-18 23:32:17.974000
XRPUSDT,1592215209.0,1.4635,7.7,,,True,408.8310895052185,0.9994286438509044,54.69543386603133,-0.06856108216671276,0.001,0.999999911151385,87.66065360185866,14.88358892825587,2026-03-18 23:32:17.974000
XRPUSDT,1592215210.0,1.4635,93.2,,,True,409.0352121815498,0.9994300602859498,54.704641451154494,-0.0684368180283052,0.001,0.9999999112020984,87.73020605813021,14.888553735341944,2026-03-18 23:32:17.975000
XRPUSDT,1592215211.0,1.4635,3.8,,,True,409.23936886057226,0.9994314732115434,54.71384734716794,-0.06831276346528443,0.002,0.9999999112527964,87.79978477939586,14.89351854490395,2026-03-18 23:32:17.977000
XRPUSDT,1592215212.0,1.4636,3.6,,,False,409.48829151908257,0.9994333454983584,54.72307681049588,-0.08304635898587402,0.841,0.999999911322323,-7869.304746641161,14.898484126541508,2026-03-18 23:32:18.818000
XRPUSDT,1592215213.0,1.4636,3.6,,,False,409.6925448127803,0.9994347502842568,54.73227928526048,-0.06802670519693023,0.841,0.9999999113730247,10691.774316795028,14.903449707530058,2026-03-18 23:32:18.818000
XRPUSDT,1592215214.0,1.4636,3.5,,,False,409.8968320398799,0.9994361515895336,54.74148007435666,-0.06790331198932612,0.841,0.9999999114237019,88.0559073355525,14.90841528841756,2026-03-18 23:32:18.818000
XRPUSDT,1592215215.0,1.4636,186.0,,,False,410.10115320743904,0.9994375494228025,54.75067917892072,-0.06778013137145447,0.841,0.9999999114743546,88.12253979867333,14.913380869204625,2026-03-18 23:32:18.818000
XRPUSDT,1592215216.0,1.4636,3.6,,,False,410.3055083098604,0.9994389437926564,54.759876600080396,-0.06765715882267292,0.841,0.999999911524984,88.19220269029482,14.918346449894456,2026-03-18 23:32:18.818000
XRPUSDT,1592215217.0,1.4636,3.5,,,False,410.5098973415499,0.9994403347076674,54.76907233896194,-0.06753439403240252,0.841,0.9999999115755877,88.26189185126047,14.923312030486654,2026-03-18 23:32:18.818000
XRPUSDT,1592215218.0,1.4636,3.5,,,False,410.7143202969155,0.9994417221763855,54.77826639669017,-0.06741183669034123,0.841,0.9999999116261684,88.33160737898093,14.928277610984706,2026-03-18 23:32:18.818000
XRPUSDT,1592215219.0,1.4637,3.5,,,False,410.963558485124,0.9994435607010892,54.78748360213417,-0.08194802129004536,0.144,0.9999999116954507,-7906.439641763378,14.933242559822206,2026-03-18 23:32:18.962000
XRPUSDT,1592215220.0,1.4637,5.2,,,False,411.16803937083614,0.9994449401766742,54.79667423395555,-0.06711664457865174,0.144,0.9999999117459236,10751.460100373699,14.938207509832587,2026-03-18 23:32:18.962000
XRPUSDT,1592215221.0,1.4637,6.9,,,False,411.3725541916003,0.999446316234279,54.80586318818428,-0.06699481817224445,0.144,0.9999999117963781,88.53292622109646,14.943172461106046,2026-03-18 23:32:18.962000
XRPUSDT,1592215222.0,1.4637,3.6,,,False,411.5771029439321,0.9994476888823626,54.815050465940004,-0.06687319841500784,0.144,0.9999999118468167,88.60228538969425,14.948137413642456,2026-03-18 23:32:18.962000
XRPUSDT,1592215223.0,1.4637,3.6,,,False,411.7816856222048,0.9994490581293638,54.82423606833978,-0.06675178429587436,0.144,0.9999999118972362,88.67218188154568,14.953102367440113,2026-03-18 23:32:18.962000
XRPUSDT,1592215224.0,1.4637,150.0,,,False,411.9863022207943,0.9994504239837002,54.83341999649921,-0.06663057550741214,0.144,0.9999999119476384,88.74210465281193,14.958067322498234,2026-03-18 23:32:18.962000
XRPUSDT,1592215225.0,1.4637,3.5,,,False,412.1909527340795,0.9994517864537691,54.84260225153249,-0.06650957174244496,0.144,0.9999999119980225,88.81205373331694,14.963032278815444,2026-03-18 23:32:18.962000
XRPUSDT,1592215226.0,1.4637,3.6,,,False,412.3956371564418,0.9994531455479466,54.85178283455241,-0.06638877269424623,0.144,0.9999999120483883,88.88202907173097,14.96799723639179,2026-03-18 23:32:18.962000
XRPUSDT,1592215227.0,1.4637,3.5,,,False,412.6003554822656,0.9994545012745879,54.8609617466703,-0.06626817805636964,0.144,0.9999999120987368,88.9520307445083,14.972962195225234,2026-03-18 23:32:18.962000
XRPUSDT,1592215228.0,1.4638,3.5,,,False,412.84995319274606,0.9994562977098727,54.87016328373974,-0.08055747792478449,0.006,0.9999999121676426,-7954.252507568134,14.977927032371484,2026-03-18 23:32:18.968000
XRPUSDT,1592215229.0,1.4638,6.9,,,False,413.05474336458184,0.9994576456261162,54.87933879940332,-0.0659822278883889,0.006,0.9999999122179304,10813.171891479857,14.982891871032434,2026-03-18 23:32:18.968000
XRPUSDT,1592215230.0,1.4638,3.6,,,False,413.2595674278782,0.9994589902024902,54.88851264763112,-0.06586232807499155,0.006,0.9999999122682016,89.17292889731391,14.987856711212977,2026-03-18 23:32:18.968000
XRPUSDT,1592215231.0,1.4638,3.6,,,False,413.46442537710976,0.999460331447261,54.89768482952852,-0.0657426313290485,0.006,0.9999999123184552,89.24302897479623,14.992821552909017,2026-03-18 23:32:18.968000
XRPUSDT,1592215232.0,1.4638,3.5,,,False,413.6693172066657,0.9994616693686753,54.9068553461995,-0.06562313731781211,0.006,0.9999999123686923,89.31317636229446,14.997786396120746,2026-03-18 23:32:18.968000
XRPUSDT,1592215233.0,1.4638,3.6,,,False,413.87424291093794,0.9994630039749584,54.91602419874661,-0.06550384573716152,0.006,0.9999999124189127,89.38335010575018,15.002751240845532,2026-03-18 23:32:18.968000
XRPUSDT,1592215234.0,1.4638,3.5,,,False,414.07920248432123,0.9994643352743161,54.92519138827104,-0.06538475628335813,0.006,0.9999999124691153,89.4535501048308,15.007716087083253,2026-03-18 23:32:18.968000
XRPUSDT,1592215235.0,1.4639,3.5,,,False,414.3290906135593,0.9994660993140111,54.934380799242675,-0.07948231781145226,1.347,0.9999999125377604,-7991.635090851033,15.012682113833776,2026-03-18 23:32:20.315000
XRPUSDT,1592215236.0,1.4639,4.3,,,False,414.5341578211744,0.9994674229436155,54.943544628041,-0.06511374480473534,1.347,0.9999999125879916,10855.433392635188,15.017648138723441,2026-03-18 23:32:20.315000
XRPUSDT,1592215237.0,1.4639,6.4,,,False,414.739258801237,0.9994687432934636,54.95270679711092,-0.06499527053064322,0.011,0.9999999126381947,89.7294563714669,15.022612993083253,2026-03-18 23:32:20.326000
XRPUSDT,1592215238.0,1.4639,6.9,,,False,414.94436133228453,0.9994700603716735,54.96186729054384,-0.06486684302501342,1.873,0.9999999126882896,97.50939971570138,15.027579475932995,2026-03-18 23:32:22.199000
XRPUSDT,1592215239.0,1.4639,3.6,,,False,415.14954255565283,0.9994713741863437,54.9710261501804,-0.06476294485676781,1.873,0.9999999127384765,79.08129708458897,15.032545956780547,2026-03-18 23:32:22.199000
XRPUSDT,1592215240.0,1.4639,3.6,,,False,415.35475753146017,0.9994726847455516,54.980183353337225,-0.0646450559076639,1.873,0.9999999127886294,89.95316532835703,15.037512435629841,2026-03-18 23:32:22.199000
XRPUSDT,1592215241.0,1.4639,6.7,,,False,415.5600062542189,0.9994739920573561,54.989338901106294,-0.06452736719233822,1.873,0.9999999128387483,90.02344729286216,15.042478912486251,2026-03-18 23:32:22.199000
XRPUSDT,1592215242.0,1.4639,8.0,,,False,415.765288718476,0.9994752961297946,54.99849279457825,-0.06440987841881123,3.534,0.9999999128888328,90.09374790865692,15.047446828175337,2026-03-18 23:32:25.733000
XRPUSDT,1592215243.0,1.4639,3.5,,,False,415.9706446652018,0.9994765969708858,55.00764505556305,-0.06430499333449997,3.534,0.9999999129389805,80.62866788458041,15.052414738781536,2026-03-18 23:32:25.733000
XRPUSDT,1592215244.0,1.4639,6.9,,,False,416.17603427010266,0.9994778945886283,55.0167956642874,-0.06418783167929445,3.534,0.9999999129890791,90.28980674356534,15.057382644314082,2026-03-18 23:32:25.733000
XRPUSDT,1592215245.0,1.4639,3.6,,,False,416.38145752779434,0.9994791889910009,55.025944621838455,-0.06407086935581142,3.534,0.9999999130391297,90.36009664931089,15.062350544785213,2026-03-18 23:32:25.733000
XRPUSDT,1592215246.0,1.4639,2.9,,,False,416.58691443294913,0.9994804801859624,55.03509192930204,-0.06395410607875149,3.534,0.9999999130891314,90.4304001649526,15.067318440203747,2026-03-18 23:32:25.733000
XRPUSDT,1592215247.0,1.4639,0.7,,,False,416.79240498024086,0.9994817681814524,55.04423758776258,-0.06383754154647271,0.046,0.9999999131390862,90.50073015017817,15.072283332411624,2026-03-18 23:32:25.779000
XRPUSDT,1592215248.0,1.4639,3.5,,,False,416.9978463890318,0.9994830529853906,55.05338155568243,-0.06369559845943591,0.046,0.9999999131887922,110.47840282252427,15.077248226041077,2026-03-18 23:32:25.779000
XRPUSDT,1592215249.0,1.4639,18.2,,,False,417.2033215802891,0.9994843346056775,55.06252387705279,-0.06357957875715305,0.046,0.9999999132384804,90.52580040205451,15.082213121093213,2026-03-18 23:32:25.779000
XRPUSDT,1592215250.0,1.4639,2.5,,,False,417.40883054845665,0.9994856130501935,55.071664552952534,-0.06346375625602413,0.046,0.9999999132881513,90.59642376876528,15.087178017563518,2026-03-18 23:32:25.779000
XRPUSDT,1592215251.0,1.4639,1.0,,,False,417.61437328797945,0.9994868883268,55.080803584459154,-0.06334813065787995,2.095,0.999999913337804,90.66707375590255,15.092144663904437,2026-03-18 23:32:27.874000
XRPUSDT,1592215252.0,1.4639,3.5,,,False,417.81999809723135,0.9994881604433389,55.08994099727483,-0.0632475090630361,2.095,0.9999999133875558,79.09778056336283,15.097111307900002,2026-03-18 23:32:27.874000
XRPUSDT,1592215253.0,1.4639,3.6,,,False,418.02565657865557,0.9994894294076326,55.09907676768145,-0.0631321905500019,2.095,0.9999999134372727,90.87608973849989,15.102077949556334,2026-03-18 23:32:27.874000
XRPUSDT,1592215254.0,1.4639,3.6,,,False,418.23134872680777,0.9994906952274841,55.10821089675331,-0.06301706840878261,2.095,0.999999913486954,90.94670231592556,15.107044588878177,2026-03-18 23:32:27.874000
XRPUSDT,1592215255.0,1.4639,3.5,,,False,418.4370745362834,0.9994919579106775,55.11734338556333,-0.06290214235320912,2.095,0.9999999135366001,91.01733212252286,15.112011225871864,2026-03-18 23:32:27.874000
XRPUSDT,1592215256.0,1.4639,3.5,,,False,418.6428340016802,0.9994932174649773,55.1264742351831,-0.06278741208579075,2.095,0.9999999135862109,91.08798837110353,15.11697786054182,2026-03-18 23:32:27.874000
XRPUSDT,1592215257.0,1.4639,24.9,,,False,418.848627117599,0.9994944738981288,55.13560344668286,-0.06267287730952957,2.095,0.9999999136357862,91.15867097477265,15.121944492896029,2026-03-18 23:32:27.874000
XRPUSDT,1592215258.0,1.4639,3.6,,,False,419.05445387864273,0.9994957272178586,55.144731021131484,-0.06255853772771268,2.095,0.9999999136853269,91.2293799422045,15.1269111229385,2026-03-18 23:32:27.874000
XRPUSDT,1592215259.0,1.4639,3.5,,,False,419.2603142794171,0.9994969774318737,55.153856959596546,-0.06244439304397119,2.095,0.9999999137348318,91.30011531115773,15.131877750674427,2026-03-18 23:32:27.874000
XRPUSDT,1592215260.0,1.464,3.5,,,False,419.51128553272537,0.9994986340031343,55.16300378321745,-0.075903048091056,0.041,0.9999999138023639,-8124.404525840602,15.136842651962938,2026-03-18 23:32:27.915000
XRPUSDT,1592215261.0,1.464,3.7,,,False,419.7171728929039,0.9994998770141327,55.17212637703735,-0.06216050778592116,0.041,0.9999999138516689,11055.847714415897,15.141807554645492,2026-03-18 23:32:27.915000
XRPUSDT,1592215262.0,1.464,6.9,,,False,419.9230939619746,0.999501116944936,55.18124733834833,-0.06204710243936465,0.041,0.9999999139009562,91.46102850960673,15.146772458743774,2026-03-18 23:32:27.915000
XRPUSDT,1592215263.0,1.464,3.6,,,False,420.1290487349886,0.9995023538031692,55.19036666821178,-0.06193389050388555,0.041,0.9999999139502264,91.53186067997338,15.151737364258263,2026-03-18 23:32:27.915000
XRPUSDT,1592215264.0,1.464,3.6,,,False,420.335037206427,0.9995035875964388,55.19948436768746,-0.06182087151365724,0.041,0.9999999139994786,91.60285845089844,15.156702271185958,2026-03-18 23:32:27.915000
XRPUSDT,1592215265.0,1.464,3.5,,,False,420.54105937077304,0.999504818332332,55.20860043783384,-0.06170804517583772,0.041,0.9999999140487128,91.67388262830715,15.161667179527559,2026-03-18 23:32:27.915000
XRPUSDT,1592215266.0,1.464,3.5,,,False,420.74711522251323,0.9995060460184175,55.21771487970803,-0.061595411198123215,0.041,0.9999999140979288,91.74493303981131,15.166632089278966,2026-03-18 23:32:27.915000
XRPUSDT,1592215267.0,1.464,3.5,,,False,420.95320475613613,0.9995072706622458,55.226827694365845,-0.06148296928836903,0.041,0.9999999141471274,91.81600981589602,15.171597000442517,2026-03-18 23:32:27.915000
XRPUSDT,1592215268.0,1.464,3.6,,,False,421.15932796613373,0.9995084922713481,55.23593888286176,-0.06137071915491345,0.041,0.9999999141963076,91.88711285993082,15.176561913013172,2026-03-18 23:32:27.915000
XRPUSDT,1592215269.0,1.464,3.5,,,False,421.36548484700023,0.9995097108532369,55.24504844624893,-0.061258660506322185,0.041,0.9999999142454705,91.95824229583708,15.181526826991295,2026-03-18 23:32:27.915000
XRPUSDT,1592215270.0,1.4641,3.5,,,False,421.6168236882369,0.9995113254856175,55.25417837071627,-0.07446351256068597,0.005,0.9999999143125158,-8178.2405786123845,15.186491712722148,2026-03-18 23:32:27.920000
XRPUSDT,1592215271.0,1.4641,4.5,,,False,421.82305445870355,0.9995125370466202,55.26328463577254,-0.0609938151519496,0.005,0.9999999143616246,11117.638631662785,15.191456599919084,2026-03-18 23:32:27.920000
XRPUSDT,1592215272.0,1.4641,6.9,,,False,422.0293188837639,0.9995137456052853,55.27238927899075,-0.060882402641216624,0.005,0.999999914410716,92.18626613371056,15.196421488582935,2026-03-18 23:32:27.920000
XRPUSDT,1592215273.0,1.4641,3.8,,,False,422.23561695799,0.9995149511690454,55.28149230141861,-0.06077118035242977,0.005,0.999999914459789,92.25749185813947,15.201386378713082,2026-03-18 23:32:27.920000
XRPUSDT,1592215274.0,1.4641,3.6,,,False,422.44194867588794,0.9995161537453149,55.29059370410244,-0.06066014797580993,0.005,0.999999914508844,92.32876071153436,15.20635127030799,2026-03-18 23:32:27.920000
XRPUSDT,1592215275.0,1.4641,3.6,,,False,422.6483140319663,0.99951735334149,55.29969348808728,-0.06054930522218534,0.005,0.9999999145578813,92.40005589293622,15.21131616336421,2026-03-18 23:32:27.920000
XRPUSDT,1592215276.0,1.4641,3.5,,,False,422.85471302073665,0.9995185499649485,55.308791654416886,-0.06043865180281043,0.005,0.9999999146069004,92.4713773450299,15.216281057883338,2026-03-18 23:32:27.920000
XRPUSDT,1592215277.0,1.4641,3.5,,,False,423.0611456367131,0.9995197436230496,55.31788820413369,-0.060328187429161954,0.005,0.9999999146559013,92.54272521002262,15.221245953862327,2026-03-18 23:32:27.920000
XRPUSDT,1592215278.0,1.4641,3.5,,,False,423.26761187441235,0.9995209343231352,55.32698313827884,-0.0602179118132048,0.005,0.9999999147048839,92.61409929951252,15.226210851299122,2026-03-18 23:32:27.920000
XRPUSDT,1592215279.0,1.4641,3.5,,,False,423.4741117283539,0.9995221220725284,55.33607645789218,-0.060107824667094925,0.005,0.9999999147538491,92.68549976318307,15.231175750194467,2026-03-18 23:32:27.920000
XRPUSDT,1592215280.0,1.4641,3.6,,,False,423.68064519305995,0.9995233068785345,55.34516816401229,-0.0599979257034795,0.005,0.9999999148027953,92.7569264936393,15.236140650544858,2026-03-18 23:32:27.920000
XRPUSDT,1592215281.0,1.4641,3.5,,,False,423.88721226305535,0.9995244887484404,55.35425825767643,-0.059888214635178114,0.005,0.9999999148517236,92.8283796381649,15.241105552349365,2026-03-18 23:32:27.920000
XRPUSDT,1592215282.0,1.4641,3.5,,,False,424.0938129328676,0.9995256676895151,55.363346739920566,-0.05977869117554037,0.005,0.9999999149006332,92.89985901937204,15.246070455607624,2026-03-18 23:32:27.920000
XRPUSDT,1592215283.0,1.4642,3.5,,,False,424.34568855649593,0.9995272297728859,55.37245492588414,-0.07266318119845355,0.198,0.9999999149672215,-8248.272956520397,15.251035515480151,2026-03-18 23:32:28.118000
XRPUSDT,1592215284.0,1.4642,6.9,,,False,424.5523680896253,0.9995284019213105,55.381540141083484,-0.05952134040736448,0.198,0.9999999150160894,11211.754855154171,15.256000576357119,2026-03-18 23:32:28.118000
XRPUSDT,1592215285.0,1.4642,3.8,,,False,424.7590811944191,0.9995295711649725,55.39062374806101,-0.059412440611074355,0.198,0.9999999150649382,93.13695667472359,15.26096563834887,2026-03-18 23:32:28.118000
XRPUSDT,1592215286.0,1.4642,3.6,,,False,424.9658278680932,0.9995307375110634,55.39970574784867,-0.05930372796441041,0.198,0.999999915113766,93.20788016492789,15.265930701454849,2026-03-18 23:32:28.118000
XRPUSDT,1592215287.0,1.4642,3.6,,,False,425.1726081052021,0.9995319009667573,55.40878614147585,-0.05919520141603979,0.198,0.9999999151625737,93.27948536402278,15.27089576567429,2026-03-18 23:32:28.118000
XRPUSDT,1592215288.0,1.4642,3.5,,,False,425.379421900302,0.9995330615392105,55.41786492997067,-0.05908686068118394,0.198,0.9999999152113622,93.35111698741028,15.275860831007371,2026-03-18 23:32:28.118000
XRPUSDT,1592215289.0,1.4642,3.5,,,False,425.5862692479526,0.999534219235561,55.42694211435998,-0.05897870547562825,0.198,0.99999991526013,93.42277490426669,15.280825897452566,2026-03-18 23:32:28.118000
XRPUSDT,1592215290.0,1.4642,3.5,,,False,425.79315014271555,0.9995353740629302,55.43601769566937,-0.058870735515351165,0.198,0.9999999153088783,93.49445912743676,15.285790965008342,2026-03-18 23:32:28.118000
XRPUSDT,1592215291.0,1.4642,3.6,,,False,426.00006457915566,0.999536526028421,55.445091674923134,-0.058762950516710905,0.198,0.9999999153576055,93.5661697363037,15.2907560336748,2026-03-18 23:32:28.118000
XRPUSDT,1592215292.0,1.4643,3.5,,,False,426.25231733279907,0.9995380523455026,55.45418490894419,-0.07142690376514514,0.261,0.9999999154238685,-8297.065793861055,15.295721153258942,2026-03-18 23:32:28.379000
XRPUSDT,1592215293.0,1.4643,6.9,,,False,426.4593075808149,0.9995391976736826,55.46325563950635,-0.0585088800660553,0.261,0.999999915472544,11278.884013403818,15.300686273697874,2026-03-18 23:32:28.379000
XRPUSDT,1592215294.0,1.4643,4.3,,,False,426.66633134702596,0.9995403401635036,55.47232477118288,-0.05840171446452537,0.261,0.9999999155211992,93.80004929833055,15.305651395138964,2026-03-18 23:32:28.379000
XRPUSDT,1592215295.0,1.4643,0.9,,,False,426.8733886294746,0.9995414798219926,55.48139230499445,-0.05829473356912046,0.092,0.9999999155698327,93.87101174184927,15.310616384842131,2026-03-18 23:32:28.471000
XRPUSDT,1592215296.0,1.4643,3.8,,,False,427.08047572771596,0.9995426166561603,55.4904582402753,-0.058186901401968937,0.092,0.9999999156184374,94.85303152916246,15.315581375831643,2026-03-18 23:32:28.471000
XRPUSDT,1592215297.0,1.4643,3.6,,,False,427.2875963381371,0.9995437506729995,55.49952257973689,-0.058080293141495196,0.092,0.9999999156670223,94.00941572258051,15.320546368105719,2026-03-18 23:32:28.471000
XRPUSDT,1592215298.0,1.4643,3.6,,,False,427.49475045531517,0.9995448818794855,55.50858532439444,-0.0579738677391134,0.092,0.9999999157155877,94.08132263680821,15.32551136166464,2026-03-18 23:32:28.471000
XRPUSDT,1592215299.0,1.4643,3.5,,,False,427.7019380738295,0.9995460102825772,55.51764647526192,-0.05786762491413489,0.092,0.9999999157641334,94.1532558412261,15.330476356506216,2026-03-18 23:32:28.471000
XRPUSDT,1592215300.0,1.4643,1.1,,,False,427.90915918826227,0.9995471358892151,55.526706033352006,-0.05776156438615223,0.092,0.9999999158126593,94.22521546318417,15.335441352630156,2026-03-18 23:32:28.471000
XRPUSDT,1592215301.0,1.4643,3.5,,,False,428.1164137931979,0.9995482587063236,55.53576399967621,-0.05765568587515906,0.088,0.9999999158611667,94.2972013790202,15.340406346928424,2026-03-18 23:32:28.559000
XRPUSDT,1592215302.0,1.4643,7.5,,,False,428.32370179664156,0.9995493787408097,55.54482037520588,-0.05754996514437558,0.088,0.9999999159096526,94.39060322704553,15.34537134251242,2026-03-18 23:32:28.559000
XRPUSDT,1592215303.0,1.4642,3.5,,,True,428.4856404882185,0.9995501289727822,55.55385483155796,-0.04491842989971222,2.186,0.99999991594073,16836.839416033596,15.350337963035345,2026-03-18 23:32:30.745000
XRPUSDT,1592215304.0,1.4642,3.6,,,True,428.69303335635647,0.9995512443722646,55.5629080959111,-0.057390280801939614,2.186,0.9999999159892984,-11181.510390259302,15.355304582538617,2026-03-18 23:32:30.745000
XRPUSDT,1592215305.0,1.4642,3.3,,,True,428.900459640113,0.9995523570074908,55.57195977229959,-0.05728499460251979,2.186,0.9999999160378311,94.62777821784108,15.36027119982515,2026-03-18 23:32:30.745000
XRPUSDT,1592215306.0,1.4642,0.4,,,True,429.10791930568087,0.9995534668853052,55.581009861716886,-0.0571798815653001,1.823,0.9999999160863283,94.70685498253751,15.365237535316338,2026-03-18 23:32:32.568000
XRPUSDT,1592215307.0,1.4642,3.7,,,True,429.3154045520824,0.999554574012535,55.59005836170887,-0.057072812167423596,1.823,0.9999999161347729,96.70920829717318,15.370203869206101,2026-03-18 23:32:32.568000
XRPUSDT,1592215308.0,1.4642,3.6,,,True,429.5229231840789,0.9995556783959911,55.59910527676186,-0.05696807284451185,1.823,0.9999999161831852,94.83963412382174,15.3751702014957,2026-03-18 23:32:32.568000
XRPUSDT,1592215309.0,1.4642,3.7,,,True,429.7304751963898,0.9995567800424674,55.608150607878244,-0.05686351367991653,1.823,0.9999999162315641,94.91172245186907,15.380136532193006,2026-03-18 23:32:32.568000
XRPUSDT,1592215310.0,1.4642,3.7,,,True,429.9380605837319,0.9995578789587406,55.61719435605919,-0.05675913439419532,1.823,0.9999999162799121,94.98383841123426,15.385102861300558,2026-03-18 23:32:32.568000
XRPUSDT,1592215311.0,1.4642,5.7,,,True,430.1456793408244,0.9995589751515712,55.62623652230463,-0.05665493470955353,1.823,0.999999916328227,95.0559807830418,15.390069188823631,2026-03-18 23:32:32.568000
XRPUSDT,1592215312.0,1.4642,3.5,,,True,430.3533314623897,0.9995600686277026,55.63527710761329,-0.05655091434862825,1.823,0.999999916376509,95.12814951912283,15.39503551476567,2026-03-18 23:32:32.568000
XRPUSDT,1592215313.0,1.4642,3.6,,,True,430.5610169431514,0.9995611593938619,55.64431611298262,-0.05644707303424784,1.823,0.9999999164247594,95.20034472702153,15.400001839130862,2026-03-18 23:32:32.568000
XRPUSDT,1592215314.0,1.4642,3.5,,,True,430.76873577783664,0.999562247456759,55.65335353940891,-0.05634341048975405,1.823,0.9999999164729778,95.27256629070602,15.404968161923765,2026-03-18 23:32:32.568000
XRPUSDT,1592215315.0,1.4642,3.5,,,True,430.97648796117454,0.9995633328230878,55.662389387887195,-0.05623992643869375,1.823,0.9999999165211633,95.34481429282442,15.409934483148621,2026-03-18 23:32:32.568000
XRPUSDT,1592215316.0,1.4642,50.7,,,True,431.1842734878967,0.9995644154995255,55.67142365941128,-0.0561366206050386,1.823,0.9999999165693176,95.4170886759492,15.41490080280969,2026-03-18 23:32:32.568000
XRPUSDT,1592215317.0,1.4642,3.5,,,True,431.3920923527372,0.9995654954927327,55.68045635497379,-0.0560334927129893,1.823,0.9999999166174389,95.48938952760297,15.419867120912514,2026-03-18 23:32:32.568000
XRPUSDT,1592215318.0,1.4642,3.7,,,True,431.5999445504325,0.9995665728093532,55.68948747556611,-0.05593054248727753,1.823,0.9999999166655285,95.56171671836645,15.42483343745862,2026-03-18 23:32:32.568000
XRPUSDT,1592215319.0,1.4642,3.6,,,True,431.80783007572177,0.9995676474560152,55.698517022178414,-0.05582776965279917,1.823,0.999999916713586,95.63407035378894,15.429799752454318,2026-03-18 23:32:32.568000
XRPUSDT,1592215320.0,1.4642,314.1,,,False,432.0157489233462,0.9995687194393298,55.70754499579971,-0.0557251739348518,0.311,0.9999999167616113,95.70645042126604,15.43476493094619,2026-03-18 23:32:32.879000
XRPUSDT,1592215321.0,1.4641,3.7,,,True,432.17815166581613,0.9995694374629274,55.71655186857385,-0.043486321539574616,1.963,0.9999999167924012,17045.195222752613,15.439731347958535,2026-03-18 23:32:34.842000
XRPUSDT,1592215322.0,1.4641,3.5,,,True,432.38613275056036,0.9995705050099709,55.72557674568901,-0.055558816413262865,1.963,0.9999999168403947,-11308.630328480518,15.444697764250037,2026-03-18 23:32:34.842000
XRPUSDT,1592215323.0,1.4641,5.2,,,True,432.59414716254673,0.9995715699112475,55.73460005267111,-0.05545668606823187,1.963,0.999999916888355,95.90592787783599,15.449664178778328,2026-03-18 23:32:34.842000
XRPUSDT,1592215324.0,1.4641,6.9,,,True,432.80219487161366,0.9995726321733083,55.74362179049392,-0.055354725223845824,1.963,0.9999999169362825,95.9846427286307,15.454630591549183,2026-03-18 23:32:34.842000
XRPUSDT,1592215325.0,1.4641,3.6,,,True,433.0102758725227,0.9995736918026887,55.75264196014062,-0.055252940255006905,1.963,0.9999999169841768,96.05714103031967,15.459597002567648,2026-03-18 23:32:34.842000
XRPUSDT,1592215326.0,1.4641,3.6,,,True,433.218390160038,0.9995747488059084,55.76166056259327,-0.05515133088883076,1.963,0.9999999170320387,96.12966572882453,15.464563411836503,2026-03-18 23:32:34.842000
XRPUSDT,1592215327.0,1.4641,225.0,,,True,433.4265377289263,0.9995758031894701,55.7706775988327,-0.0550498968528025,1.963,0.9999999170798679,96.2022168248617,15.469529819362458,2026-03-18 23:32:34.842000
XRPUSDT,1592215328.0,1.4641,3.5,,,True,433.6347185739563,0.9995768549598607,55.77969306983856,-0.05494863787465358,1.963,0.999999917127664,96.27479443980457,15.474496225147554,2026-03-18 23:32:34.842000
XRPUSDT,1592215329.0,1.4641,3.7,,,True,433.84293268989967,0.9995779041235512,55.788706976589296,-0.05484755368257313,1.963,0.9999999171754272,96.34739840655934,15.479462629199185,2026-03-18 23:32:34.842000
XRPUSDT,1592215330.0,1.4641,3.7,,,True,434.05118007152964,0.9995789506869969,55.797719320062164,-0.054746644004994835,1.963,0.9999999172231577,96.42002880426207,15.484429031520394,2026-03-18 23:32:34.842000
XRPUSDT,1592215331.0,1.4641,3.7,,,True,434.25946071362296,0.9995799946566364,55.806730101233235,-0.054645908570782734,1.963,0.9999999172708555,96.49268561011604,15.489395432115248,2026-03-18 23:32:34.842000
XRPUSDT,1592215332.0,1.4641,12.2,,,True,434.467774610958,0.999581036038893,55.81573932107738,-0.05454534710900424,1.963,0.9999999173185209,96.56536889919072,15.4943618309899,2026-03-18 23:32:34.842000
XRPUSDT,1592215333.0,1.4641,682.9,,,True,434.6761217583158,0.9995820748401738,55.82474698056832,-0.05444495934920907,1.963,0.9999999173661535,96.63807857503876,15.49932822814714,2026-03-18 23:32:34.842000
XRPUSDT,1592215334.0,1.4641,1719.6,,,True,434.88450215047936,0.9995831110668706,55.83375308067855,-0.054344745021184554,1.963,0.9999999174137538,96.7108146660452,15.504294623592278,2026-03-18 23:32:34.842000
XRPUSDT,1592215335.0,1.4642,5.0,,,False,435.1385388083333,0.9995844840548751,55.8427765150085,-0.06605525119352883,0.512,0.9999999174782487,-8529.212297462765,15.509259957231302,2026-03-18 23:32:35.354000
XRPUSDT,1592215336.0,1.4641,3.5,,,True,435.3013358416138,0.9995851758434199,55.85176059556321,-0.042302834358248484,0.114,0.9999999175087896,34334.79350653414,15.514225001105942,2026-03-18 23:32:35.468000
XRPUSDT,1592215337.0,1.4641,3.6,,,True,435.5097781647373,0.9995862043845009,55.86076200781151,-0.05403539405883499,0.114,0.9999999175562146,-11406.9918233123,15.519190046255645,2026-03-18 23:32:35.468000
XRPUSDT,1592215338.0,1.4641,3.7,,,True,435.7182537828387,0.9995872303764055,55.869761864663666,-0.05393592812450029,0.114,0.99999991760362,96.94612002608166,15.524155092621122,2026-03-18 23:32:35.468000
XRPUSDT,1592215339.0,1.4641,3.5,,,True,435.9267626891891,0.9995882538254467,55.87876016708524,-0.053836633661366984,0.114,0.9999999176510052,97.01945005354747,15.529120140199911,2026-03-18 23:32:35.468000
XRPUSDT,1592215340.0,1.4641,3.7,,,True,436.1353048784741,0.9995892747379216,55.88775691604112,-0.053737510767670686,0.114,0.9999999176983702,97.09245026789979,15.534085188992368,2026-03-18 23:32:35.468000
XRPUSDT,1592215341.0,1.4641,3.7,,,True,436.343880345382,0.9995902931201115,55.89675211249508,-0.05363855917661929,0.114,0.9999999177457145,97.16547680407464,15.539050238995975,2026-03-18 23:32:35.468000
XRPUSDT,1592215342.0,1.4641,3.7,,,True,436.5524890846037,0.9995913089782829,55.90574575740969,-0.053539778621711095,0.114,0.999999917793039,97.23852964229403,15.544015290211089,2026-03-18 23:32:35.468000
XRPUSDT,1592215343.0,1.4641,3.6,,,True,436.7611310908324,0.9995923223186862,55.91473785174639,-0.05344116883669101,0.114,0.9999999178403435,97.3116089050646,15.5489803426361,2026-03-18 23:32:35.468000
XRPUSDT,1592215344.0,1.4641,3.5,,,True,436.969806358764,0.9995933331475562,55.92372839646546,-0.053342729555744255,0.114,0.9999999178876271,97.38471453881068,15.553945396269853,2026-03-18 23:32:35.468000
XRPUSDT,1592215345.0,1.4641,3.5,,,True,437.17851488309697,0.9995943414711128,55.93271739252598,-0.05324446051334797,0.114,0.9999999179348904,97.45784648999258,15.558910451112174,2026-03-18 23:32:35.468000
XRPUSDT,1592215346.0,1.4641,3.5,,,True,437.387256658532,0.9995953472955604,55.94170484088591,-0.053146361444283266,0.114,0.9999999179821337,97.53100483574484,15.563875507161345,2026-03-18 23:32:35.468000
XRPUSDT,1592215347.0,1.4641,3.6,,,True,437.5960316797728,0.9995963506270881,55.950690742502054,-0.05304843208373811,0.114,0.9999999180293562,97.60418949027202,15.568840564416414,2026-03-18 23:32:35.468000
XRPUSDT,1592215348.0,1.4641,23.2,,,False,437.80483994152524,0.9995973514718692,55.95967509833005,-0.05295067216711992,0.934,0.9999999180765586,97.67740059015472,15.573806207800779,2026-03-18 23:32:36.402000
XRPUSDT,1592215349.0,1.4641,371.5,,,False,438.0136978555878,0.9995983498360624,55.96865791589347,-0.052857222239894294,0.028,0.999999918123778,93.60304372053598,15.578771206045912,2026-03-18 23:32:36.430000
XRPUSDT,1592215350.0,1.464,3.5,,,True,438.1768383306738,0.9995990185281528,55.977620921131,-0.04124908433710323,0.853,0.9999999181542136,17359.46644206523,15.58373679188543,2026-03-18 23:32:37.283000
XRPUSDT,1592215351.0,1.464,3.7,,,True,438.3857537327219,0.9996000127605454,55.986600693514085,-0.05269774953639992,0.853,0.9999999182013981,-11515.079657514052,15.588702378223505,2026-03-18 23:32:37.283000
XRPUSDT,1592215352.0,1.464,5.0,,,True,438.59470233842006,0.999601004528726,55.99557892378721,-0.05260058237960663,0.853,0.9999999182485565,97.97365825592497,15.593667964627386,2026-03-18 23:32:37.283000
XRPUSDT,1592215353.0,1.4641,3.6,,,False,438.84944142677494,0.9996023186301316,56.00457374848095,-0.0639375625955565,1.725,0.9999999183123649,-8627.173038400802,15.598634167903867,2026-03-18 23:32:39.008000
XRPUSDT,1592215354.0,1.4641,3.6,,,False,439.0584810151081,0.9996033046831785,56.01354886216801,-0.05237561368757608,1.725,0.9999999183594986,11725.483679153285,15.603600369049351,2026-03-18 23:32:39.008000
XRPUSDT,1592215355.0,1.4641,3.5,,,False,439.26755372711904,0.9996042882922694,56.02252243663032,-0.0522789806301633,1.725,0.9999999184066015,98.24335531407947,15.608566568933712,2026-03-18 23:32:39.008000
XRPUSDT,1592215356.0,1.4641,150.0,,,False,439.4766595784412,0.9996052694634574,56.03149447282308,-0.05218252032435031,1.725,0.9999999184536734,98.31139254423458,15.613532767563228,2026-03-18 23:32:39.008000
XRPUSDT,1592215357.0,1.4641,3.5,,,False,439.68579856389835,0.9996062482027797,56.04046497169205,-0.05208622730049128,1.725,0.9999999185007145,98.3847503308397,15.618498964939882,2026-03-18 23:32:39.008000
XRPUSDT,1592215358.0,1.4641,67.1,,,False,439.894970678317,0.9996072245162588,56.04943393418192,-0.05199010129666609,1.725,0.9999999185477253,98.45813447810212,15.623465161067417,2026-03-18 23:32:39.008000
XRPUSDT,1592215359.0,1.4641,3.7,,,False,440.1041759165259,0.9996081984099032,56.05840136123621,-0.051894142051110315,1.725,0.9999999185947052,98.53154511065404,15.62843135595023,2026-03-18 23:32:39.008000
XRPUSDT,1592215360.0,1.4641,3.7,,,False,440.3134142733562,0.9996091698897054,56.06736725379732,-0.05179834930257183,1.725,0.9999999186416544,98.60498213717295,15.633397549590937,2026-03-18 23:32:39.008000
XRPUSDT,1592215361.0,1.4641,3.7,,,False,440.5226857436414,0.9996101389616437,56.076331612806506,-0.05170272278998471,1.725,0.9999999186885732,98.67844563614737,15.6383637419946,2026-03-18 23:32:39.008000
XRPUSDT,1592215362.0,1.4641,3.7,,,False,440.73199032221737,0.9996111056316815,56.08529443920391,-0.05160726225275197,1.725,0.9999999187354609,98.75193551107375,15.643329933162118,2026-03-18 23:32:39.008000
XRPUSDT,1592215363.0,1.4641,4.2,,,False,440.9413280039223,0.9996120699057671,56.094255733928556,-0.05151196743049429,1.725,0.9999999187823188,98.82545189461044,15.648296123100936,2026-03-18 23:32:39.008000
XRPUSDT,1592215364.0,1.4641,3.6,,,False,441.1506987835971,0.999613031789835,56.10321549791832,-0.05141683806324417,1.725,0.9999999188291454,98.89899461968736,15.653262311812336,2026-03-18 23:32:39.008000
XRPUSDT,1592215365.0,1.4641,3.5,,,False,441.3601026560842,0.9996139912898038,56.11217373210996,-0.051321873891280206,1.725,0.9999999188759413,98.97256388828039,15.658228499298941,2026-03-18 23:32:39.008000
XRPUSDT,1592215366.0,1.4641,3.7,,,False,441.56953961622935,0.9996149484115784,56.121130437439135,-0.05122707465534662,1.725,0.9999999189227078,99.04615948353293,15.66319468556651,2026-03-18 23:32:39.008000
XRPUSDT,1592215367.0,1.4641,3.5,,,False,441.7790096588801,0.999615903161049,56.13008561484036,-0.05113244009638024,1.725,0.9999999189694433,99.11978155640254,15.668160870618639,2026-03-18 23:32:39.008000
XRPUSDT,1592215368.0,1.4642,3.5,,,False,442.03437636913907,0.9996171681924614,56.1390567645807,-0.062150881073303826,0.024,0.9999999190326049,-8710.01373476806,15.673125885115045,2026-03-18 23:32:39.032000
XRPUSDT,1592215369.0,1.4642,5.2,,,False,442.2438869074896,0.999618117440007,56.14800883580062,-0.050901188691589924,0.024,0.9999999190791911,11851.168258737778,15.678090900920173,2026-03-18 23:32:39.032000
XRPUSDT,1592215370.0,1.4642,6.9,,,False,442.45343057234504,0.99961906433475,56.1569593820678,-0.05080715471643074,0.024,0.9999999191257578,99.30773810760799,15.683055918048876,2026-03-18 23:32:39.032000
XRPUSDT,1592215371.0,1.4642,3.6,,,False,442.6630073587475,0.9996200088825182,56.16590840431177,-0.05071328414847817,0.024,0.9999999191723031,99.38149356832535,15.688020936496544,2026-03-18 23:32:39.032000
XRPUSDT,1592215372.0,1.4642,3.6,,,False,442.872617261458,0.9996209510891243,56.17485590346084,-0.05061957666263958,0.024,0.9999999192188289,99.45534794063155,15.692985956261737,2026-03-18 23:32:39.032000
XRPUSDT,1592215373.0,1.4642,3.7,,,False,443.0822602752406,0.9996218909603665,56.18380188044221,-0.050526032002821214,0.024,0.9999999192653348,99.52922870868748,15.697950977344481,2026-03-18 23:32:39.032000
XRPUSDT,1592215374.0,1.4642,3.7,,,False,443.2919363948617,0.9996228285020291,56.19274633618199,-0.05043264991330337,0.024,0.9999999193118203,99.60313577436702,15.702915999744366,2026-03-18 23:32:39.032000
XRPUSDT,1592215375.0,1.4642,3.7,,,False,443.50164561509007,0.9996237637198816,56.20168927160518,-0.05033943013860788,0.024,0.9999999193582857,99.67706930203289,15.707881023459,2026-03-18 23:32:39.032000
XRPUSDT,1592215376.0,1.4642,3.5,,,False,443.71138793069736,0.9996246966196799,56.210630687635685,-0.050246372423660784,0.024,0.9999999194047304,99.75102912083932,15.712846048486863,2026-03-18 23:32:39.032000
XRPUSDT,1592215377.0,1.4642,3.5,,,False,443.9211633364569,0.9996256272071649,56.21957058519631,-0.05015347651364429,0.024,0.9999999194511555,99.8250153993008,15.717811074827534,2026-03-18 23:32:39.032000
XRPUSDT,1592215378.0,1.4642,3.7,,,False,444.1309718271456,0.9996265554880638,56.22850896520874,-0.050060742154160946,0.024,0.9999999194975595,99.89902796728494,15.722776102479077,2026-03-18 23:32:39.032000
XRPUSDT,1592215379.0,1.4642,3.5,,,False,444.3408133975416,0.9996274814680897,56.23744582859359,-0.04996816909101013,0.024,0.9999999195439437,99.97306698161928,15.727741131441377,2026-03-18 23:32:39.032000
XRPUSDT,1592215380.0,1.4642,3.6,,,False,444.55068804242643,0.9996284051529413,56.24638117627041,-0.04987575707045524,0.024,0.999999919590308,100.04713230300115,15.732706161712217,2026-03-18 23:32:39.032000
XRPUSDT,1592215381.0,1.4642,3.7,,,False,444.7605957565839,0.999629326548303,56.25531500915762,-0.049783505838977726,0.024,0.9999999196366512,100.12122407334805,15.737671193291044,2026-03-18 23:32:39.032000
XRPUSDT,1592215382.0,1.4642,3.5,,,False,444.97053653480026,0.9996302456598456,56.264247328172544,-0.049691415143464444,0.024,0.9999999196829741,100.19534218738671,15.742636226175739,2026-03-18 23:32:39.032000
XRPUSDT,1592215383.0,1.4643,3.5,,,False,445.2264799849883,0.9996314634523046,56.2731950195757,-0.06039992540385934,0.03,0.9999999197455185,-8793.378692227323,15.747601264378487,2026-03-18 23:32:39.062000
XRPUSDT,1592215384.0,1.4643,5.2,,,False,445.4364942413585,0.9996323772671885,56.28212427445708,-0.049474178595391556,0.03,0.9999999197917872,11956.192661418449,15.752566303861354,2026-03-18 23:32:39.062000
XRPUSDT,1592215385.0,1.4643,6.9,,,False,445.6465415444631,0.9996332888170288,56.29105201830127,-0.04938262764763024,0.03,0.9999999198380347,100.43438515920434,15.757531344637725,2026-03-18 23:32:39.062000
XRPUSDT,1592215386.0,1.4643,3.8,,,False,445.8566218894439,0.9996341981074359,56.2999782520212,-0.04929123620986868,0.03,0.9999999198842621,100.50852516412056,15.762496386709108,2026-03-18 23:32:39.062000
XRPUSDT,1592215387.0,1.4643,3.7,,,False,446.0667352711001,0.9996351051440061,56.30890297652858,-0.04920000394953821,0.03,0.9999999199304689,100.58278059481646,15.76746143007098,2026-03-18 23:32:39.062000
XRPUSDT,1592215388.0,1.4643,3.6,,,False,446.2768816842337,0.9996360099323215,56.317826192734046,-0.04910893061566339,0.03,0.9999999199766549,100.65706234993667,15.772426474722707,2026-03-18 23:32:39.062000
XRPUSDT,1592215389.0,1.4643,3.6,,,False,446.4870611236491,0.9996369124779512,56.326747901547186,-0.049018015957399165,0.03,0.9999999200228207,100.7313705532223,15.777391520664962,2026-03-18 23:32:39.062000
XRPUSDT,1592215390.0,1.4643,3.7,,,False,446.6972735841529,0.9996378127864497,56.33566810387649,-0.04892725972441114,0.03,0.9999999200689651,100.8057050846084,15.782356567894976,2026-03-18 23:32:39.062000
XRPUSDT,1592215391.0,1.4643,3.5,,,False,446.90751906055436,0.9996387108633586,56.344586800629365,-0.04883666166654493,0.03,0.9999999201150899,100.88006602026869,15.787321616413342,2026-03-18 23:32:39.062000
XRPUSDT,1592215392.0,1.4643,3.5,,,False,447.11779754766513,0.9996396067142048,56.35350399271219,-0.048746221534083305,0.03,0.9999999201611934,100.95445335355826,15.792286666217084,2026-03-18 23:32:39.062000
XRPUSDT,1592215393.0,1.4643,3.7,,,False,447.32810904029935,0.9996405003445025,56.362419681030225,-0.048655939077549164,0.03,0.999999920207276,101.02886705121551,15.797251717306208,2026-03-18 23:32:39.062000
XRPUSDT,1592215394.0,1.4643,3.7,,,False,447.5384535332735,0.9996413917597514,56.371333866487696,-0.048565814047866834,0.03,0.9999999202533382,101.10330711592458,15.80221676967858,2026-03-18 23:32:39.062000
XRPUSDT,1592215395.0,1.4643,3.6,,,False,447.7488310214067,0.9996422809654385,56.38024654998776,-0.04847584619618106,0.03,0.9999999202993786,101.17777359361094,15.807181823332462,2026-03-18 23:32:39.062000
XRPUSDT,1592215396.0,1.4643,3.7,,,False,447.95924149952015,0.9996431679670362,56.38915773243248,-0.048386035274050374,0.03,0.9999999203453993,101.25226646811154,15.81214687826945,2026-03-18 23:32:39.062000
XRPUSDT,1592215397.0,1.4644,3.5,,,False,448.21575309151285,0.9996443431964245,56.39808374532213,-0.05881212087774003,0.03,0.9999999204074423,-8871.532407141403,15.817111934487388,2026-03-18 23:32:39.062000
XRPUSDT,1592215398.0,1.4644,3.5,,,False,448.4262367701413,0.9996452250863207,56.40699189045473,-0.048174174159072276,0.03,0.9999999204534067,12062.669914078635,15.822076991970109,2026-03-18 23:32:39.062000
XRPUSDT,1592215399.0,1.4644,5.2,,,False,448.636753421756,0.9996461047902487,56.415898537318874,-0.04808489094761753,0.03,0.9999999204993508,101.4923414677255,15.82704205073129,2026-03-18 23:32:39.062000
XRPUSDT,1592215400.0,1.4644,6.9,,,False,448.84730304152595,0.9996469823136233,56.424803686812325,-0.047995763655654194,0.03,0.999999920545274,101.56685799056363,15.83200711076894,2026-03-18 23:32:39.062000
XRPUSDT,1592215401.0,1.4644,3.5,,,False,449.0578856242852,0.9996478576618453,56.43370733983169,-0.04790679195938905,0.03,0.9999999205911766,101.64148852672992,15.836972172083083,2026-03-18 23:32:39.062000
XRPUSDT,1592215402.0,1.4644,3.8,,,False,449.2685011648705,0.9996487308403026,56.44260949727251,-0.04781797561243149,0.03,0.999999920637058,101.71614543776145,15.841937234669658,2026-03-18 23:32:39.062000
XRPUSDT,1592215403.0,1.4644,40.5,,,False,449.4791496581208,0.99964960185437,56.45151016002931,-0.04772931436870037,0.03,0.9999999206829178,101.79082869809525,15.846902298531125,2026-03-18 23:32:39.062000
XRPUSDT,1592215404.0,1.4644,2.6,,,False,449.6898310988774,0.9996504707094088,56.46040932899549,-0.04764080798238893,0.072,0.9999999207287578,101.865538390845,15.851867390623756,2026-03-18 23:32:39.134000
XRPUSDT,1592215405.0,1.4644,3.7,,,False,449.90054624560617,0.9996513374107666,56.469307005328744,-0.04755262795854872,0.072,0.999999920774577,101.74210879824712,15.856832483929475,2026-03-18 23:32:39.134000
XRPUSDT,1592215406.0,1.4644,3.6,,,False,450.11129432811396,0.9996522019637782,56.47820318965335,-0.04746442954177869,0.072,0.9999999208203761,102.01620442472893,15.861797578446575,2026-03-18 23:32:39.134000
XRPUSDT,1592215407.0,1.4644,3.6,,,False,450.32207534125223,0.9996530643737654,56.487097882859615,-0.04737638525150835,0.072,0.9999999208661533,102.09099103324205,15.8667626741738,2026-03-18 23:32:39.134000
XRPUSDT,1592215408.0,1.4644,3.5,,,False,450.5328892798739,0.9996539246460363,56.49599108583685,-0.04728849484329195,0.072,0.9999999209119091,102.16580400543829,15.871727771110447,2026-03-18 23:32:39.134000
XRPUSDT,1592215409.0,1.4644,3.7,,,False,450.74373613883495,0.9996547827858862,56.50488279947324,-0.047200758072894484,0.072,0.9999999209576438,102.24064342562654,15.876692869256193,2026-03-18 23:32:39.134000
XRPUSDT,1592215410.0,1.4644,3.7,,,False,450.95461591299386,0.9996556387985972,56.51377302465602,-0.04711317469652333,0.072,0.9999999210033572,102.31550915164469,15.881657968607,2026-03-18 23:32:39.134000
XRPUSDT,1592215411.0,1.4644,3.7,,,False,451.165528597211,0.9996564926894385,56.52266176227132,-0.04702574447056585,0.072,0.9999999210490494,102.39040136415913,15.886623069166095,2026-03-18 23:32:39.134000
XRPUSDT,1592215412.0,1.4644,3.5,,,False,451.3764741863496,0.9996573444636659,56.531549013204305,-0.046938467151884614,0.072,0.9999999210947194,102.46531987596912,15.891588170929543,2026-03-18 23:32:39.134000
XRPUSDT,1592215413.0,1.4644,18.5,,,False,451.58745267527485,0.9996581941265229,56.540434778339026,-0.04685134249746847,0.072,0.9999999211403692,102.54026488548958,15.89655327389732,2026-03-18 23:32:39.134000
XRPUSDT,1592215414.0,1.4644,43.8,,,False,451.798464058855,0.9996590416832392,56.549319058558574,-0.046764370264843536,0.046,0.9999999211859966,102.6152361924088,15.90151836168544,2026-03-18 23:32:39.180000
XRPUSDT,1592215415.0,1.4643,5.0,,,True,451.96331258540226,0.9996596094189212,56.55818619407938,-0.036499514970634535,1.895,0.9999999212158044,18080.341995851646,15.90648461347299,2026-03-18 23:32:41.075000
XRPUSDT,1592215416.0,1.4643,371.2,,,True,452.17441505432186,0.999660453467409,56.567067554481575,-0.0466297119987617,0.761,0.9999999212614746,-12001.913604396159,15.911450152511103,2026-03-18 23:32:41.836000
XRPUSDT,1592215417.0,1.4643,3.7,,,True,452.38553015267,0.9996612954236633,56.57594742563938,-0.046538660760023956,0.761,0.9999999213070683,108.14248158831884,15.916415691811036,2026-03-18 23:32:41.836000
XRPUSDT,1592215418.0,1.4643,3.7,,,True,452.5966781034686,0.9996621352928674,56.584825815292355,-0.04645222327867479,0.761,0.9999999213526379,102.91778878193261,15.921381231371129,2026-03-18 23:32:41.836000
XRPUSDT,1592215419.0,1.4643,3.7,,,True,452.80785890163867,0.9996629730801909,56.5937027243188,-0.046365937175672035,0.761,0.9999999213981817,102.99284863930461,15.926346771195536,2026-03-18 23:32:41.836000
XRPUSDT,1592215420.0,1.4643,3.7,,,True,453.01907254209925,0.999663808790791,56.602578153595935,-0.04627980220901978,0.761,0.999999921443701,103.06793601340192,15.931312311283873,2026-03-18 23:32:41.836000
XRPUSDT,1592215421.0,1.4643,3.6,,,True,453.2303190197715,0.999664642429812,56.611452103999966,-0.04619381813791503,0.761,0.9999999214891953,103.14304985133444,15.936277851635145,2026-03-18 23:32:41.836000
XRPUSDT,1592215422.0,1.4643,3.6,,,True,453.4415983295795,0.9996654740023858,56.620324576406105,-0.04610798472196005,0.761,0.9999999215346632,103.21819004045075,15.941243392251717,2026-03-18 23:32:41.836000
XRPUSDT,1592215423.0,1.4643,3.5,,,True,453.6529104664488,0.9996663035136307,56.62919557168853,-0.04602230172101683,0.761,0.9999999215801073,103.2933567428298,15.94620893313432,2026-03-18 23:32:41.836000
XRPUSDT,1592215424.0,1.4643,4.3,,,True,453.864255425308,0.9996671309686539,56.63806509072038,-0.045936768895240815,0.761,0.999999921625526,103.36854980789798,15.951174474283434,2026-03-18 23:32:41.836000
XRPUSDT,1592215425.0,1.4643,3.7,,,True,454.0756332010877,0.9996679563725481,56.64693313437383,-0.04585138600518922,0.761,0.9999999216709188,103.44376934505482,15.956140015700225,2026-03-18 23:32:41.836000
XRPUSDT,1592215426.0,1.4643,3.6,,,True,454.28704378872095,0.999668779730395,56.655799703519975,-0.04576615281164727,0.761,0.9999999217162873,103.51901528923536,15.961105557384442,2026-03-18 23:32:41.836000
XRPUSDT,1592215427.0,1.4643,3.5,,,True,454.4984871831431,0.9996696010472628,56.66466479902897,-0.045681069075807365,0.761,0.9999999217616302,103.5942876397826,15.9660710993376,2026-03-18 23:32:41.836000
XRPUSDT,1592215428.0,1.4643,3.5,,,True,454.70996337929176,0.9996704203282074,56.673528421769916,-0.04559613455907924,0.761,0.9999999218069483,103.6695864631328,15.971036641560172,2026-03-18 23:32:41.836000
XRPUSDT,1592215429.0,1.4643,16.4,,,False,454.92147237210696,0.9996712375782726,56.68239057261091,-0.045511349023247084,1.532,0.9999999218522407,103.7449116798571,15.976002656776942,2026-03-18 23:32:43.368000
XRPUSDT,1592215430.0,1.4643,22.0,,,False,455.1330275966803,0.9996720528024886,56.69125125681073,-0.045429588716521516,0.932,0.9999999218975382,100.29180330845836,15.98096830404414,2026-03-18 23:32:44.300000
XRPUSDT,1592215431.0,1.4642,3.7,,,True,455.2982916217411,0.9996725988633178,56.70009536558226,-0.03545559412748823,0.86,0.999999921927195,18265.354435452457,15.985933907321012,2026-03-18 23:32:45.160000
XRPUSDT,1592215432.0,1.4642,3.5,,,True,455.50989349235664,0.9996734107130915,56.70895314154938,-0.0452890389409308,0.86,0.9999999219724244,-12112.394599159614,15.99089951111358,2026-03-18 23:32:45.160000
XRPUSDT,1592215433.0,1.4642,43.6,,,True,455.72152814648456,0.999674220550394,56.71780944899742,-0.045204791426515116,0.86,0.9999999220176288,104.03017266590668,15.995865115047833,2026-03-18 23:32:45.160000
XRPUSDT,1592215434.0,1.4642,22.6,,,True,455.9331955699233,0.999675028380211,56.72666428878667,-0.04512068985064236,0.86,0.9999999220628073,104.10803624570075,16.000830719125076,2026-03-18 23:32:45.160000
XRPUSDT,1592215435.0,1.4642,81.2,,,True,456.14489575763133,0.9996758342075157,56.735517661779404,-0.04503673593432515,0.002,0.9999999221079602,104.18350908627849,16.005795802805288,2026-03-18 23:32:45.162000
XRPUSDT,1592215436.0,1.4642,50.8,,,True,456.35661389273287,0.9996766380372687,56.744369564064705,-0.044949795274018114,0.002,0.9999999221530551,108.15805210554696,16.010760887760277,2026-03-18 23:32:45.162000
XRPUSDT,1592215437.0,1.4642,26.8,,,True,456.5683648096097,0.9996774398744184,56.75322000130764,-0.044866154436282696,0.002,0.9999999221981286,104.3115023655931,16.015725973989476,2026-03-18 23:32:45.162000
XRPUSDT,1592215438.0,1.4642,1.4,,,True,456.7801485031822,0.9996782397239015,56.7620689743673,-0.044782660468832905,0.002,0.9999999222431809,104.38709934168628,16.020691061489483,2026-03-18 23:32:45.162000
XRPUSDT,1592215439.0,1.4642,2.2,,,True,456.99196496837305,0.9996790375906414,56.77091648410189,-0.04469931313679043,0.002,0.999999922288212,104.4627227512147,16.025656150261828,2026-03-18 23:32:45.162000
XRPUSDT,1592215440.0,1.4642,3.6,,,True,457.2038142001071,0.9996798334795505,56.77976253136853,-0.04461611220549251,0.002,0.9999999223332213,104.5383725611506,16.03062124030442,2026-03-18 23:32:45.162000
XRPUSDT,1592215441.0,1.4642,6.9,,,True,457.4156961933117,0.999680627395528,56.78860711702341,-0.044533057440679785,0.002,0.9999999223782088,104.61404879732095,16.03558633161472,2026-03-18 23:32:45.162000
XRPUSDT,1592215442.0,1.4642,3.7,,,True,457.6276109429166,0.999681419343462,56.79745024192171,-0.04445014860836074,0.002,0.999999922423175,104.68975138218995,16.040551424193417,2026-03-18 23:32:45.162000
XRPUSDT,1592215443.0,1.4642,3.7,,,True,457.83955844385366,0.9996822093282278,56.80629190691761,-0.04436738547486096,0.002,0.9999999224681204,104.76548039923081,16.04551651803851,2026-03-18 23:32:45.162000
XRPUSDT,1592215444.0,1.4642,3.7,,,True,458.05153869105754,0.9996829973546887,56.81513211286434,-0.044284767806811176,0.002,0.9999999225130433,104.84123586322282,16.050481613148907,2026-03-18 23:32:45.162000
XRPUSDT,1592215445.0,1.4642,3.5,,,True,458.26355167946474,0.9996837834276961,56.82397086061414,-0.044202295371186334,0.002,0.999999922557945,104.91701768380499,16.055446709522673,2026-03-18 23:32:45.162000
XRPUSDT,1592215446.0,1.4642,23.5,,,True,458.47559740401454,0.9996845675520896,56.83280815101825,-0.04411996793523025,0.002,0.9999999226028251,104.9928259436465,16.06041180716024,2026-03-18 23:32:45.162000
XRPUSDT,1592215447.0,1.4642,3.5,,,True,458.68767585964827,0.9996853497326964,56.84164398492694,-0.044037785266542534,0.006,0.9999999226476836,105.06866057413251,16.065376908432633,2026-03-18 23:32:45.168000
XRPUSDT,1592215448.0,1.4642,3.5,,,True,458.8997871089604,0.9996861299743323,56.85047836321066,-0.04395576110531493,0.006,0.9999999226925206,105.1266139336604,16.070342010960744,2026-03-18 23:32:45.168000
XRPUSDT,1592215449.0,1.4642,3.7,,,True,459.1119310791202,0.9996869082818003,56.85931128669647,-0.043873867192688404,0.006,0.999999922737336,105.22051501549139,16.075307114741758,2026-03-18 23:32:45.168000
XRPUSDT,1592215450.0,1.4642,3.6,,,True,459.3241077650767,0.9996876846598924,56.86814275623166,-0.04379211735230242,0.006,0.9999999227821298,105.29642865078786,16.080272219776834,2026-03-18 23:32:45.168000
XRPUSDT,1592215451.0,1.4642,3.7,,,True,459.5363171617806,0.9996884591133887,56.876972772662654,-0.04371051135294035,0.006,0.9999999228269018,105.37236872219584,16.085237326063908,2026-03-18 23:32:45.168000
XRPUSDT,1592215452.0,1.4642,3.6,,,True,459.74855926418536,0.9996892316470566,56.885801336834845,-0.04362904896374353,0.006,0.9999999228716517,105.4483352364189,16.090202433601625,2026-03-18 23:32:45.168000
XRPUSDT,1592215453.0,1.4642,3.5,,,True,459.96083406724676,0.9996900022656526,56.89462844959265,-0.0435477299541333,0.006,0.999999922916381,105.52432815327602,16.095167542389284,2026-03-18 23:32:45.168000
XRPUSDT,1592215454.0,1.4642,3.7,,,True,460.1731415659229,0.9996907709739212,56.90345411177957,-0.0434665540939075,0.006,0.9999999229610872,105.60034741683793,16.100132652425934,2026-03-18 23:32:45.168000
XRPUSDT,1592215455.0,1.4642,3.7,,,True,460.3854817551739,0.9996915377765951,56.91227832423808,-0.0433855211530554,0.006,0.9999999230057727,105.6763931698592,16.10509776370929,2026-03-18 23:32:45.168000
XRPUSDT,1592215456.0,1.4642,3.5,,,True,460.59785462996274,0.9996923026783952,56.92110108780975,-0.04330463090200915,0.006,0.999999923050436,105.75246527749084,16.11006287623823,2026-03-18 23:32:45.168000
XRPUSDT,1592215457.0,1.4642,3.6,,,True,460.8102601852543,0.9996930656840306,56.92992240333515,-0.04322388311138432,0.006,0.9999999230950771,105.82856387039608,16.11502799001307,2026-03-18 23:32:45.168000
XRPUSDT,1592215458.0,1.4641,3.7,,,True,460.9761880075646,0.9996935767514707,56.93872807669982,-0.033733857959936185,0.218,0.9999999231244588,18569.027110684787,16.119993228237746,2026-03-18 23:32:45.386000
XRPUSDT,1592215459.0,1.4641,6.9,,,True,461.18865525884115,0.9996943365987178,56.94754653271442,-0.04309287888401148,0.218,0.9999999231690773,-12316.976814594229,16.12495846752648,2026-03-18 23:32:45.386000
XRPUSDT,1592215460.0,1.4641,3.5,,,True,461.40115517228793,0.9996950945623225,56.956363543116154,-0.043012500432268036,0.218,0.9999999232136726,106.04526554793898,16.129923707791068,2026-03-18 23:32:45.386000
XRPUSDT,1592215461.0,1.4641,5.2,,,True,461.6136877406652,0.9996958506469518,56.96517910874127,-0.0429322631832402,0.218,0.9999999232582453,106.12204761869964,16.13488894902789,2026-03-18 23:32:45.386000
XRPUSDT,1592215462.0,1.4641,3.8,,,True,461.8262529589603,0.9996966048572604,56.973993230425755,-0.04285216735956802,0.218,0.9999999233027949,106.19826161675523,16.13985419123795,2026-03-18 23:32:45.386000
XRPUSDT,1592215463.0,1.4641,3.6,,,True,462.0388508221622,0.9996973571978927,56.98280590900466,-0.042772212733485554,0.218,0.9999999233473219,106.2745020758564,16.144819434420548,2026-03-18 23:32:45.386000
XRPUSDT,1592215464.0,1.4641,3.6,,,True,462.25148132526255,0.9996981076734801,56.9916171453121,-0.04269239907768134,0.218,0.9999999233918261,106.35076895063838,16.149784678575198,2026-03-18 23:32:45.386000
XRPUSDT,1592215465.0,1.4641,32.9,,,True,462.4641444632549,0.9996988562886434,57.0004269401812,-0.042612726165056236,0.218,0.9999999234363067,106.4270623018956,16.15474992370047,2026-03-18 23:32:45.386000
XRPUSDT,1592215466.0,1.4641,27.0,,,True,462.67684023113594,0.9996996030479919,57.009235294444125,-0.04253319376890035,0.679,0.9999999234807654,106.50338200513025,16.15971543392661,2026-03-18 23:32:46.065000
XRPUSDT,1592215467.0,1.4641,13.9,,,True,462.88957617477394,0.9997003479561234,57.01804221118673,-0.04245530354301455,0.001,0.9999999235252167,104.5635328584248,16.164680556813018,2026-03-18 23:32:46.066000
XRPUSDT,1592215468.0,1.4641,3.5,,,True,463.1023336380494,0.9997010910176244,57.0268476856674,-0.04237384202998934,0.602,0.9999999235696193,109.62957025225215,16.169646023996627,2026-03-18 23:32:46.668000
XRPUSDT,1592215469.0,1.4641,3.7,,,True,463.3151335330941,0.9997018322370695,57.03565172495471,-0.04229667739416579,0.602,0.9999999236140208,104.10498041833051,16.174611491672575,2026-03-18 23:32:46.668000
XRPUSDT,1592215470.0,1.4641,3.7,,,True,463.5279660263254,0.999702571619023,57.04445432694248,-0.04221769747020897,0.602,0.9999999236583982,106.81884185743131,16.179576959839896,2026-03-18 23:32:46.668000
XRPUSDT,1592215471.0,1.4641,3.7,,,True,463.7408311127688,0.9997033091680372,57.05325549245824,-0.0421388569657729,0.602,0.9999999237027501,106.89527464425346,16.184542428499874,2026-03-18 23:32:46.668000
XRPUSDT,1592215472.0,1.4641,3.5,,,True,463.9537287874534,0.999704044888653,57.062055222328574,-0.042060155656109766,0.602,0.999999923747078,106.97173351546954,16.18950789765329,2026-03-18 23:32:46.668000
XRPUSDT,1592215473.0,1.4641,3.5,,,True,464.16665904541065,0.9997047787854008,57.07085351737915,-0.0419815933164929,0.602,0.999999923791381,107.04821878877073,16.194473367299373,2026-03-18 23:32:46.668000
XRPUSDT,1592215474.0,1.4641,3.6,,,True,464.3796218816745,0.9997055108627989,57.07965037843468,-0.04190316972248536,0.602,0.9999999238356594,107.12473053541763,16.199438837438834,2026-03-18 23:32:46.668000
XRPUSDT,1592215475.0,1.4641,3.7,,,True,464.5926172912809,0.9997062411253553,57.08844580631896,-0.04182488464998181,0.602,0.9999999238799127,107.20126865979843,16.204404308072462,2026-03-18 23:32:46.668000
XRPUSDT,1592215476.0,1.4641,3.6,,,True,464.805645269268,0.9997069695775661,57.0972398018548,-0.041746737875135165,0.602,0.999999923924141,107.27783331673808,16.20936977919955,2026-03-18 23:32:46.668000
XRPUSDT,1592215477.0,1.4641,3.7,,,True,465.01870581067635,0.9997076962239166,57.106032365864145,-0.04166872917445662,0.602,0.9999999239683455,107.35442436489524,16.214335250821538,2026-03-18 23:32:46.668000
XRPUSDT,1592215478.0,1.4641,3.5,,,True,465.23179891054883,0.9997084210688812,57.11482349916797,-0.0415908583247195,0.602,0.9999999240125249,107.43104186350456,16.219300722937632,2026-03-18 23:32:46.668000
XRPUSDT,1592215479.0,1.4641,3.6,,,True,465.4449245639304,0.9997091441169229,57.12361320258632,-0.04151312510304814,0.602,0.9999999240566798,107.50768578625328,16.224266195548303,2026-03-18 23:32:46.668000
XRPUSDT,1592215480.0,1.4641,3.6,,,False,465.65808276586813,0.9997098653724935,57.13240147693834,-0.04143552928679263,1.35,0.9999999241008095,107.58435625085134,16.2292320861458,2026-03-18 23:32:48.018000
XRPUSDT,1592215481.0,1.4641,3.6,,,False,465.87128547208266,0.9997105848400346,57.141188326491545,-0.04136038322885377,1.35,0.9999999241449408,104.44676604039881,16.234197976329828,2026-03-18 23:32:48.018000
XRPUSDT,1592215482.0,1.4641,3.7,,,False,466.0845206945808,0.9997113025239756,57.14997374859035,-0.04128304788016536,1.35,0.9999999241890434,107.75683316364996,16.239163866103038,2026-03-18 23:32:48.018000
XRPUSDT,1592215483.0,1.4641,3.7,,,False,466.2977884284497,0.9997120184287359,57.158757744051215,-0.04120584933091332,1.35,0.9999999242331182,107.83354648037562,16.24412975546722,2026-03-18 23:32:48.018000
XRPUSDT,1592215484.0,1.4641,3.7,,,False,466.5110886687824,0.9997127325587237,57.16754031368969,-0.04112878736025995,1.35,0.9999999242771653,107.9102851983324,16.249095644424717,2026-03-18 23:32:48.018000
XRPUSDT,1592215485.0,1.4641,3.7,,,False,466.7244214106745,0.9997134449183364,57.176321458320416,-0.0410518617468838,1.35,0.9999999243211847,107.98705037755215,16.254061532976163,2026-03-18 23:32:48.018000
XRPUSDT,1592215486.0,1.4641,3.5,,,False,466.9377866492233,0.99971415551196,57.185101178757066,-0.04097507226976154,1.35,0.9999999243651762,108.06384207642185,16.259027421124696,2026-03-18 23:32:48.018000
XRPUSDT,1592215487.0,1.4641,166.4,,,False,467.1511843795289,0.9997148643439702,57.19387947581248,-0.040898418708205625,1.35,0.9999999244091391,108.14066020298337,16.26399330887369,2026-03-18 23:32:48.018000
XRPUSDT,1592215488.0,1.4641,3.5,,,False,467.36461459669306,0.9997155714187316,57.20265635029849,-0.0408219008417805,1.35,0.9999999244530745,108.21750485444798,16.268959196220578,2026-03-18 23:32:48.018000
XRPUSDT,1592215489.0,1.4641,3.5,,,False,467.57807729581975,0.9997162767405982,57.211431803026066,-0.040745518450368494,1.35,0.9999999244969826,108.29437598825153,16.27392508317321,2026-03-18 23:32:48.018000
XRPUSDT,1592215490.0,1.4641,3.5,,,False,467.7915724720155,0.999716980313913,57.220205834805256,-0.040669271314223245,1.35,0.999999924540863,108.37127352333046,16.27889096972969,2026-03-18 23:32:48.018000
XRPUSDT,1592215491.0,1.4641,3.6,,,False,468.0051001203886,0.9997176821430084,57.22897844644519,-0.040593159213784466,1.35,0.9999999245847153,108.44819762838422,16.28385685589296,2026-03-18 23:32:48.018000
XRPUSDT,1592215492.0,1.4641,3.7,,,False,468.2186602360498,0.9997183822322059,57.237749638754075,-0.040517181929873886,1.35,0.9999999246285391,108.52514819766209,16.288822741664994,2026-03-18 23:32:48.018000
XRPUSDT,1592215493.0,1.4641,3.5,,,False,468.4322528141117,0.9997190805858167,57.246519412539236,-0.040441339243589954,1.35,0.9999999246723368,108.6021252098302,16.293788627047217,2026-03-18 23:32:48.018000
XRPUSDT,1592215494.0,1.4641,3.5,,,False,468.6458778496895,0.999719777208141,57.25528776860707,-0.04036563093632621,1.35,0.9999999247161053,108.67912874179984,16.29875451204254,2026-03-18 23:32:48.018000
XRPUSDT,1592215495.0,1.4642,3.7,,,False,468.90631319491285,0.9997207002236762,57.2640677319827,-0.049063878462835844,1.0,0.9999999247746119,-9423.728198011258,16.303720206768883,2026-03-18 23:32:49.018000
XRPUSDT,1592215496.0,1.4642,3.5,,,False,469.1200048065423,0.999721392830751,57.27283322321714,-0.04018613664485617,1.0,0.9999999248183008,12817.86187427574,16.30868590113633,2026-03-18 23:32:49.018000
XRPUSDT,1592215497.0,1.4642,150.0,,,False,469.33372886058004,0.9997220837207778,57.281597299225545,-0.0401108841744392,1.0,0.9999999248619645,108.92105473222591,16.313651595535834,2026-03-18 23:32:49.018000
XRPUSDT,1592215498.0,1.4642,6.9,,,False,469.5474853617464,0.9997227728980104,57.2903599608132,-0.04003576690633509,1.0,0.9999999249056017,108.99557406882893,16.31861728996967,2026-03-18 23:32:49.018000
XRPUSDT,1592215499.0,1.4642,3.6,,,False,469.7612743051508,0.9997234603666931,57.29912120878173,-0.03996078281821504,1.0,0.9999999249492129,109.07273305771189,16.32358298443694,2026-03-18 23:32:49.018000
XRPUSDT,1592215500.0,1.4642,3.6,,,False,469.97509568590465,0.9997241461310592,57.30788104393195,-0.03988593169354574,1.0,0.9999999249927968,109.14991850360863,16.328548678939836,2026-03-18 23:32:49.018000
XRPUSDT,1592215501.0,1.4642,3.5,,,False,470.1889494991216,0.9997248301953313,57.3166394670637,-0.039811213316066824,1.0,0.9999999250363556,109.22713043873908,16.333514373479815,2026-03-18 23:32:49.018000
XRPUSDT,1592215502.0,1.4642,3.7,,,False,470.4028357399177,0.999725512563722,57.325396478975996,-0.039736627469801944,1.0,0.9999999250798873,109.30436884752532,16.338480068057034,2026-03-18 23:32:49.018000
XRPUSDT,1592215503.0,1.4642,3.7,,,False,470.6167544034107,0.9997261932404333,57.33415208046691,-0.03966217393909962,1.0,0.9999999251233936,109.38163369359589,16.343445762672825,2026-03-18 23:32:49.018000
XRPUSDT,1592215504.0,1.4642,3.7,,,False,470.8307054847212,0.9997268722296568,57.34290627233362,-0.03958785250857928,1.0,0.9999999251668737,109.45892504132786,16.348411457329625,2026-03-18 23:32:49.018000
XRPUSDT,1592215505.0,1.4642,3.5,,,False,471.0446889789714,0.9997275495355739,57.35165905537246,-0.039513662963161396,1.0,0.9999999252103271,109.53624286124287,16.353377152028365,2026-03-18 23:32:49.018000
XRPUSDT,1592215506.0,1.4642,3.5,,,False,471.25870488128595,0.999728225162355,57.36041043037882,-0.03943960508810218,1.0,0.999999925253755,109.61358714790622,16.358342846767854,2026-03-18 23:32:49.018000
XRPUSDT,1592215507.0,1.4642,3.6,,,False,471.47275318679146,0.9997288991141611,57.36916039814723,-0.039365678668912885,1.0,0.9999999252971564,109.6909579111115,16.363308541551284,2026-03-18 23:32:49.018000
XRPUSDT,1592215508.0,1.4642,3.7,,,False,471.68683389061727,0.9997295713951421,57.37790895947133,-0.03929188349143124,1.0,0.9999999253405314,109.76835514870282,16.36827423637927,2026-03-18 23:32:49.018000
XRPUSDT,1592215509.0,1.4642,3.5,,,False,471.90094698789403,0.9997302420094384,57.38665611514388,-0.03921821934174688,1.0,0.9999999253838806,109.84577884633215,16.373239931252478,2026-03-18 23:32:49.018000
XRPUSDT,1592215510.0,1.4643,3.7,,,False,472.1619741717884,0.9997311305507334,57.39541443189127,-0.04766855750504865,0.25,0.9999999254417756,-9510.349390615167,16.378205230712133,2026-03-18 23:32:49.268000
XRPUSDT,1592215511.0,1.4643,3.5,,,False,472.3761477704353,0.9997317972996413,57.40415874635077,-0.03904251496905567,0.25,0.9999999254850365,12937.467812595729,16.383170530985932,2026-03-18 23:32:49.268000
XRPUSDT,1592215512.0,1.4643,6.9,,,False,472.5903537658793,0.9997324623955718,57.41290165761925,-0.038969302927396934,0.25,0.9999999255282741,110.07741636636403,16.388135832169574,2026-03-18 23:32:49.268000
XRPUSDT,1592215513.0,1.4643,3.8,,,False,472.8045921555698,0.9997331258426209,57.42164316648631,-0.03889622135129809,0.25,0.9999999255714883,110.15434645552554,16.39310113426189,2026-03-18 23:32:49.268000
XRPUSDT,1592215514.0,1.4643,3.6,,,False,473.0188629346137,0.9997337876448736,57.43038327374002,-0.03882326960189354,0.25,0.9999999256146797,110.23194481194268,16.39806643726182,2026-03-18 23:32:49.268000
XRPUSDT,1592215515.0,1.4643,3.6,,,False,473.2331660981201,0.9997344478064061,57.43912198016759,-0.03875044746740497,0.25,0.999999925657848,110.3095695676864,16.40303174116937,2026-03-18 23:32:49.268000
XRPUSDT,1592215516.0,1.4643,3.7,,,False,473.44750164120046,0.9997351063312837,57.447859286555364,-0.03867775473635725,0.25,0.9999999257009927,110.38722076765235,16.40799704598441,2026-03-18 23:32:49.268000
XRPUSDT,1592215517.0,1.4643,3.7,,,False,473.66186955896825,0.9997357632235615,57.45659519368878,-0.03860519119756959,0.25,0.9999999257441144,110.46489849330554,16.412962351705875,2026-03-18 23:32:49.268000
XRPUSDT,1592215518.0,1.4643,3.7,,,False,473.87626984653923,0.9997364184872853,57.46532970235245,-0.0385327566401701,0.25,0.9999999257872133,110.54260256524047,16.41792765833216,2026-03-18 23:32:49.268000
XRPUSDT,1592215519.0,1.4643,3.5,,,False,474.0907024990313,0.9997370721264902,57.47406281333007,-0.03846045085355934,0.25,0.9999999258302887,110.62033316197054,16.42289296586439,2026-03-18 23:32:49.268000
XRPUSDT,1592215520.0,1.4643,3.5,,,False,474.3051675115649,0.9997377241452017,57.4827945274045,-0.03838827362746859,0.25,0.9999999258733409,110.6980901336245,16.427858274302476,2026-03-18 23:32:49.268000
XRPUSDT,1592215521.0,1.4643,3.5,,,False,474.5196648792622,0.999738374547435,57.49152484535772,-0.038316224751845734,0.25,0.9999999259163692,110.77587365906598,16.432823583644296,2026-03-18 23:32:49.268000
XRPUSDT,1592215522.0,1.4643,3.6,,,False,474.7341945972478,0.9997390233371956,57.50025376797083,-0.038244304017036664,0.25,0.9999999259593758,110.85368354846823,16.4377888938892,2026-03-18 23:32:49.268000
XRPUSDT,1592215523.0,1.4643,3.7,,,False,474.9487566606487,0.9997396705184792,57.50898129602409,-0.0381725112135821,0.25,0.9999999260023579,110.93151990874155,16.442754205037073,2026-03-18 23:32:49.268000
XRPUSDT,1592215524.0,1.4643,3.5,,,False,475.1633510645935,0.9997403160952713,57.51770743029688,-0.038100846132373696,0.25,0.9999999260453173,111.00938276247872,16.44771951708941,2026-03-18 23:32:49.268000
XRPUSDT,1592215525.0,1.4644,3.5,,,False,475.4249630873822,0.9997411714493024,57.52644429524408,-0.04631001776222429,3.566,0.9999999261026352,-9597.39631871722,16.45268652911673,2026-03-18 23:32:52.834000
XRPUSDT,1592215526.0,1.4644,3.7,,,False,475.63967827133257,0.9997418133049798,57.535167628682615,-0.03794056971447249,3.566,0.9999999261456367,13039.454728889352,16.457653537035245,2026-03-18 23:32:52.834000
XRPUSDT,1592215527.0,1.4644,5.2,,,False,475.8544256554945,0.9997424535693624,57.54388957064424,-0.03786927679659619,3.566,0.9999999261886027,111.34918607250364,16.46262054215864,2026-03-18 23:32:52.834000
XRPUSDT,1592215528.0,1.4644,5.2,,,False,476.0692052677273,0.9997430922463929,57.552610121913574,-0.037798116663222775,3.566,0.9999999262315328,111.41802503753316,16.46758754449442,2026-03-18 23:32:52.834000
XRPUSDT,1592215529.0,1.4644,1.7,,,False,476.28401710332486,0.9997437293400049,57.56132928326601,-0.03772708335864938,1.251,0.9999999262744275,111.49586691500274,16.472553367617877,2026-03-18 23:32:54.085000
XRPUSDT,1592215530.0,1.4644,3.8,,,False,476.4988271935,0.999744364854122,57.57004704682383,-0.03765024353576634,1.251,0.9999999263172168,120.90970257688781,16.47751919053381,2026-03-18 23:32:54.085000
XRPUSDT,1592215531.0,1.4644,3.6,,,False,476.71366956150877,0.9997449987926583,57.578763422072086,-0.037579498499654015,1.251,0.9999999263599794,111.59604923479564,16.48248501324142,2026-03-18 23:32:54.085000
XRPUSDT,1592215532.0,1.4644,3.6,,,False,476.9285442025539,0.9997456311595175,57.587478409783266,-0.03750887951311452,1.251,0.9999999264027148,111.6740789163274,16.48745083574429,2026-03-18 23:32:54.085000
XRPUSDT,1592215533.0,1.4644,3.7,,,False,477.1434511118303,0.9997462619585947,57.59619201072907,-0.03743838636775097,1.251,0.9999999264454233,111.75213774413933,16.492416658044448,2026-03-18 23:32:54.085000
XRPUSDT,1592215534.0,1.4644,3.7,,,False,477.3583902845353,0.9997468911937748,57.60490422568025,-0.037368018857252064,1.251,0.9999999264881053,111.83022298733128,16.497382480141496,2026-03-18 23:32:54.085000
XRPUSDT,1592215535.0,1.4644,3.7,,,False,477.5733617158684,0.9997475188689328,57.61361505540681,-0.037297776775517856,1.251,0.99999992653076,111.90833481838025,16.50234830203908,2026-03-18 23:32:54.085000
XRPUSDT,1592215536.0,1.4644,72.0,,,False,477.78836540103083,0.9997481449879345,57.62232450067784,-0.037227659916777775,1.251,0.9999999265733883,111.98647308799254,16.507314123737228,2026-03-18 23:32:54.085000
XRPUSDT,1592215537.0,1.4644,16.0,,,False,478.0034013352262,0.999748769554636,57.631032562261595,-0.037157668075533196,1.205,0.99999992661599,112.06463790024534,16.512279922211803,2026-03-18 23:32:55.290000
XRPUSDT,1592215538.0,1.4644,68.2,,,False,478.2184688480665,0.9997493925728841,57.6397392407593,-0.037087686649019666,1.092,0.9999999266585629,112.32644746226131,16.517245664079983,2026-03-18 23:32:56.382000
XRPUSDT,1592215539.0,1.4643,3.7,,,True,478.3864854346755,0.9997498099013652,57.64843280304291,-0.028946026205982626,6.656,0.9999999266868956,19508.997855742844,16.52221418039166,2026-03-18 23:33:03.038000
XRPUSDT,1592215540.0,1.4643,3.7,,,True,478.60168893557125,0.9997504303403353,57.65713676487194,-0.03698709834180432,6.656,0.9999999267295897,-12960.295086985294,16.527182693010264,2026-03-18 23:33:03.038000
XRPUSDT,1592215541.0,1.4643,3.7,,,True,478.81692458011645,0.99975104924108,57.6658393458975,-0.03691748922182708,6.656,0.9999999267722363,112.47218647917451,16.53215119956088,2026-03-18 23:33:03.038000
XRPUSDT,1592215542.0,1.4643,3.7,,,True,479.0321923041787,0.9997516666074119,57.6745405468696,-0.03684799430093304,6.656,0.9999999268148376,112.5667489633987,16.537119700056145,2026-03-18 23:33:03.038000
XRPUSDT,1592215543.0,1.4643,15.2,,,True,479.2474921032197,0.9997522824431327,57.68324036855228,-0.03677862360258154,6.656,0.9999999268573928,112.64481094777922,16.542088194508953,2026-03-18 23:33:03.038000
XRPUSDT,1592215544.0,1.4644,3.5,,,False,479.50994387435367,0.9997530983918103,57.691950410033286,-0.04469931646229862,4.277,0.9999999269140524,-9707.341990995546,16.547055507118586,2026-03-18 23:33:07.315000
XRPUSDT,1592215545.0,1.4644,3.7,,,False,479.72528086507043,0.9997537106777596,57.70064744005017,-0.036609400794454586,4.277,0.9999999269564348,13212.64300765615,16.552022814764438,2026-03-18 23:33:07.315000
XRPUSDT,1592215546.0,1.4644,2.2,,,False,479.94064994234367,0.9997543214456877,57.70934309317503,-0.03654047519583754,4.277,0.9999999269987793,112.8507170334027,16.556990118972426,2026-03-18 23:33:07.315000
XRPUSDT,1592215547.0,1.4644,1.4,,,False,480.1560511394777,0.9997549306993557,57.71803737017745,-0.03647167921224931,1.341,0.9999999270410861,112.91845612685653,16.561955977461857,2026-03-18 23:33:08.656000
XRPUSDT,1592215548.0,1.4644,3.6,,,False,480.37144270009406,0.9997555384425164,57.726730261645486,-0.03639597465585346,1.341,0.9999999270832717,124.56669411213701,16.566921835677448,2026-03-18 23:33:08.656000
XRPUSDT,1592215549.0,1.4644,0.1,,,False,480.58686644996203,0.9997561446789129,57.73542177857864,-0.03632746622642787,1.747,0.9999999271254303,113.00613064143461,16.57188789231603,2026-03-18 23:33:10.403000
XRPUSDT,1592215550.0,1.4644,3.7,,,False,480.8023281378949,0.9997567494122791,57.74411192312902,-0.036260045220306146,1.747,0.999999927167574,111.48881456593192,16.576853948250598,2026-03-18 23:33:10.403000
XRPUSDT,1592215551.0,1.4644,3.6,,,False,481.0178219947249,0.9997573526463396,57.752800694648954,-0.036191775606799044,1.747,0.9999999272096898,113.1726770412325,16.58182000348397,2026-03-18 23:33:10.403000
XRPUSDT,1592215552.0,1.4644,3.7,,,False,481.23334801570695,0.9997579543848096,57.76148809389423,-0.03612362799308931,1.747,0.9999999272517773,113.25121643603974,16.586786058018912,2026-03-18 23:33:10.403000
XRPUSDT,1592215553.0,1.4644,4.9,,,False,481.4489061961005,0.9997585546313954,57.770174121619796,-0.036055602178533444,1.747,0.9999999272938368,113.32978174079558,16.591752111858092,2026-03-18 23:33:10.403000
XRPUSDT,1592215554.0,1.4644,8.2,,,False,481.6644965311666,0.9997591533897942,57.778858778579796,-0.03598769796237456,1.747,0.9999999273358685,113.40837356190585,16.596718165003832,2026-03-18 23:33:10.403000
XRPUSDT,1592215555.0,1.4644,2984.9,,,False,481.8801190161688,0.9997597506636937,57.787542065527546,-0.03591991514417806,1.747,0.999999927377872,113.48699189156946,16.601684217457983,2026-03-18 23:33:10.403000
XRPUSDT,1592215556.0,1.4644,551.8,,,False,482.09577364637215,0.9997603464567729,57.79622398321556,-0.03585225352376507,1.747,0.9999999274198473,113.56563675297892,16.606650269223923,2026-03-18 23:33:10.403000
XRPUSDT,1592215557.0,1.4644,3628.7,,,False,482.3114604170443,0.9997609407727008,57.804904532395476,-0.03578471290129842,1.747,0.999999927461796,113.64430817722177,16.61161632030419,2026-03-18 23:33:10.403000
XRPUSDT,1592215558.0,1.4643,3.6,,,True,482.47996346165365,0.9997613388749275,57.81357248876909,-0.027929456773217166,0.908,0.9999999274897325,19731.756324511374,16.6165819669644,2026-03-18 23:33:11.311000
XRPUSDT,1592215559.0,1.4643,3.6,,,True,482.6956957331965,0.9997619307303478,57.82225032655745,-0.03567251019870624,0.908,0.9999999275316127,-13082.677220464118,16.621547614139253,2026-03-18 23:33:11.311000
XRPUSDT,1592215560.0,1.4643,77.3,,,True,482.91146016200116,0.999762521118375,57.830926798048324,-0.03560529949974306,0.908,0.9999999275734678,113.84156836129189,16.626513261513605,2026-03-18 23:33:11.311000
XRPUSDT,1592215561.0,1.4644,382.0,,,False,483.1744967600397,0.9997633033502028,57.839613051479404,-0.04327627439284823,1.965,0.9999999276292459,-9806.52361731356,16.631479415212805,2026-03-18 23:33:13.276000
XRPUSDT,1592215562.0,1.4644,150.0,,,False,483.39034721038706,0.9997638903350737,57.84828677010148,-0.03544932682768319,0.054,0.9999999276710687,13334.155534097448,16.636444654750154,2026-03-18 23:33:13.330000
XRPUSDT,1592215563.0,1.4644,3.5,,,False,483.60620327342934,0.9997644758646217,57.856959118485015,-0.03537817723518631,0.054,0.9999999277128102,121.51324001488099,16.64140989538183,2026-03-18 23:33:13.330000
XRPUSDT,1592215564.0,1.4644,3.7,,,False,483.82209148811086,0.9997650599424532,57.86563010363697,-0.03531150081172898,0.054,0.9999999277545293,114.15674394112405,16.646375137105334,2026-03-18 23:33:13.330000
XRPUSDT,1592215565.0,1.4644,3.6,,,False,484.03801184964135,0.999765642572166,57.874299726302304,-0.035244943695337275,0.054,0.9999999277962258,114.23570567806422,16.65134037992353,2026-03-18 23:33:13.330000
XRPUSDT,1592215566.0,1.4644,3.7,,,False,484.25396435323233,0.9997662237573484,57.882967987225165,-0.03517850568902646,0.054,0.999999927837901,114.31469406421611,16.656305623831965,2026-03-18 23:33:13.330000
XRPUSDT,1592215567.0,1.4644,3.6,,,False,484.46994899409776,0.9997668035015805,57.89163488714894,-0.03511218659615994,0.054,0.9999999278795532,114.39370878697906,16.661270868830858,2026-03-18 23:33:13.330000
XRPUSDT,1592215568.0,1.4644,3.7,,,False,484.6859657674533,0.9997673818084332,57.90030042681615,-0.03504598622037633,0.054,0.9999999279211836,114.47275003366424,16.666236114920746,2026-03-18 23:33:13.330000
XRPUSDT,1592215569.0,1.4644,3.7,,,False,484.9020146685171,0.9997679586814684,57.908964606968546,-0.03497990436556934,0.054,0.9999999279627924,114.55181776817393,16.671201362098724,2026-03-18 23:33:13.330000
XRPUSDT,1592215570.0,1.4644,15.2,,,False,485.1180956925091,0.9997685341242394,57.917627428347075,-0.034913940835965745,0.054,0.9999999280043783,114.63091193273597,16.676166610364568,2026-03-18 23:33:13.330000
XRPUSDT,1592215571.0,1.4644,40.4,,,False,485.33420883465186,0.9997691081402909,57.92628889169186,-0.034848095436013776,0.054,0.9999999280459427,114.71003255653258,16.681131859716878,2026-03-18 23:33:13.330000
XRPUSDT,1592215572.0,1.4644,3.7,,,False,485.5503540901696,0.9997696807331582,57.93494899774228,-0.034782367970497385,0.156,0.9999999280874846,114.78917965117105,16.68609715795403,2026-03-18 23:33:13.486000
XRPUSDT,1592215573.0,1.4644,3.6,,,False,485.7665328431253,0.9997702519063687,57.943607747554836,-0.034716980541457144,0.156,0.9999999281290075,114.47915945197212,16.69106245717266,2026-03-18 23:33:13.486000
XRPUSDT,1592215574.0,1.4644,3.6,,,False,485.9827436972895,0.9997708216634403,57.95226514154712,-0.0346514870360493,0.156,0.9999999281705078,114.94987718201594,16.696027757369954,2026-03-18 23:33:13.486000
XRPUSDT,1592215575.0,1.4644,1.6,,,False,486.1989866478976,0.9997713900078826,57.9609211804561,-0.03458611088693791,0.156,0.9999999282119854,115.02909898857094,16.700993058547397,2026-03-18 23:33:13.486000
XRPUSDT,1592215576.0,1.4644,2.1,,,False,486.41526169018675,0.9997719569431965,57.96957586501793,-0.03452085189993515,0.065,0.9999999282534403,115.10834728546152,16.705958318380027,2026-03-18 23:33:13.551000
XRPUSDT,1592215577.0,1.4644,3.5,,,False,486.6315675889345,0.9997725224728738,57.97822919568904,-0.03445551453152856,0.065,0.9999999282948708,115.53304986112568,16.710923579284074,2026-03-18 23:33:13.551000
XRPUSDT,1592215578.0,1.4644,3.7,,,False,486.8479055721679,0.9997730866003985,57.98688117348488,-0.03439049045134519,0.065,0.9999999283362785,115.26486004856626,16.715888841256646,2026-03-18 23:33:13.551000
XRPUSDT,1592215579.0,1.4644,3.2,,,False,487.0642756351267,0.9997736493292452,57.9955317991392,-0.034325582947290136,0.065,0.9999999283776647,115.34419186718603,16.720854104298517,2026-03-18 23:33:13.551000
XRPUSDT,1592215580.0,1.4644,0.5,,,False,487.28067777305284,0.9997742106628799,58.00418107338503,-0.034260791826314654,0.117,0.9999999284190283,115.42355022389772,16.72581939240956,2026-03-18 23:33:13.668000
XRPUSDT,1592215581.0,1.4644,3.6,,,False,487.4971126794301,0.9997747706047607,58.01282899711128,-0.03419622684939694,0.117,0.9999999284603706,115.3065686358425,16.730784681535397,2026-03-18 23:33:13.668000
XRPUSDT,1592215582.0,1.4644,3.7,,,False,487.71357964994564,0.9997753291583366,58.02147557089153,-0.03413166726128929,0.117,0.9999999285016911,115.583519470007,16.735749971674167,2026-03-18 23:33:13.668000
XRPUSDT,1592215583.0,1.4644,3.6,,,False,487.9300786798501,0.9997758863270482,58.03012079545648,-0.03406722348178495,0.117,0.9999999285429887,115.66295479487371,16.74071526282606,2026-03-18 23:33:13.668000
XRPUSDT,1592215584.0,1.4644,0.3,,,False,488.1466097643959,0.9997764421143273,58.03876467153592,-0.03400289531896605,0.117,0.9999999285842643,115.74241663897881,16.745680554991033,2026-03-18 23:33:13.668000
XRPUSDT,1592215585.0,1.4643,5.0,,,True,488.3157668059253,0.9997768144081338,58.04739665996643,-0.026537754225576048,0.707,0.9999999286118505,20051.746663072438,16.750646117908985,2026-03-18 23:33:14.375000
XRPUSDT,1592215586.0,1.4644,3.2,,,False,488.57977893043716,0.9997775495697618,58.05604838355966,-0.04128044889488226,1.676,0.9999999286667645,-20053.67814020427,16.755612124059393,2026-03-18 23:33:16.051000
XRPUSDT,1592215587.0,1.4644,3.5,,,False,488.7964268788799,0.999778101233223,58.06468822313191,-0.03381382307328988,1.676,0.9999999287080124,13534.74780844641,16.760578129114517,2026-03-18 23:33:16.051000
XRPUSDT,1592215588.0,1.4644,3.7,,,False,489.01310680997415,0.9997786515288956,58.07332671709584,-0.03374993409505283,1.676,0.9999999287492324,116.09936515922085,16.76554413362639,2026-03-18 23:33:16.051000
XRPUSDT,1592215589.0,1.4644,3.7,,,False,489.22981873290837,0.9997792004601693,58.08196386618063,-0.03368616202458592,1.676,0.9999999287904253,116.17496308598668,16.770510137596677,2026-03-18 23:33:16.051000
XRPUSDT,1592215590.0,1.4644,150.0,,,False,489.44656264301426,0.9997797480304252,58.0905996711116,-0.03362250451090916,1.676,0.9999999288315906,116.25451344200029,16.775476141029134,2026-03-18 23:33:16.051000
XRPUSDT,1592215591.0,1.4644,3.5,,,False,489.6633385356245,0.9997802942430366,58.09923413261332,-0.03355896136360961,1.676,0.9999999288727286,116.33409038463942,16.780442143924404,2026-03-18 23:33:16.051000
XRPUSDT,1592215592.0,1.4644,3.7,,,False,489.8801464060742,0.9997808391013682,58.10786725140955,-0.03349553239262525,1.676,0.9999999289138395,116.41369381711263,16.785408146286013,2026-03-18 23:33:16.051000
XRPUSDT,1592215593.0,1.4644,3.6,,,False,490.09698624970014,0.9997813826087762,58.116499028223295,-0.03343221740814216,1.676,0.9999999289549234,116.49332381101846,16.790374148115692,2026-03-18 23:33:16.051000
XRPUSDT,1592215594.0,1.4644,3.6,,,False,490.31385806184176,0.9997819247686086,58.12512946377679,-0.03336901622067477,1.676,0.99999992899598,116.57298031848248,16.795340149413516,2026-03-18 23:33:16.051000
XRPUSDT,1592215595.0,1.4644,3.7,,,False,490.5307618378397,0.9997824655842051,58.13375855879148,-0.03330592864092464,1.676,0.9999999290370094,116.65266341270897,16.80030615018538,2026-03-18 23:33:16.051000
XRPUSDT,1592215596.0,1.4644,12.5,,,False,490.74769757303716,0.9997830050588974,58.14238631398807,-0.03324295447994241,1.676,0.9999999290780116,116.73237296711062,16.805272150430888,2026-03-18 23:33:16.051000
XRPUSDT,1592215597.0,1.4644,2984.9,,,False,490.9646652627791,0.9997835431960084,58.151012730086464,-0.03318009354900271,1.676,0.9999999291189867,116.8121091385079,16.810238150152838,2026-03-18 23:33:16.051000
XRPUSDT,1592215598.0,1.4644,2616.6,,,False,491.18166490241236,0.9997840799988533,58.1596378078058,-0.03311734565967832,1.676,0.9999999291599344,116.89187178196346,16.815204149353946,2026-03-18 23:33:16.051000
XRPUSDT,1592215599.0,1.4644,3.5,,,False,491.39869648728626,0.9997846154707389,58.168261547864475,-0.03305471062383542,1.676,0.999999929200855,116.97166093334414,16.820170148035626,2026-03-18 23:33:16.051000
XRPUSDT,1592215600.0,1.4644,3.5,,,False,491.6157600127513,0.9997851496149636,58.17688395098009,-0.03299218825353752,1.676,0.9999999292417487,117.05147676427259,16.8251361462008,2026-03-18 23:33:16.051000
XRPUSDT,1592215601.0,1.4644,3.5,,,False,491.83285547416085,0.999785682434818,58.18550501786951,-0.032929778361223,1.676,0.9999999292826154,117.13131894796656,16.830102143851313,2026-03-18 23:33:16.051000
XRPUSDT,1592215602.0,1.4644,3.6,,,False,492.04998286686947,0.9997862139335842,58.19412474924879,-0.03286748075950967,1.676,0.9999999293234553,117.21118781948636,16.835068140988852,2026-03-18 23:33:16.051000
XRPUSDT,1592215603.0,1.4644,3.5,,,False,492.26714218623425,0.9997867441145364,58.202743145833296,-0.03280529526136062,1.676,0.9999999293642674,117.29108316313261,16.840034137616264,2026-03-18 23:33:16.051000
XRPUSDT,1592215604.0,1.4645,2984.9,,,False,492.53187293055475,0.99978744656421,58.21137028281336,-0.03987188732241319,1.676,0.9999999294184975,-10059.926463238842,16.84500013380649,2026-03-18 23:33:16.051000
XRPUSDT,1592215605.0,1.4645,3.5,,,False,492.7491031026,0.9997879736889356,58.219985988460444,-0.03265880616078345,1.676,0.9999999294592444,13683.82246592662,16.849966128960077,2026-03-18 23:33:16.051000
XRPUSDT,1592215606.0,1.4645,6.9,,,False,492.96636517291944,0.9997884995066878,58.228600361505606,-0.0325969950770558,1.676,0.9999999294999647,117.55229538315749,16.854932123609764,2026-03-18 23:33:16.051000
XRPUSDT,1592215607.0,1.4645,3.5,,,False,493.1836591503288,0.9997890240207057,58.23721340266388,-0.03253529729990258,1.676,0.9999999295406576,117.62846187017412,16.85989811775986,2026-03-18 23:33:16.051000
XRPUSDT,1592215608.0,1.4645,3.8,,,False,493.40098503019516,0.9997895472342203,58.245825112646656,-0.03247371062416428,1.676,0.9999999295813242,117.70849570361545,16.864864111410366,2026-03-18 23:33:16.051000
XRPUSDT,1592215609.0,1.4645,3.5,,,False,493.6183428078879,0.9997900691504552,58.25443549216461,-0.03241223486445608,1.676,0.9999999296219628,117.78855608955924,16.869830104564908,2026-03-18 23:33:16.051000
XRPUSDT,1592215610.0,1.4645,3.7,,,False,493.8357324787781,0.9997905897726251,58.263044541927606,-0.032350869835756746,1.676,0.999999929662576,117.8686430267125,16.87479609722452,2026-03-18 23:33:16.051000
XRPUSDT,1592215611.0,1.4645,5.2,,,False,494.0531540382389,0.9997911091039379,58.271652262644814,-0.032289615353247314,1.676,0.9999999297031612,117.94875642533377,16.87976208939104,2026-03-18 23:33:16.051000
XRPUSDT,1592215612.0,1.4645,3189.0,,,False,494.2706074816454,0.9997916271475921,58.2802586550246,-0.0322284712324033,1.676,0.99999992974372,118.02889650077282,16.884728081067674,2026-03-18 23:33:16.051000
XRPUSDT,1592215613.0,1.4645,233.3,,,False,494.48809280437473,0.9997921439067797,58.28886371977463,-0.03216743728894425,1.676,0.9999999297842516,118.10906301454122,16.889694072257186,2026-03-18 23:33:16.051000
XRPUSDT,1592215614.0,1.4645,1222.2,,,False,494.70561000180584,0.9997926593846839,58.2974674576018,-0.032106513338924426,1.676,0.9999999298247568,118.18925608758319,16.894660062959424,2026-03-18 23:33:16.051000
XRPUSDT,1592215615.0,1.4645,3.6,,,False,494.92315906931964,0.99979317358448,58.30606986921223,-0.03204569919860021,1.676,0.9999999298652351,118.26947574702386,16.89962605317866,2026-03-18 23:33:16.051000
XRPUSDT,1592215616.0,1.4645,3.6,,,False,495.1407400022993,0.9997936865093362,58.314670955311335,-0.03198499468451737,1.676,0.9999999299056862,118.3497219050283,16.904592042915855,2026-03-18 23:33:16.051000
XRPUSDT,1592215617.0,1.4645,376.0,,,False,495.3583527961295,0.9997941981624121,58.32327071660377,-0.031924399613486296,1.676,0.9999999299461114,118.42999462789874,16.909558032173496,2026-03-18 23:33:16.051000
XRPUSDT,1592215618.0,1.4645,2449.8,,,False,495.57599744619733,0.9997947085468597,58.33186915379343,-0.03186391380259969,1.676,0.9999999299865091,118.51029390049708,16.91452402095207,2026-03-18 23:33:16.051000
XRPUSDT,1592215619.0,1.4645,3.5,,,False,495.79367394789153,0.9997952176658235,58.340466267583494,-0.031803537069208576,0.081,0.9999999300268806,118.59061965517975,16.919489325865143,2026-03-18 23:33:16.132000
XRPUSDT,1592215620.0,1.4645,3.6,,,False,496.0113623010106,0.9997957255224396,58.349062054605554,-0.03174036341742302,0.081,0.9999999300671858,124.39269231420948,16.924454631801023,2026-03-18 23:33:16.132000
XRPUSDT,1592215621.0,1.4645,3.6,,,False,496.22908253445706,0.9997962321198369,58.35765651966001,-0.03168022166250134,0.081,0.9999999301074691,118.71706257177121,16.92941993875789,2026-03-18 23:33:16.132000
XRPUSDT,1592215622.0,1.4645,3.7,,,False,496.4468346435618,0.9997967374611363,58.36624966344763,-0.031620188360578956,0.081,0.999999930147731,118.7975374231626,16.934385246735136,2026-03-18 23:33:16.132000
XRPUSDT,1592215623.0,1.4645,3.7,,,False,496.6646186236574,0.9997972415494509,58.37484148666853,-0.03156026333030315,0.081,0.9999999301879696,118.87803889667369,16.939350555733206,2026-03-18 23:33:16.132000
XRPUSDT,1592215624.0,1.4645,3.7,,,False,496.8824344700785,0.9997977443878863,58.38343199002197,-0.031500446390693736,0.081,0.9999999302281871,118.95856682002467,16.944315865748777,2026-03-18 23:33:16.132000
XRPUSDT,1592215625.0,1.4645,3.7,,,False,497.10028217816165,0.9997982459795404,58.392021174206576,-0.031440737360958516,0.081,0.9999999302683817,119.03912125944929,16.94928117678374,2026-03-18 23:33:16.132000
XRPUSDT,1592215626.0,1.4645,1405.7,,,False,497.3181617432457,0.9997987463275031,58.40060903992018,-0.031381136060683545,0.081,0.9999999303085549,119.11970211679056,16.95424648883656,2026-03-18 23:33:16.132000
XRPUSDT,1592215627.0,1.4645,365.3,,,False,497.53607316067144,0.9997992454348569,58.40919558785991,-0.03132164230963132,0.081,0.9999999303487054,119.20030951595916,16.95921180190386,2026-03-18 23:33:16.132000
XRPUSDT,1592215628.0,1.4645,3.5,,,False,497.7540164257817,0.999799743304677,58.41778081872216,-0.03126225592780988,3.249,0.999999930388834,119.28094336732165,16.96417845035974,2026-03-18 23:33:19.381000
XRPUSDT,1592215629.0,1.4645,30.6,,,False,497.9720306280664,0.9998002399400302,58.42636474098579,-0.03120855447750486,3.249,0.9999999304290158,108.13054278487203,16.96914509690809,2026-03-18 23:33:19.381000
XRPUSDT,1592215630.0,1.4645,119.4,,,False,498.19007659454434,0.9998007353439763,58.43494734750919,-0.031149348931095628,3.692,0.999999930469167,119.50963829971408,16.974111927440784,2026-03-18 23:33:23.073000
XRPUSDT,1592215631.0,1.4645,3.5,,,False,498.40815976829475,0.9998012295195673,58.443528640066006,-0.031091024428471517,3.692,0.9999999305092976,118.02384352016801,16.97907875566847,2026-03-18 23:33:23.073000
XRPUSDT,1592215632.0,1.4645,3.6,,,False,498.6262746868237,0.9998017224698479,58.452108618263416,-0.031032028030017752,3.692,0.9999999305493963,119.68022085827955,16.98404558159625,2026-03-18 23:33:23.073000
XRPUSDT,1592215633.0,1.4645,3.7,,,False,498.8444213456237,0.9998022141978549,58.46068728279446,-0.03097313827453097,3.692,0.9999999305894625,119.76083251497403,16.9890124052325,2026-03-18 23:33:23.073000
XRPUSDT,1592215634.0,1.4645,3.6,,,False,499.0625997401923,0.9998027047066176,58.46926463435146,-0.03091435498350118,3.692,0.9999999306294977,119.84146970999633,16.993979226579743,2026-03-18 23:33:23.073000
XRPUSDT,1592215635.0,1.4645,3.7,,,False,499.2808098660293,0.9998031939991582,58.47784067362606,-0.030855677978135213,3.692,0.9999999306695002,119.92213348395346,16.998946045644352,2026-03-18 23:33:23.073000
XRPUSDT,1592215636.0,1.4645,3.7,,,False,499.4990517186363,0.9998036820784909,58.48641540130911,-0.0307971070798948,3.692,0.9999999307094705,120.00282395297097,17.003912862432873,2026-03-18 23:33:23.073000
XRPUSDT,1592215637.0,1.4645,3.7,,,False,499.7173252935162,0.9998041689476231,58.49498881809074,-0.030738642110489156,3.692,0.9999999307494095,120.08354100735465,17.008879676950038,2026-03-18 23:33:23.073000
XRPUSDT,1592215638.0,1.4645,12.5,,,False,499.93563058617445,0.9998046546095538,58.50356092466044,-0.030680282891992292,3.692,0.9999999307893164,120.16428468292531,17.013846489202322,2026-03-18 23:33:23.073000
XRPUSDT,1592215639.0,1.4645,3.5,,,False,500.1539675921177,0.9998051390672756,58.512131721706886,-0.03062202924657755,3.692,0.9999999308291916,120.24505501733252,17.0188132991934,2026-03-18 23:33:23.073000
XRPUSDT,1592215640.0,1.4645,178.1,,,False,500.3723363068548,0.9998056223237729,58.52070120991807,-0.030563880996826897,3.692,0.9999999308690353,120.32585196459962,17.023780106931433,2026-03-18 23:33:23.073000
XRPUSDT,1592215641.0,1.4645,244.7,,,False,500.5907367258963,0.9998061043820229,58.52926938998128,-0.030505837965512362,0.002,0.999999930908847,120.406675575887,17.02874539610093,2026-03-18 23:33:23.075000
XRPUSDT,1592215642.0,1.4645,3.6,,,False,500.8091243359243,0.999806585244996,58.53783625400325,-0.03044171632694606,0.002,0.9999999309485416,133.3470076766775,17.033710686349945,2026-03-18 23:33:23.075000
XRPUSDT,1592215643.0,1.4645,3.5,,,False,501.0275437258691,0.9998070649156543,58.546401811308435,-0.03038392022950713,0.002,0.9999999309882143,120.49120878738451,17.03867597767647,2026-03-18 23:33:23.075000
XRPUSDT,1592215644.0,1.4646,3.5,,,False,501.2938110160388,0.9998077004330037,58.55497523049735,-0.03692882473938097,0.24,0.9999999310408593,-10298.545768936037,17.0436413673337,2026-03-18 23:33:23.315000
XRPUSDT,1592215645.0,1.4646,6.9,,,False,501.51230377766,0.9998081773385146,58.56353815557799,-0.030248193954145575,0.24,0.9999999310804832,14008.290181399598,17.048606757783023,2026-03-18 23:33:23.315000
XRPUSDT,1592215646.0,1.4646,3.8,,,False,501.7308282970798,0.9998086530615196,58.57209977603955,-0.030190746727396463,0.24,0.9999999311200855,120.75772276440662,17.05357214909521,2026-03-18 23:33:23.315000
XRPUSDT,1592215647.0,1.4646,3.7,,,False,501.9493845714873,0.9998091276049498,58.58066009256502,-0.030133403689316354,0.24,0.9999999311596647,120.8383351841818,17.058537541269256,2026-03-18 23:33:23.315000
XRPUSDT,1592215648.0,1.4646,3.6,,,False,502.1679725962725,0.9998096009717292,58.589219105836236,-0.030076164416198276,0.24,0.9999999311992211,120.91949753143419,17.063502934305653,2026-03-18 23:33:23.315000
XRPUSDT,1592215649.0,1.4646,3.7,,,False,502.386592366827,0.9998100731647737,58.59777681653436,-0.030019028733676206,0.24,0.9999999312387563,121.00068646601731,17.0684683282019,2026-03-18 23:33:23.315000
XRPUSDT,1592215650.0,1.4646,3.7,,,False,502.6052438785451,0.9998105441869928,58.60633322533989,-0.029961996467559343,0.24,0.9999999312782683,121.08190187660233,17.07343372295881,2026-03-18 23:33:23.315000
XRPUSDT,1592215651.0,1.4646,3.6,,,False,502.82392712682247,0.9998110140412886,58.61488833293254,-0.029905067444002016,0.24,0.9999999313177583,121.16314369318962,17.078399118575597,2026-03-18 23:33:23.315000
XRPUSDT,1592215652.0,1.4646,3.7,,,False,503.0426421070572,0.9998114827305559,58.62344213999139,-0.029848241489316286,0.24,0.9999999313572259,121.24441213436563,17.08336451505181,2026-03-18 23:33:23.315000
XRPUSDT,1592215653.0,1.4646,93.7,,,False,503.2613888146491,0.9998119502576821,58.63199464719477,-0.02979151843018077,0.24,0.9999999313966712,121.32570700708352,17.088329912387916,2026-03-18 23:33:23.315000
XRPUSDT,1592215654.0,1.4646,23.2,,,False,503.48016724500013,0.9998124166255479,58.640545855220324,-0.029734898093437045,0.22,0.9999999314360939,121.40702844142662,17.09329530256854,2026-03-18 23:33:23.535000
XRPUSDT,1592215655.0,1.4646,5.7,,,False,503.6989771578468,0.9998128818370269,58.649095764701045,-0.029678348447284973,1.686,0.9999999314754936,121.55685898571785,17.098261279847872,2026-03-18 23:33:25.221000
XRPUSDT,1592215656.0,1.4646,18.8,,,False,503.9178360287886,0.999813345894985,58.65764437956538,-0.02962425961770116,0.095,0.9999999315149039,116.55619439632427,17.1032266217185,2026-03-18 23:33:25.316000
XRPUSDT,1592215657.0,1.4646,257.3,,,False,504.1367078948237,0.9998138088022814,58.66619169379216,-0.029565417499943507,0.996,0.9999999315542528,127.11425855102678,17.108192323495707,2026-03-18 23:33:26.312000
XRPUSDT,1592215658.0,1.4645,3.5,,,True,504.30771145034737,0.9998141188996288,58.67472884116441,-0.02307660915928866,2.0,0.9999999315807588,20925.068840432392,17.11315842458682,2026-03-18 23:33:28.312000
XRPUSDT,1592215659.0,1.4645,3.7,,,True,504.5266620580947,0.9998145798902082,58.683273587941734,-0.029476395431410035,2.0,0.9999999316201146,-13882.683417915568,17.118124525571947,2026-03-18 23:33:28.312000
XRPUSDT,1592215660.0,1.4645,3.7,,,True,504.7456443375174,0.999815039737729,58.69181703952108,-0.029420335703423946,2.0,0.9999999316594439,121.90938397090044,17.123090625879758,2026-03-18 23:33:28.312000
XRPUSDT,1592215661.0,1.4645,3.7,,,True,504.9646582694321,0.9998154984450243,58.70035919657272,-0.029364375661276337,2.0,0.9999999316987459,121.99509954605693,17.12805672551389,2026-03-18 23:33:28.312000
XRPUSDT,1592215662.0,1.4645,3.7,,,True,505.18370384932285,0.9998159560149203,58.70890005976898,-0.029308517105350325,2.0,0.9999999317380217,122.07655355839715,17.133022824475514,2026-03-18 23:33:28.312000
XRPUSDT,1592215663.0,1.4645,3.6,,,True,505.40278107267574,0.9998164124502364,58.71743962978145,-0.029252759864418318,2.0,0.9999999317772699,122.15803415170616,17.137988922768596,2026-03-18 23:33:28.312000
XRPUSDT,1592215664.0,1.4645,3.6,,,True,505.6218899349784,0.999816867753785,58.725977907281056,-0.029197103767496506,2.0,0.999999931816492,122.23954129395392,17.142955020394417,2026-03-18 23:33:28.312000
XRPUSDT,1592215665.0,1.4645,3.5,,,True,505.84103043172064,0.9998173219283711,58.73451489293802,-0.02914154864385754,2.0,0.9999999318556873,122.32107504834921,17.147921117355004,2026-03-18 23:33:28.312000
XRPUSDT,1592215666.0,1.4645,3.5,,,True,506.06020255839394,0.9998177749767929,58.74305058742186,-0.029086094323080548,2.0,0.9999999318948556,122.40263537253928,17.15288721365359,2026-03-18 23:33:28.312000
XRPUSDT,1592215667.0,1.4645,3.5,,,True,506.279406310492,0.9998182269018421,58.75158499140143,-0.029030740634910485,2.0,0.9999999319339967,122.4842222683864,17.157853309293202,2026-03-18 23:33:28.312000
XRPUSDT,1592215668.0,1.4645,3.5,,,True,506.4986416835097,0.9998186777063033,58.76011810554486,-0.02897548740938894,2.0,0.9999999319731125,122.56583569258973,17.162819404274927,2026-03-18 23:33:28.312000
XRPUSDT,1592215669.0,1.4645,3.7,,,True,506.7179086729448,0.9998191273929538,58.76864993051963,-0.028920334476848462,2.0,0.9999999320122009,122.64747570906623,17.167785498601535,2026-03-18 23:33:28.312000
XRPUSDT,1592215670.0,1.4645,3.6,,,True,506.93720727429576,0.9998195759645644,58.77718046699253,-0.028865281667799746,2.0,0.9999999320512629,122.72914233451768,17.172751592277383,2026-03-18 23:33:28.312000
XRPUSDT,1592215671.0,1.4645,3.5,,,True,507.1565374830641,0.9998200234238988,58.78570971562963,-0.02881032881309483,2.0,0.9999999320902982,122.8108354989697,17.177717685301783,2026-03-18 23:33:28.312000
XRPUSDT,1592215672.0,1.4644,3.7,,,True,507.32788839859063,0.9998203231635139,58.79422908282363,-0.02248578177045403,0.015,0.9999999321166121,21100.13733064145,17.182683008726084,2026-03-18 23:33:28.327000
XRPUSDT,1592215673.0,1.4644,3.5,,,True,507.5472521947002,0.9998207687700952,58.80275577380093,-0.02871756945836992,0.015,0.9999999321555624,-13984.954328377837,17.187648333197256,2026-03-18 23:33:28.327000
XRPUSDT,1592215674.0,1.4644,5.2,,,True,507.76664762905074,0.9998212132717499,58.811281178917945,-0.028662896567512575,0.015,0.9999999321944905,122.9981717244517,17.1926136587066,2026-03-18 23:33:28.327000
XRPUSDT,1592215675.0,1.4644,6.9,,,True,507.9860746969689,0.9998216566712168,58.819805298837956,-0.02860832292616662,0.015,0.9999999322333971,123.08007883943581,17.197578985258136,2026-03-18 23:33:28.327000
XRPUSDT,1592215676.0,1.4644,3.6,,,True,508.2055333938909,0.999822098971228,58.828328134223604,-0.028553848380645334,0.015,0.9999999322722822,123.16198088475262,17.20254431284681,2026-03-18 23:33:28.327000
XRPUSDT,1592215677.0,1.4644,3.6,,,True,508.4250237152552,0.9998225401745084,58.83684968573687,-0.02849947276351475,0.015,0.9999999323111458,123.24390941334228,17.207509641472672,2026-03-18 23:33:28.327000
XRPUSDT,1592215678.0,1.4644,3.7,,,True,508.64454565650163,0.9998229802837768,58.84536995403902,-0.028445195907525703,0.015,0.9999999323499872,123.32586448584154,17.212474971136956,2026-03-18 23:33:28.327000
XRPUSDT,1592215679.0,1.4644,3.5,,,True,508.86409921307273,0.9998234193017451,58.85388893979068,-0.028391017645728177,0.015,0.9999999323888072,123.40784593807903,17.217440301835467,2026-03-18 23:33:28.327000
XRPUSDT,1592215680.0,1.4644,3.7,,,True,509.0836843804125,0.9998238572311179,58.86240664365175,-0.028336937811403222,0.015,0.999999932427605,123.48985404536664,17.222405633570773,2026-03-18 23:33:28.327000
XRPUSDT,1592215681.0,1.4644,3.7,,,True,509.30330115396674,0.999824294074594,58.870923066281506,-0.028282956238059223,0.015,0.9999999324663822,123.57188853370657,17.227370966339226,2026-03-18 23:33:28.327000
XRPUSDT,1592215682.0,1.4644,3.5,,,True,509.52294952918396,0.9998247298348649,58.87943820833854,-0.028229072759505487,0.015,0.9999999325051364,123.65394955927003,17.232336300140634,2026-03-18 23:33:28.327000
XRPUSDT,1592215683.0,1.4644,3.5,,,True,509.74262950151393,0.9998251645146153,58.88795207048074,-0.028175287209764206,0.015,0.9999999325438701,123.7360371394784,17.237301634974152,2026-03-18 23:33:28.327000
XRPUSDT,1592215684.0,1.4644,3.5,,,True,509.96234106640907,0.9998255981165239,58.896464653365356,-0.028121599423105586,0.015,0.9999999325825807,123.81815115139467,17.242266970841182,2026-03-18 23:33:28.327000
XRPUSDT,1592215685.0,1.4644,3.6,,,True,510.1820842193228,0.9998260306432626,58.90497595764895,-0.028068009234029592,0.015,0.9999999326212706,123.90029167580911,17.247232307737256,2026-03-18 23:33:28.327000
XRPUSDT,1592215686.0,1.4644,3.7,,,True,510.4018589557114,0.9998264620974959,58.91348598398743,-0.028014516477354375,0.015,0.9999999326599387,123.98245872116273,17.252197645664133,2026-03-18 23:33:28.327000
XRPUSDT,1592215687.0,1.4644,3.5,,,True,510.62166527103267,0.9998268924818827,58.921994733036,-0.027961120988057215,0.015,0.9999999326985849,124.0646522860128,17.257162984619377,2026-03-18 23:33:28.327000
XRPUSDT,1592215688.0,1.4644,21.1,,,False,510.8415031607465,0.9998273217990747,58.93050220544926,-0.02790782260142753,1.054,0.9999999327372092,124.14687233708264,17.262128715240156,2026-03-18 23:33:29.381000
XRPUSDT,1592215689.0,1.4644,70.3,,,False,511.06138416362336,0.9998277500517175,58.93900840386286,-0.027856078706107547,0.137,0.9999999327758337,120.82562989593909,17.267094101919433,2026-03-18 23:33:29.518000
XRPUSDT,1592215690.0,1.4644,3.6,,,False,511.2812865398819,0.9998281772424497,58.94751332519297,-0.02780168377148938,0.147,0.9999999328144146,127.33172919737902,17.272059493270532,2026-03-18 23:33:29.665000
XRPUSDT,1592215691.0,1.4644,3.6,,,False,511.50122058505184,0.9998286033739034,58.95601697186478,-0.027748688611355425,0.147,0.9999999328529745,124.36340866792038,17.277024885538413,2026-03-18 23:33:29.665000
XRPUSDT,1592215692.0,1.4644,3.7,,,False,511.72118618368603,0.9998290284487047,58.964519344511146,-0.027695775896694457,0.147,0.9999999328915117,124.47859648645165,17.281990278722322,2026-03-18 23:33:29.665000
XRPUSDT,1592215693.0,1.4644,3.7,,,False,511.94118333125874,0.9998294524694725,58.973020443783334,-0.027642959469700794,0.147,0.999999932930027,124.5609437100566,17.286955672822568,2026-03-18 23:33:29.665000
XRPUSDT,1592215694.0,1.4644,3.7,,,False,512.1612120232465,0.9998298754388197,58.98152027033189,-0.027590239167095666,0.147,0.9999999329685206,124.6433174234548,17.291921067836004,2026-03-18 23:33:29.665000
XRPUSDT,1592215695.0,1.4644,3.7,,,False,512.3812722551274,0.9998302973593524,58.99001882480678,-0.027537614825837848,0.147,0.9999999330069917,124.72571773335547,17.29688646376529,2026-03-18 23:33:29.665000
XRPUSDT,1592215696.0,1.4644,3.5,,,False,512.601364022382,0.9998307182336706,58.99851610785724,-0.027485086283133252,0.147,0.9999999330454405,124.80814443273825,17.301851860609073,2026-03-18 23:33:29.665000
XRPUSDT,1592215697.0,1.4644,3.6,,,False,512.8214873204921,0.9998311380643677,59.0070121201319,-0.027432653376449217,0.147,0.9999999330838678,124.89059767835928,17.306817258363893,2026-03-18 23:33:29.665000
XRPUSDT,1592215698.0,1.4644,3.7,,,False,513.0416421449419,0.9998315568540305,59.015506862278684,-0.02738031594346481,0.147,0.9999999331222729,124.97307751990778,17.311782657032367,2026-03-18 23:33:29.665000
XRPUSDT,1592215699.0,1.4644,3.5,,,False,513.2618284912176,0.9998319746052395,59.02400033494491,-0.02732807382215395,0.147,0.9999999331606562,125.05558374611024,17.316748056613264,2026-03-18 23:33:29.665000
XRPUSDT,1592215700.0,1.4644,3.5,,,False,513.4820463548068,0.9998323913205688,59.03249253877719,-0.027275926850684744,0.147,0.9999999331990175,125.13811662242007,17.32171345710435,2026-03-18 23:33:29.665000
XRPUSDT,1592215701.0,1.4645,3.5,,,False,513.7505105748563,0.9998329434367259,59.04099150584618,-0.03315172152881358,0.061,0.9999999332497473,-10642.316118241948,17.326678826967875,2026-03-18 23:33:29.726000
XRPUSDT,1592215702.0,1.4645,3.7,,,False,513.9707974388596,0.9998333577496825,59.049481155033234,-0.02715303536538559,0.061,0.999999933288052,14478.635214602078,17.331644197792947,2026-03-18 23:33:29.726000
XRPUSDT,1592215703.0,1.4645,6.9,,,False,514.1911158070287,0.9998337710352825,59.05796953736679,-0.02710120834684933,0.061,0.9999999333263354,125.4024300402634,17.336609569596096,2026-03-18 23:33:29.726000
XRPUSDT,1592215704.0,1.4645,3.7,,,False,514.4114656752735,0.9998341832960721,59.06645665349086,-0.02704947582056881,0.061,0.9999999333645964,125.48495414404879,17.34157494237896,2026-03-18 23:33:29.726000
XRPUSDT,1592215705.0,1.4645,3.7,,,False,514.6318470390886,0.999834594534592,59.07494250404872,-0.026997837574786337,0.061,0.999999933402836,125.56762871953184,17.34654031613681,2026-03-18 23:33:29.726000
XRPUSDT,1592215706.0,1.4645,3.7,,,False,514.8522598939714,0.9998350047533764,59.083427089682964,-0.026946293449251948,0.061,0.9999999334410538,125.65032976627558,17.351505690868965,2026-03-18 23:33:29.726000
XRPUSDT,1592215707.0,1.4645,3.5,,,False,515.0727042354206,0.9998354139549528,59.091910411035585,-0.026894843283970658,0.061,0.9999999334792494,125.7330573693642,17.35647106657851,2026-03-18 23:33:29.726000
XRPUSDT,1592215708.0,1.4645,3.5,,,False,515.293180058937,0.9998358221418429,59.1003924687479,-0.026843486919147747,0.061,0.9999999335174231,125.8158115136228,17.36143644326281,2026-03-18 23:33:29.726000
XRPUSDT,1592215709.0,1.4645,3.5,,,False,515.5136873600234,0.9998362293165616,59.108873263460595,-0.026792224195305143,0.061,0.9999999335555758,125.89859214199754,17.366401820919176,2026-03-18 23:33:29.726000
XRPUSDT,1592215710.0,1.4645,3.7,,,False,515.7342261341844,0.9998366354816183,59.11735279581367,-0.026741054953126307,0.061,0.9999999335937063,125.98139927328,17.371367199549045,2026-03-18 23:33:29.726000
XRPUSDT,1592215711.0,1.4645,3.5,,,False,515.9547963769269,0.9998370406395157,59.12583106644657,-0.02668997903357325,0.061,0.9999999336318143,126.06423291762849,17.376332579150365,2026-03-18 23:33:29.726000
XRPUSDT,1592215712.0,1.4646,3.7,,,False,516.2236858617393,0.9998375774345521,59.1343158965621,-0.032438998260724425,0.049,0.9999999336821744,-10709.896398226347,17.381297955419456,2026-03-18 23:33:29.775000
XRPUSDT,1592215713.0,1.4646,6.9,,,False,516.4443258022136,0.9998379802567047,59.14279162737887,-0.026569717083315982,0.049,0.9999999337202286,14570.403193182427,17.38626333265441,2026-03-18 23:33:29.775000
XRPUSDT,1592215714.0,1.4646,3.8,,,False,516.6649971967307,0.9998383820799845,59.151266098432174,-0.0265189543763801,0.049,0.999999933758261,126.33092575437716,17.391228710867384,2026-03-18 23:33:29.775000
